5.833500e+002,1.202000e+001,5.840800e+002,1.242000e+001
5.464700e+002,6.753000e+001,5.470000e+002,6.763000e+001
5.308400e+002,7.332000e+001,5.310500e+002,7.245000e+001
6.194200e+002,8.160000e+001,6.199500e+002,8.175000e+001
6.194200e+002,8.160000e+001,6.199500e+002,8.175000e+001
4.721900e+002,1.099600e+002,4.727500e+002,1.098300e+002
4.721900e+002,1.099600e+002,4.727500e+002,1.098300e+002
4.744600e+002,1.151400e+002,4.752600e+002,1.150600e+002
9.883000e+001,1.165500e+002,9.971000e+001,1.161300e+002
4.981900e+002,1.247700e+002,4.984400e+002,1.249000e+002
5.266000e+002,1.322900e+002,5.273000e+002,1.323000e+002
3.835800e+002,1.420300e+002,3.836700e+002,1.420800e+002
3.789300e+002,1.482000e+002,3.793500e+002,1.480000e+002
4.749600e+002,1.489500e+002,4.753700e+002,1.488400e+002
4.878200e+002,1.540400e+002,4.875000e+002,1.537300e+002
5.107900e+002,1.574700e+002,5.107200e+002,1.574100e+002
6.035300e+002,1.692800e+002,6.040000e+002,1.694500e+002
3.784800e+002,1.745400e+002,3.785200e+002,1.740900e+002
5.782200e+002,1.820800e+002,5.780800e+002,1.825300e+002
5.737300e+002,1.847800e+002,5.746500e+002,1.847000e+002
6.180600e+002,1.865800e+002,6.180400e+002,1.863000e+002
5.464500e+002,1.886800e+002,5.477500e+002,1.883500e+002
5.927900e+002,1.891100e+002,5.930500e+002,1.892900e+002
6.354300e+002,1.897200e+002,6.348000e+002,1.894900e+002
1.978600e+002,1.971200e+002,1.939500e+002,1.975800e+002
5.559300e+002,1.995300e+002,5.560000e+002,2.001200e+002
5.658800e+002,2.001200e+002,5.657800e+002,1.999000e+002
5.689800e+002,2.020000e+002,5.693900e+002,2.018600e+002
5.643300e+002,2.025400e+002,5.650900e+002,2.023800e+002
5.723800e+002,2.035500e+002,5.723300e+002,2.037400e+002
5.579600e+002,2.061700e+002,5.581800e+002,2.063200e+002
5.579600e+002,2.061700e+002,5.581800e+002,2.063200e+002
6.226700e+002,2.071500e+002,6.226000e+002,2.075900e+002
6.191200e+002,2.093800e+002,6.190500e+002,2.096800e+002
6.191200e+002,2.093800e+002,6.190500e+002,2.096800e+002
6.027500e+002,2.121600e+002,6.029900e+002,2.122800e+002
5.794100e+002,2.160400e+002,5.797500e+002,2.159900e+002
5.883400e+002,2.172800e+002,5.886600e+002,2.172100e+002
6.035200e+002,2.188000e+002,6.044500e+002,2.188900e+002
4.799800e+002,2.206400e+002,4.803200e+002,2.205100e+002
5.484400e+002,2.251800e+002,5.484900e+002,2.260300e+002
4.617300e+002,2.265600e+002,4.615300e+002,2.263300e+002
2.032200e+002,2.447400e+002,2.031600e+002,2.444800e+002
4.834000e+002,2.491300e+002,4.843900e+002,2.489100e+002
2.354300e+002,2.509900e+002,2.359000e+002,2.507300e+002
1.629800e+002,2.582200e+002,1.631700e+002,2.576400e+002
4.432300e+002,2.619100e+002,4.426300e+002,2.624400e+002
3.890900e+002,2.732700e+002,3.884400e+002,2.734600e+002
3.402400e+002,2.836200e+002,3.402100e+002,2.833500e+002
2.775900e+002,2.839000e+002,2.772300e+002,2.833100e+002
1.549300e+002,2.916600e+002,1.545300e+002,2.906200e+002
4.795400e+002,2.918500e+002,4.800600e+002,2.916800e+002
1.595100e+002,3.029900e+002,1.595000e+002,3.027100e+002
1.595100e+002,3.029900e+002,1.595000e+002,3.027100e+002
4.496000e+001,3.311100e+002,4.627000e+001,3.314900e+002
5.678900e+002,3.311500e+002,5.679300e+002,3.312200e+002
5.678900e+002,3.311500e+002,5.679300e+002,3.312200e+002
2.029300e+002,3.414800e+002,2.029100e+002,3.411700e+002
2.070700e+002,3.435900e+002,2.068600e+002,3.430400e+002
1.385200e+002,3.442000e+002,1.379400e+002,3.440600e+002
1.198900e+002,3.450100e+002,1.198500e+002,3.443700e+002
2.006200e+002,3.484300e+002,2.006400e+002,3.480600e+002
1.788300e+002,3.500900e+002,1.790700e+002,3.499900e+002
1.086000e+002,3.512500e+002,1.086800e+002,3.507500e+002
1.086000e+002,3.512500e+002,1.086800e+002,3.507500e+002
1.726600e+002,3.536800e+002,1.720000e+002,3.529000e+002
2.429900e+002,3.594200e+002,2.440800e+002,3.598900e+002
9.347000e+001,3.715300e+002,9.405000e+001,3.706500e+002
6.931000e+001,3.861200e+002,6.976000e+001,3.854000e+002
1.189400e+002,3.903100e+002,1.187100e+002,3.896500e+002
1.746400e+002,3.925800e+002,1.716000e+002,3.943200e+002
5.655000e+001,4.342300e+002,5.644000e+001,4.337000e+002
5.147300e+002,1.459000e+001,5.153900e+002,1.436000e+001
5.263500e+002,3.978000e+001,5.273700e+002,3.950000e+001
5.352500e+002,6.094000e+001,5.357600e+002,6.118000e+001
4.149000e+002,6.705000e+001,4.148800e+002,6.711000e+001
4.149000e+002,6.705000e+001,4.148800e+002,6.711000e+001
5.248700e+002,1.469400e+002,5.259800e+002,1.467500e+002
4.000400e+002,1.508600e+002,4.002400e+002,1.505300e+002
5.852800e+002,1.632500e+002,5.857900e+002,1.632200e+002
3.058600e+002,1.658200e+002,3.065000e+002,1.655200e+002
5.940000e+002,1.704000e+002,5.937200e+002,1.706100e+002
5.855400e+002,1.780400e+002,5.860500e+002,1.780400e+002
3.826100e+002,1.797500e+002,3.832100e+002,1.796500e+002
5.600400e+002,1.913100e+002,5.607000e+002,1.911000e+002
5.680800e+002,2.049900e+002,5.685100e+002,2.053300e+002
2.578800e+002,2.075200e+002,2.585100e+002,2.071400e+002
5.680200e+002,2.092800e+002,5.683800e+002,2.093400e+002
2.641700e+002,2.130000e+002,2.624500e+002,2.113900e+002
6.080900e+002,2.161800e+002,6.090700e+002,2.159900e+002
5.557400e+002,2.190800e+002,5.562900e+002,2.191500e+002
5.998500e+002,2.215300e+002,5.998300e+002,2.220400e+002
4.756200e+002,2.260500e+002,4.759900e+002,2.259200e+002
2.540700e+002,2.281100e+002,2.539500e+002,2.282100e+002
4.918000e+002,2.412000e+002,4.909600e+002,2.413800e+002
2.422300e+002,2.445100e+002,2.424900e+002,2.443700e+002
2.550400e+002,2.504100e+002,2.552500e+002,2.499500e+002
4.582800e+002,2.577100e+002,4.579300e+002,2.576700e+002
1.578600e+002,2.696000e+002,1.574700e+002,2.691800e+002
3.632100e+002,2.891600e+002,3.634800e+002,2.891100e+002
3.563700e+002,2.962900e+002,3.564600e+002,2.961100e+002
4.391100e+002,2.974000e+002,4.389400e+002,2.971200e+002
1.212000e+001,3.019900e+002,1.015000e+001,3.019500e+002
2.097800e+002,3.418700e+002,2.098600e+002,3.413800e+002
1.201200e+002,3.490900e+002,1.199300e+002,3.482700e+002
1.873300e+002,3.495800e+002,1.876700e+002,3.492700e+002
1.873300e+002,3.495800e+002,1.876700e+002,3.492700e+002
1.746700e+002,3.638300e+002,1.738500e+002,3.631400e+002
8.474000e+001,3.662000e+002,8.469000e+001,3.657000e+002
1.148800e+002,3.670000e+002,1.147200e+002,3.663900e+002
9.314000e+001,3.683500e+002,9.323000e+001,3.676000e+002
8.345000e+001,3.783900e+002,8.416000e+001,3.770800e+002
1.264200e+002,3.790600e+002,1.266800e+002,3.789000e+002
8.727000e+001,3.799600e+002,8.730000e+001,3.794800e+002
6.422000e+001,3.859500e+002,6.410000e+001,3.854900e+002
1.298900e+002,3.870100e+002,1.298300e+002,3.862200e+002
1.103900e+002,3.903100e+002,1.105200e+002,3.898900e+002
6.987000e+001,3.907900e+002,6.987000e+001,3.904000e+002
1.448600e+002,3.909200e+002,1.451200e+002,3.898700e+002
4.387000e+001,3.983000e+002,4.331000e+001,3.977600e+002
5.206000e+001,4.021800e+002,5.192000e+001,4.014500e+002
5.206000e+001,4.021800e+002,5.192000e+001,4.014500e+002
1.152400e+002,4.023500e+002,1.156600e+002,4.020300e+002
1.152400e+002,4.023500e+002,1.156600e+002,4.020300e+002
5.649000e+001,4.306700e+002,5.632000e+001,4.300500e+002
5.649000e+001,4.306700e+002,5.632000e+001,4.300500e+002
3.350000e+000,4.320200e+002,2.980000e+000,4.312500e+002
4.480000e+000,4.447700e+002,4.740000e+000,4.441100e+002
1.180000e+001,4.514200e+002,1.168000e+001,4.506600e+002
3.429700e+002,4.694900e+002,3.444800e+002,4.684100e+002
6.038800e+002,5.070000e+000,6.038200e+002,5.010000e+000
5.473800e+002,6.829000e+001,5.470000e+002,6.763000e+001
5.302000e+002,1.295800e+002,5.307500e+002,1.296900e+002
3.879300e+002,1.450900e+002,3.876700e+002,1.449300e+002
6.068900e+002,1.506600e+002,6.073900e+002,1.507400e+002
3.986700e+002,1.545000e+002,3.988400e+002,1.542600e+002
5.243600e+002,1.555000e+002,5.249100e+002,1.554700e+002
5.243600e+002,1.555000e+002,5.249100e+002,1.554700e+002
5.276400e+002,1.679900e+002,5.282000e+002,1.679300e+002
6.106500e+002,1.827000e+002,6.114500e+002,1.826400e+002
5.254100e+002,2.003600e+002,5.258100e+002,2.003700e+002
1.210200e+002,2.810000e+002,1.215700e+002,2.802300e+002
1.210200e+002,2.810000e+002,1.215700e+002,2.802300e+002
3.364900e+002,2.833800e+002,3.362800e+002,2.829200e+002
3.589400e+002,2.887700e+002,3.591400e+002,2.883700e+002
3.831600e+002,3.133600e+002,3.835200e+002,3.136800e+002
1.442700e+002,3.183800e+002,1.432800e+002,3.186400e+002
1.756900e+002,3.276400e+002,1.753800e+002,3.271100e+002
1.809700e+002,3.314700e+002,1.811800e+002,3.314300e+002
1.745000e+002,3.362100e+002,1.742400e+002,3.355500e+002
1.745000e+002,3.362100e+002,1.742400e+002,3.355500e+002
1.669100e+002,3.403000e+002,1.666200e+002,3.399500e+002
1.956400e+002,3.408500e+002,1.953200e+002,3.402600e+002
1.956400e+002,3.408500e+002,1.953200e+002,3.402600e+002
1.816700e+002,3.414800e+002,1.815400e+002,3.410200e+002
1.318700e+002,3.437700e+002,1.318300e+002,3.433300e+002
1.738600e+002,3.457100e+002,1.739000e+002,3.451600e+002
1.892500e+002,3.455600e+002,1.889100e+002,3.450000e+002
2.020700e+002,3.452700e+002,2.016600e+002,3.446100e+002
2.020700e+002,3.452700e+002,2.016600e+002,3.446100e+002
1.440100e+002,3.472600e+002,1.438900e+002,3.467800e+002
1.811400e+002,3.501300e+002,1.809600e+002,3.497700e+002
1.365000e+002,3.517800e+002,1.362600e+002,3.515400e+002
1.077300e+002,3.550800e+002,1.074000e+002,3.546100e+002
1.861100e+002,3.589800e+002,1.860700e+002,3.585200e+002
1.599200e+002,3.649000e+002,1.599800e+002,3.644500e+002
1.185700e+002,3.705000e+002,1.184900e+002,3.699500e+002
1.593000e+002,3.745400e+002,1.599400e+002,3.744700e+002
1.277500e+002,3.747900e+002,1.274700e+002,3.742000e+002
8.905000e+001,3.971100e+002,8.897000e+001,3.963100e+002
8.030000e+001,4.030000e+002,8.049000e+001,4.024200e+002
1.051700e+002,4.033200e+002,1.047900e+002,4.026500e+002
1.140500e+002,4.063800e+002,1.132400e+002,4.058400e+002
2.056000e+001,4.164200e+002,2.094000e+001,4.152200e+002
3.811000e+001,4.257800e+002,3.778000e+001,4.249900e+002
5.993000e+001,4.328100e+002,6.015000e+001,4.324700e+002
5.993000e+001,4.328100e+002,6.015000e+001,4.324700e+002
5.049000e+001,4.395500e+002,5.021000e+001,4.386900e+002
5.983000e+001,4.397000e+002,5.946000e+001,4.390200e+002
5.983000e+001,4.397000e+002,5.946000e+001,4.390200e+002
4.760000e+001,4.483600e+002,4.774000e+001,4.478600e+002
4.024000e+001,4.556100e+002,3.982000e+001,4.548900e+002
3.464000e+001,4.567400e+002,3.412000e+001,4.559900e+002
3.318300e+002,4.715700e+002,3.315300e+002,4.713700e+002
3.318300e+002,4.715700e+002,3.315300e+002,4.713700e+002
5.885000e+002,6.280000e+000,5.893700e+002,6.450000e+000
6.015100e+002,3.197000e+001,6.018600e+002,3.207000e+001
6.015100e+002,3.197000e+001,6.018600e+002,3.207000e+001
6.149700e+002,8.474000e+001,6.158000e+002,8.511000e+001
5.297300e+002,1.355900e+002,5.302700e+002,1.352500e+002
5.297300e+002,1.355900e+002,5.302700e+002,1.352500e+002
5.248700e+002,1.390400e+002,5.259500e+002,1.384700e+002
5.281200e+002,1.590200e+002,5.288000e+002,1.590900e+002
3.805400e+002,1.794800e+002,3.805000e+002,1.791500e+002
3.805400e+002,1.794800e+002,3.805000e+002,1.791500e+002
5.450400e+002,1.933600e+002,5.453900e+002,1.932900e+002
4.650800e+002,2.139200e+002,4.656500e+002,2.139600e+002
2.303800e+002,2.331000e+002,2.313000e+002,2.329600e+002
2.303800e+002,2.331000e+002,2.313000e+002,2.329600e+002
1.782400e+002,2.513500e+002,1.783600e+002,2.510500e+002
4.816700e+002,2.695700e+002,4.817000e+002,2.692600e+002
6.190300e+002,3.168300e+002,6.167100e+002,3.192600e+002
1.390300e+002,3.388600e+002,1.391300e+002,3.384000e+002
1.390300e+002,3.388600e+002,1.391300e+002,3.384000e+002
2.020900e+002,3.514400e+002,2.019400e+002,3.508500e+002
1.504800e+002,3.523700e+002,1.506200e+002,3.520100e+002
1.504800e+002,3.523700e+002,1.506200e+002,3.520100e+002
1.890900e+002,3.543800e+002,1.892600e+002,3.538700e+002
1.129900e+002,3.549300e+002,1.130700e+002,3.543200e+002
1.432100e+002,3.574900e+002,1.432100e+002,3.570100e+002
1.049600e+002,3.599300e+002,1.053100e+002,3.592100e+002
1.808100e+002,3.606400e+002,1.814900e+002,3.603900e+002
9.697000e+001,3.646200e+002,9.695000e+001,3.640600e+002
1.640600e+002,3.715700e+002,1.641200e+002,3.711400e+002
1.427300e+002,3.861900e+002,1.426200e+002,3.856000e+002
1.427300e+002,3.861900e+002,1.426200e+002,3.856000e+002
9.506000e+001,3.868100e+002,9.503000e+001,3.863000e+002
1.239000e+002,3.880600e+002,1.234400e+002,3.873500e+002
1.041200e+002,3.911400e+002,1.042400e+002,3.906500e+002
8.649000e+001,3.924100e+002,8.632000e+001,3.916900e+002
9.548000e+001,3.964100e+002,9.541000e+001,3.958900e+002
7.804000e+001,3.980000e+002,7.799000e+001,3.973900e+002
1.071000e+002,3.988100e+002,1.071900e+002,3.982100e+002
1.071000e+002,3.988100e+002,1.071900e+002,3.982100e+002
4.881000e+001,4.059000e+002,4.855000e+001,4.050800e+002
7.800000e+001,4.077400e+002,7.799000e+001,4.070100e+002
5.938000e+001,4.090600e+002,5.928000e+001,4.084700e+002
5.938000e+001,4.090600e+002,5.928000e+001,4.084700e+002
3.934000e+001,4.117900e+002,3.908000e+001,4.111500e+002
9.260000e+000,4.138700e+002,9.070000e+000,4.131200e+002
6.918000e+001,4.136700e+002,6.860000e+001,4.127800e+002
5.038000e+001,4.148600e+002,5.034000e+001,4.145200e+002
5.933000e+001,4.193700e+002,5.945000e+001,4.187500e+002
4.044000e+001,4.208600e+002,4.029000e+001,4.201500e+002
4.044000e+001,4.208600e+002,4.029000e+001,4.201500e+002
7.129000e+001,4.218600e+002,7.088000e+001,4.213100e+002
6.210000e+001,4.279400e+002,6.182000e+001,4.273200e+002
4.053000e+001,4.317500e+002,4.028000e+001,4.311000e+002
5.316000e+001,4.345300e+002,5.284000e+001,4.337200e+002
3.148000e+001,4.380700e+002,3.111000e+001,4.373500e+002
3.148000e+001,4.380700e+002,3.111000e+001,4.373500e+002
4.339000e+001,4.412000e+002,4.313000e+001,4.404400e+002
3.238000e+001,4.476400e+002,3.210000e+001,4.465400e+002
2.229000e+001,4.660100e+002,2.191000e+001,4.652400e+002
5.242900e+002,4.442000e+001,5.251000e+002,4.433000e+001
5.482100e+002,6.909000e+001,5.493400e+002,6.915000e+001
1.477500e+002,1.255800e+002,1.451900e+002,1.283800e+002
3.864600e+002,1.376700e+002,3.864600e+002,1.377500e+002
6.087600e+002,1.702000e+002,6.095500e+002,1.701600e+002
5.542200e+002,1.770100e+002,5.545900e+002,1.770600e+002
5.619200e+002,1.881700e+002,5.624100e+002,1.882400e+002
5.624500e+002,2.098900e+002,5.626400e+002,2.097100e+002
5.548600e+002,2.254600e+002,5.574100e+002,2.268300e+002
2.246800e+002,2.376500e+002,2.249200e+002,2.373400e+002
2.222800e+002,2.441000e+002,2.225500e+002,2.432200e+002
1.968300e+002,3.129800e+002,1.977200e+002,3.114600e+002
5.822700e+002,3.445400e+002,5.821900e+002,3.447200e+002
1.167000e+002,3.601500e+002,1.167800e+002,3.599100e+002
1.781100e+002,3.672200e+002,1.781400e+002,3.666400e+002
8.996000e+001,3.749100e+002,8.999000e+001,3.741500e+002
1.531200e+002,3.789300e+002,1.535400e+002,3.784100e+002
1.501100e+002,3.860000e+002,1.502900e+002,3.858400e+002
6.444000e+001,3.913400e+002,6.428000e+001,3.906900e+002
1.220900e+002,3.997000e+002,1.220000e+002,3.991100e+002
1.220900e+002,3.997000e+002,1.220000e+002,3.991100e+002
1.192700e+002,4.067900e+002,1.191600e+002,4.062800e+002
3.721000e+001,4.088800e+002,3.683000e+001,4.079500e+002
2.733000e+001,4.145500e+002,2.717000e+001,4.137500e+002
1.763000e+001,4.203800e+002,1.725000e+001,4.197700e+002
2.112000e+001,4.331000e+002,2.103000e+001,4.323800e+002
6.574000e+001,4.371400e+002,6.542000e+001,4.364700e+002
6.382000e+001,4.440700e+002,6.361000e+001,4.433400e+002
5.442000e+001,4.448800e+002,5.438000e+001,4.441000e+002
5.442000e+001,4.448800e+002,5.438000e+001,4.441000e+002
5.116000e+001,4.525000e+002,5.092000e+001,4.519400e+002
4.259000e+001,4.529900e+002,4.259000e+001,4.522900e+002
4.259000e+001,4.529900e+002,4.259000e+001,4.522900e+002
3.893000e+001,4.613500e+002,3.851000e+001,4.603900e+002
5.884100e+002,1.525000e+001,5.892600e+002,1.524000e+001
5.884100e+002,1.525000e+001,5.892600e+002,1.524000e+001
5.168700e+002,2.104000e+001,5.174800e+002,2.098000e+001
5.281400e+002,1.497800e+002,5.287000e+002,1.500600e+002
4.964100e+002,1.553000e+002,4.972000e+002,1.552400e+002
1.758900e+002,2.135600e+002,1.764000e+002,2.131800e+002
1.768000e+002,2.300300e+002,1.769100e+002,2.299200e+002
5.238000e+002,2.307400e+002,5.239000e+002,2.309600e+002
2.496300e+002,2.455000e+002,2.499900e+002,2.451500e+002
2.496300e+002,2.455000e+002,2.499900e+002,2.451500e+002
4.843600e+002,2.895200e+002,4.846100e+002,2.899100e+002
5.426200e+002,3.679200e+002,5.426800e+002,3.680600e+002
5.908700e+002,1.283000e+001,5.908800e+002,1.354000e+001
5.908700e+002,1.283000e+001,5.908800e+002,1.354000e+001
5.186900e+002,5.267000e+001,5.189700e+002,5.235000e+001
1.456300e+002,1.283900e+002,1.451900e+002,1.283800e+002
4.481400e+002,1.464000e+002,4.484300e+002,1.465300e+002
1.725600e+002,1.737000e+002,1.742100e+002,1.719400e+002
3.740500e+002,1.787000e+002,3.747800e+002,1.785300e+002
3.740500e+002,1.787000e+002,3.747800e+002,1.785300e+002
5.722500e+002,1.898600e+002,5.728000e+002,1.898300e+002
1.824100e+002,2.475400e+002,1.827400e+002,2.472200e+002
3.420900e+002,2.793300e+002,3.412500e+002,2.815100e+002
4.354200e+002,3.006400e+002,4.354700e+002,3.005300e+002
1.368000e+002,3.065800e+002,1.367400e+002,3.060200e+002
2.260600e+002,3.134800e+002,2.260200e+002,3.130400e+002
3.869200e+002,3.148200e+002,3.867600e+002,3.147000e+002
5.664000e+001,3.333500e+002,5.692000e+001,3.320000e+002
5.457700e+002,3.504700e+002,5.459400e+002,3.505200e+002
2.313200e+002,3.557700e+002,2.312600e+002,3.557000e+002
1.700500e+002,3.583200e+002,1.698700e+002,3.577400e+002
1.900500e+002,3.681000e+002,1.893400e+002,3.680000e+002
1.900500e+002,3.681000e+002,1.893400e+002,3.680000e+002
6.013000e+002,1.417700e+002,6.015800e+002,1.416700e+002
6.158900e+002,1.427700e+002,6.165000e+002,1.427000e+002
4.734900e+002,1.438900e+002,4.743100e+002,1.437700e+002
5.723000e+002,1.638000e+002,5.729900e+002,1.638800e+002
2.658300e+002,2.096200e+002,2.668100e+002,2.095400e+002
4.542000e+002,2.171500e+002,4.548700e+002,2.173200e+002
4.542000e+002,2.171500e+002,4.548700e+002,2.173200e+002
2.655000e+002,2.248200e+002,2.656500e+002,2.246000e+002
2.492700e+002,2.337000e+002,2.492300e+002,2.334600e+002
2.382900e+002,2.355800e+002,2.383700e+002,2.352200e+002
1.664800e+002,2.717900e+002,1.674200e+002,2.715100e+002
1.424900e+002,2.910300e+002,1.426100e+002,2.905300e+002
3.615700e+002,2.906500e+002,3.614700e+002,2.907300e+002
5.632400e+002,3.429000e+002,5.637300e+002,3.424400e+002
2.199700e+002,3.461300e+002,2.199900e+002,3.457800e+002
1.532800e+002,1.149200e+002,1.535700e+002,1.144700e+002
3.697900e+002,1.422000e+002,3.724700e+002,1.417100e+002
5.660500e+002,1.781800e+002,5.666500e+002,1.782300e+002
4.770300e+002,2.249500e+002,4.773000e+002,2.250100e+002
4.770300e+002,2.249500e+002,4.773000e+002,2.250100e+002
4.933800e+002,2.670300e+002,4.939200e+002,2.670800e+002
1.566100e+002,2.875600e+002,1.570700e+002,2.870300e+002
2.101300e+002,3.131600e+002,2.102300e+002,3.127300e+002
3.453600e+002,3.221800e+002,3.453200e+002,3.225700e+002
1.308400e+002,3.266800e+002,1.306500e+002,3.263000e+002
5.685200e+002,2.006000e+002,5.690300e+002,2.005900e+002
4.670100e+002,2.429500e+002,4.690800e+002,2.432100e+002
1.504200e+002,2.467400e+002,1.505200e+002,2.463800e+002
1.279700e+002,2.726500e+002,1.296900e+002,2.721200e+002
2.519900e+002,3.173900e+002,2.521200e+002,3.170600e+002
2.519900e+002,3.173900e+002,2.521200e+002,3.170600e+002
2.331000e+002,3.330400e+002,2.333400e+002,3.327900e+002
1.107300e+002,3.367100e+002,1.096000e+002,3.370000e+002
4.055700e+002,1.391300e+002,4.060700e+002,1.391300e+002
3.923300e+002,1.664400e+002,3.956200e+002,1.661100e+002
3.419800e+002,1.759300e+002,3.423900e+002,1.756800e+002
4.619100e+002,2.425300e+002,4.616000e+002,2.424600e+002
3.696000e+001,3.435500e+002,3.725000e+001,3.427100e+002
5.675800e+002,4.872000e+001,5.677300e+002,4.891000e+001
5.177600e+002,1.810300e+002,5.159600e+002,1.810100e+002
1.817800e+002,1.903800e+002,1.819800e+002,1.899800e+002
1.817800e+002,1.903800e+002,1.819800e+002,1.899800e+002
2.402500e+002,2.054400e+002,2.404100e+002,2.051800e+002
2.402500e+002,2.054400e+002,2.404100e+002,2.051800e+002
2.764800e+002,2.492100e+002,2.767200e+002,2.489500e+002
1.104300e+002,3.047200e+002,1.105500e+002,3.040700e+002
6.064000e+001,3.193500e+002,6.068000e+001,3.186400e+002
2.516100e+002,3.472400e+002,2.515900e+002,3.469000e+002
1.442700e+002,2.379100e+002,1.459900e+002,2.405000e+002
5.858500e+002,3.032900e+002,5.862000e+002,3.032000e+002
4.981700e+002,1.806600e+002,4.989900e+002,1.806700e+002
3.131600e+002,2.262400e+002,3.145300e+002,2.264400e+002
3.131600e+002,2.262400e+002,3.145300e+002,2.264400e+002
2.192700e+002,2.715800e+002,2.193100e+002,2.711300e+002
4.488700e+002,2.844900e+002,4.482400e+002,2.847100e+002
4.879200e+002,1.803400e+002,4.886600e+002,1.803700e+002
3.335800e+002,2.324800e+002,3.339900e+002,2.322200e+002
4.964300e+002,4.070200e+002,4.963000e+002,4.070300e+002
2.949800e+002,3.126500e+002,2.951000e+002,3.123200e+002
