5.461700e+002,5.925000e+001,0,0,-1.000000e+000,-1.000000e+000
1.597600e+002,6.931000e+001,1,0,1.235200e+002,7.039000e+001
1.323700e+002,7.037000e+001,0,0,-1.000000e+000,-1.000000e+000
6.399000e+001,7.351000e+001,0,0,-1.000000e+000,-1.000000e+000
4.707000e+001,7.451000e+001,0,0,-1.000000e+000,-1.000000e+000
6.940000e+000,7.907000e+001,0,0,-1.000000e+000,-1.000000e+000
1.396500e+002,8.396000e+001,1,0,1.609300e+002,1.320800e+002
1.630300e+002,1.163800e+002,0,0,-1.000000e+000,-1.000000e+000
1.613200e+002,1.286100e+002,0,0,-1.000000e+000,-1.000000e+000
4.760500e+002,1.300700e+002,0,0,-1.000000e+000,-1.000000e+000
4.376000e+002,1.319800e+002,0,0,-1.000000e+000,-1.000000e+000
4.154700e+002,1.359700e+002,0,0,-1.000000e+000,-1.000000e+000
4.371900e+002,1.374200e+002,0,0,-1.000000e+000,-1.000000e+000
1.646700e+002,1.378900e+002,0,0,-1.000000e+000,-1.000000e+000
2.738600e+002,1.459900e+002,0,0,-1.000000e+000,-1.000000e+000
4.947000e+002,1.460400e+002,0,0,-1.000000e+000,-1.000000e+000
2.731600e+002,1.489300e+002,1,0,2.736700e+002,1.517500e+002
1.782000e+002,1.509300e+002,0,0,-1.000000e+000,-1.000000e+000
1.656800e+002,1.512900e+002,0,0,-1.000000e+000,-1.000000e+000
4.977500e+002,1.523900e+002,1,1,5.006800e+002,1.587500e+002
5.038200e+002,1.530600e+002,0,0,-1.000000e+000,-1.000000e+000
3.261500e+002,1.645000e+002,0,0,-1.000000e+000,-1.000000e+000
5.833400e+002,1.648900e+002,0,0,-1.000000e+000,-1.000000e+000
3.123200e+002,1.656900e+002,0,0,-1.000000e+000,-1.000000e+000
2.765400e+002,1.682600e+002,0,0,-1.000000e+000,-1.000000e+000
3.027500e+002,1.686500e+002,0,0,-1.000000e+000,-1.000000e+000
1.670600e+002,1.689000e+002,0,0,-1.000000e+000,-1.000000e+000
2.639300e+002,1.691300e+002,0,0,-1.000000e+000,-1.000000e+000
2.862600e+002,1.698000e+002,1,0,2.776400e+002,1.733800e+002
2.588300e+002,1.719000e+002,0,0,-1.000000e+000,-1.000000e+000
1.648700e+002,1.752300e+002,0,0,-1.000000e+000,-1.000000e+000
2.686600e+002,1.766900e+002,0,0,-1.000000e+000,-1.000000e+000
1.659500e+002,1.861900e+002,1,0,1.610300e+002,1.656600e+002
4.624700e+002,1.935200e+002,0,0,-1.000000e+000,-1.000000e+000
3.291000e+002,1.944300e+002,0,0,-1.000000e+000,-1.000000e+000
6.205500e+002,1.950800e+002,0,0,-1.000000e+000,-1.000000e+000
4.677300e+002,1.997400e+002,0,0,-1.000000e+000,-1.000000e+000
2.883500e+002,2.012000e+002,1,1,2.859100e+002,2.044300e+002
4.624800e+002,2.020700e+002,0,0,-1.000000e+000,-1.000000e+000
4.709600e+002,2.025100e+002,0,0,-1.000000e+000,-1.000000e+000
4.645700e+002,2.057000e+002,0,0,-1.000000e+000,-1.000000e+000
4.760000e+002,2.077200e+002,1,0,4.817400e+002,2.222100e+002
2.731500e+002,2.175800e+002,0,0,-1.000000e+000,-1.000000e+000
2.731500e+002,2.175800e+002,0,0,-1.000000e+000,-1.000000e+000
2.728900e+002,2.215700e+002,0,0,-1.000000e+000,-1.000000e+000
4.883000e+002,2.246900e+002,0,0,-1.000000e+000,-1.000000e+000
2.704300e+002,2.241300e+002,1,1,2.695200e+002,2.268500e+002
2.389900e+002,2.266200e+002,0,0,-1.000000e+000,-1.000000e+000
2.389900e+002,2.266200e+002,0,0,-1.000000e+000,-1.000000e+000
4.773400e+002,2.261600e+002,0,0,-1.000000e+000,-1.000000e+000
2.655300e+002,2.271400e+002,0,0,-1.000000e+000,-1.000000e+000
2.291500e+002,2.275600e+002,1,1,2.286200e+002,2.293100e+002
1.841100e+002,2.309800e+002,1,1,1.816900e+002,2.316200e+002
1.660100e+002,2.344300e+002,0,0,-1.000000e+000,-1.000000e+000
1.568600e+002,2.355400e+002,0,0,-1.000000e+000,-1.000000e+000
1.616700e+002,2.356100e+002,0,0,-1.000000e+000,-1.000000e+000
1.503300e+002,2.361700e+002,0,0,-1.000000e+000,-1.000000e+000
2.726700e+002,2.416900e+002,0,0,-1.000000e+000,-1.000000e+000
2.858200e+002,2.417400e+002,0,0,-1.000000e+000,-1.000000e+000
1.360200e+002,2.474300e+002,0,0,-1.000000e+000,-1.000000e+000
9.413000e+001,2.486300e+002,0,0,-1.000000e+000,-1.000000e+000
3.005000e+001,2.564200e+002,0,0,-1.000000e+000,-1.000000e+000
1.916000e+002,2.593900e+002,0,0,-1.000000e+000,-1.000000e+000
1.916000e+002,2.593900e+002,0,0,-1.000000e+000,-1.000000e+000
1.851900e+002,2.611000e+002,0,0,-1.000000e+000,-1.000000e+000
5.464600e+002,2.724700e+002,0,0,-1.000000e+000,-1.000000e+000
1.412400e+002,2.891100e+002,0,0,-1.000000e+000,-1.000000e+000
2.609000e+002,2.895000e+002,1,1,2.556300e+002,2.907700e+002
1.360400e+002,2.947000e+002,0,0,-1.000000e+000,-1.000000e+000
1.360400e+002,2.947000e+002,0,0,-1.000000e+000,-1.000000e+000
1.974800e+002,2.949700e+002,1,1,1.918600e+002,2.965500e+002
2.037400e+002,3.046400e+002,1,0,2.305400e+002,3.130200e+002
1.333300e+002,3.147600e+002,0,0,-1.000000e+000,-1.000000e+000
1.333300e+002,3.147600e+002,0,0,-1.000000e+000,-1.000000e+000
8.259000e+001,3.165500e+002,0,0,-1.000000e+000,-1.000000e+000
8.259000e+001,3.165500e+002,0,0,-1.000000e+000,-1.000000e+000
9.101000e+001,3.165400e+002,0,0,-1.000000e+000,-1.000000e+000
1.233500e+002,3.177900e+002,0,0,-1.000000e+000,-1.000000e+000
1.233500e+002,3.177900e+002,0,0,-1.000000e+000,-1.000000e+000
2.416400e+002,3.184100e+002,0,0,-1.000000e+000,-1.000000e+000
7.261000e+001,3.195900e+002,0,0,-1.000000e+000,-1.000000e+000
8.121000e+001,3.197000e+002,0,0,-1.000000e+000,-1.000000e+000
3.791000e+002,3.196400e+002,1,1,3.698500e+002,3.257200e+002
7.599000e+001,3.202600e+002,0,0,-1.000000e+000,-1.000000e+000
1.719000e+001,3.237200e+002,0,0,-1.000000e+000,-1.000000e+000
1.264500e+002,3.243900e+002,0,0,-1.000000e+000,-1.000000e+000
1.763000e+001,3.262100e+002,0,0,-1.000000e+000,-1.000000e+000
6.918000e+001,3.270000e+002,0,0,-1.000000e+000,-1.000000e+000
6.918000e+001,3.270000e+002,0,0,-1.000000e+000,-1.000000e+000
1.164300e+002,3.276400e+002,1,1,1.084800e+002,3.277300e+002
5.055000e+001,3.284100e+002,0,0,-1.000000e+000,-1.000000e+000
8.780000e+001,3.285000e+002,1,0,9.086000e+001,3.257400e+002
8.780000e+001,3.285000e+002,0,0,-1.000000e+000,-1.000000e+000
1.859000e+001,3.289900e+002,0,0,-1.000000e+000,-1.000000e+000
3.349600e+002,3.306300e+002,0,0,-1.000000e+000,-1.000000e+000
7.770000e+001,3.315500e+002,0,0,-1.000000e+000,-1.000000e+000
1.395000e+002,3.316600e+002,0,0,-1.000000e+000,-1.000000e+000
9.845000e+001,3.320600e+002,0,0,-1.000000e+000,-1.000000e+000
1.425000e+002,3.325000e+002,0,0,-1.000000e+000,-1.000000e+000
1.515100e+002,3.325400e+002,0,0,-1.000000e+000,-1.000000e+000
1.548500e+002,3.325200e+002,0,0,-1.000000e+000,-1.000000e+000
3.322000e+001,3.338300e+002,0,0,-1.000000e+000,-1.000000e+000
5.197300e+002,3.342300e+002,1,1,5.137100e+002,3.413100e+002
1.321500e+002,3.351600e+002,0,0,-1.000000e+000,-1.000000e+000
1.321500e+002,3.351600e+002,0,0,-1.000000e+000,-1.000000e+000
6.880000e+000,3.355400e+002,0,0,-1.000000e+000,-1.000000e+000
9.105000e+001,3.355100e+002,0,0,-1.000000e+000,-1.000000e+000
1.031100e+002,3.355000e+002,0,0,-1.000000e+000,-1.000000e+000
1.031100e+002,3.355000e+002,0,0,-1.000000e+000,-1.000000e+000
1.139800e+002,3.360300e+002,0,0,-1.000000e+000,-1.000000e+000
4.393000e+001,3.370500e+002,0,0,-1.000000e+000,-1.000000e+000
7.770000e+000,3.386400e+002,0,0,-1.000000e+000,-1.000000e+000
7.770000e+000,3.386400e+002,0,0,-1.000000e+000,-1.000000e+000
7.770000e+000,3.386400e+002,0,0,-1.000000e+000,-1.000000e+000
1.676000e+001,3.383400e+002,0,0,-1.000000e+000,-1.000000e+000
8.051000e+001,3.385100e+002,0,0,-1.000000e+000,-1.000000e+000
1.432900e+002,3.383800e+002,0,0,-1.000000e+000,-1.000000e+000
1.154000e+001,3.393200e+002,0,0,-1.000000e+000,-1.000000e+000
1.464300e+002,3.398200e+002,0,0,-1.000000e+000,-1.000000e+000
1.329900e+002,3.417500e+002,0,0,-1.000000e+000,-1.000000e+000
1.573300e+002,3.420600e+002,0,0,-1.000000e+000,-1.000000e+000
1.470700e+002,3.453700e+002,0,0,-1.000000e+000,-1.000000e+000
6.320000e+001,3.463700e+002,1,1,5.416000e+001,3.449800e+002
2.888100e+002,3.484100e+002,0,0,-1.000000e+000,-1.000000e+000
2.791200e+002,3.490200e+002,0,0,-1.000000e+000,-1.000000e+000
1.774000e+001,3.496400e+002,0,0,-1.000000e+000,-1.000000e+000
2.682300e+002,3.500000e+002,1,0,2.595000e+002,3.536100e+002
2.682300e+002,3.500000e+002,0,0,-1.000000e+000,-1.000000e+000
2.628100e+002,3.504300e+002,1,1,2.537500e+002,3.538100e+002
9.876000e+001,3.508000e+002,0,0,-1.000000e+000,-1.000000e+000
6.460000e+000,3.532300e+002,0,0,-1.000000e+000,-1.000000e+000
6.460000e+000,3.532300e+002,0,0,-1.000000e+000,-1.000000e+000
6.460000e+000,3.532300e+002,0,0,-1.000000e+000,-1.000000e+000
4.849300e+002,3.545500e+002,0,0,-1.000000e+000,-1.000000e+000
2.632000e+001,3.555900e+002,0,0,-1.000000e+000,-1.000000e+000
2.632000e+001,3.555900e+002,0,0,-1.000000e+000,-1.000000e+000
1.054400e+002,3.557400e+002,0,0,-1.000000e+000,-1.000000e+000
1.016100e+002,3.573700e+002,0,0,-1.000000e+000,-1.000000e+000
1.256400e+002,3.577500e+002,0,0,-1.000000e+000,-1.000000e+000
5.380200e+002,3.585200e+002,0,0,-1.000000e+000,-1.000000e+000
5.629000e+001,3.590700e+002,0,0,-1.000000e+000,-1.000000e+000
5.629000e+001,3.590700e+002,0,0,-1.000000e+000,-1.000000e+000
5.629000e+001,3.590700e+002,0,0,-1.000000e+000,-1.000000e+000
1.001600e+002,3.605900e+002,0,0,-1.000000e+000,-1.000000e+000
9.163000e+001,3.616600e+002,0,0,-1.000000e+000,-1.000000e+000
3.370000e+000,3.628000e+002,0,0,-1.000000e+000,-1.000000e+000
3.370000e+000,3.628000e+002,0,0,-1.000000e+000,-1.000000e+000
8.557000e+001,3.629000e+002,0,0,-1.000000e+000,-1.000000e+000
8.557000e+001,3.629000e+002,0,0,-1.000000e+000,-1.000000e+000
5.646000e+001,3.654400e+002,0,0,-1.000000e+000,-1.000000e+000
1.103000e+001,3.662000e+002,0,0,-1.000000e+000,-1.000000e+000
4.084000e+001,3.686200e+002,0,0,-1.000000e+000,-1.000000e+000
4.084000e+001,3.686200e+002,0,0,-1.000000e+000,-1.000000e+000
3.251700e+002,3.712100e+002,0,0,-1.000000e+000,-1.000000e+000
3.170300e+002,3.715100e+002,0,0,-1.000000e+000,-1.000000e+000
5.810000e+001,3.719300e+002,0,0,-1.000000e+000,-1.000000e+000
3.070700e+002,3.720600e+002,0,0,-1.000000e+000,-1.000000e+000
1.062000e+001,3.735600e+002,0,0,-1.000000e+000,-1.000000e+000
1.062000e+001,3.735600e+002,0,0,-1.000000e+000,-1.000000e+000
1.062000e+001,3.735600e+002,0,0,-1.000000e+000,-1.000000e+000
1.771000e+001,3.758800e+002,0,0,-1.000000e+000,-1.000000e+000
1.771000e+001,3.758800e+002,0,0,-1.000000e+000,-1.000000e+000
8.045000e+001,3.881000e+002,1,0,1.077200e+002,3.802800e+002
3.193000e+001,3.882900e+002,0,0,-1.000000e+000,-1.000000e+000
6.534000e+001,3.985000e+002,0,0,-1.000000e+000,-1.000000e+000
4.293000e+001,4.063700e+002,0,0,-1.000000e+000,-1.000000e+000
3.004000e+001,4.084300e+002,0,0,-1.000000e+000,-1.000000e+000
3.004000e+001,4.084300e+002,0,0,-1.000000e+000,-1.000000e+000
1.310000e+001,4.144000e+002,0,0,-1.000000e+000,-1.000000e+000
1.310000e+001,4.144000e+002,0,0,-1.000000e+000,-1.000000e+000
1.553000e+001,4.162900e+002,0,0,-1.000000e+000,-1.000000e+000
1.046000e+001,4.179900e+002,0,0,-1.000000e+000,-1.000000e+000
5.036300e+002,7.604000e+001,0,0,-1.000000e+000,-1.000000e+000
5.029100e+002,8.034000e+001,0,0,-1.000000e+000,-1.000000e+000
1.441100e+002,8.366000e+001,0,0,-1.000000e+000,-1.000000e+000
1.595100e+002,1.061000e+002,1,0,1.589400e+002,1.368200e+002
4.517000e+002,1.340500e+002,0,0,-1.000000e+000,-1.000000e+000
4.571600e+002,1.338600e+002,0,0,-1.000000e+000,-1.000000e+000
4.678300e+002,1.634800e+002,1,1,4.704000e+002,1.700800e+002
6.086700e+002,1.866200e+002,0,0,-1.000000e+000,-1.000000e+000
3.760600e+002,1.935700e+002,1,1,3.750000e+002,1.984200e+002
4.569000e+002,1.960300e+002,0,0,-1.000000e+000,-1.000000e+000
4.659400e+002,1.968500e+002,0,0,-1.000000e+000,-1.000000e+000
2.911600e+002,1.981300e+002,0,0,-1.000000e+000,-1.000000e+000
2.911600e+002,1.981300e+002,0,0,-1.000000e+000,-1.000000e+000
2.889500e+002,2.060100e+002,1,1,2.862900e+002,2.091000e+002
2.870200e+002,2.181600e+002,0,0,-1.000000e+000,-1.000000e+000
4.852900e+002,2.213700e+002,0,0,-1.000000e+000,-1.000000e+000
2.869300e+002,2.310800e+002,1,1,2.846700e+002,2.347800e+002
4.969100e+002,2.337500e+002,0,0,-1.000000e+000,-1.000000e+000
2.933400e+002,2.345100e+002,0,0,-1.000000e+000,-1.000000e+000
4.866300e+002,2.359100e+002,0,0,-1.000000e+000,-1.000000e+000
4.889600e+002,2.452600e+002,0,0,-1.000000e+000,-1.000000e+000
1.394400e+002,2.504700e+002,1,1,1.371200e+002,2.503900e+002
1.961200e+002,2.567100e+002,0,0,-1.000000e+000,-1.000000e+000
1.961200e+002,2.567100e+002,0,0,-1.000000e+000,-1.000000e+000
4.993900e+002,2.624900e+002,1,0,4.904100e+002,2.318400e+002
5.119000e+002,2.765200e+002,0,0,-1.000000e+000,-1.000000e+000
1.961000e+002,2.974000e+002,1,1,1.904800e+002,2.989800e+002
1.909200e+002,3.000600e+002,1,1,1.860100e+002,3.015900e+002
1.435200e+002,3.120100e+002,0,0,-1.000000e+000,-1.000000e+000
1.435200e+002,3.120100e+002,0,0,-1.000000e+000,-1.000000e+000
9.295000e+001,3.136600e+002,0,0,-1.000000e+000,-1.000000e+000
9.295000e+001,3.136600e+002,0,0,-1.000000e+000,-1.000000e+000
3.731600e+002,3.155900e+002,0,0,-1.000000e+000,-1.000000e+000
1.044100e+002,3.161500e+002,0,0,-1.000000e+000,-1.000000e+000
1.044100e+002,3.161500e+002,0,0,-1.000000e+000,-1.000000e+000
1.307100e+002,3.171000e+002,0,0,-1.000000e+000,-1.000000e+000
1.995100e+002,3.174400e+002,0,0,-1.000000e+000,-1.000000e+000
1.433300e+002,3.190600e+002,0,0,-1.000000e+000,-1.000000e+000
1.208100e+002,3.201400e+002,0,0,-1.000000e+000,-1.000000e+000
1.136100e+002,3.213400e+002,0,0,-1.000000e+000,-1.000000e+000
7.079000e+001,3.233400e+002,1,1,6.325000e+001,3.223900e+002
8.038000e+001,3.234000e+002,0,0,-1.000000e+000,-1.000000e+000
7.461000e+001,3.240700e+002,0,0,-1.000000e+000,-1.000000e+000
5.693000e+001,3.242100e+002,0,0,-1.000000e+000,-1.000000e+000
5.693000e+001,3.242100e+002,0,0,-1.000000e+000,-1.000000e+000
5.693000e+001,3.242100e+002,0,0,-1.000000e+000,-1.000000e+000
8.682000e+001,3.250500e+002,0,0,-1.000000e+000,-1.000000e+000
1.503800e+002,3.249900e+002,0,0,-1.000000e+000,-1.000000e+000
1.503800e+002,3.249900e+002,0,0,-1.000000e+000,-1.000000e+000
9.852000e+001,3.256200e+002,0,0,-1.000000e+000,-1.000000e+000
1.026500e+002,3.257100e+002,0,0,-1.000000e+000,-1.000000e+000
4.614000e+001,3.274900e+002,0,0,-1.000000e+000,-1.000000e+000
4.614000e+001,3.274900e+002,0,0,-1.000000e+000,-1.000000e+000
4.614000e+001,3.274900e+002,0,0,-1.000000e+000,-1.000000e+000
3.521000e+001,3.306300e+002,0,0,-1.000000e+000,-1.000000e+000
3.521000e+001,3.306300e+002,0,0,-1.000000e+000,-1.000000e+000
3.521000e+001,3.306300e+002,0,0,-1.000000e+000,-1.000000e+000
4.400000e+001,3.305500e+002,0,0,-1.000000e+000,-1.000000e+000
3.401600e+002,3.302900e+002,0,0,-1.000000e+000,-1.000000e+000
8.160000e+001,3.315800e+002,0,0,-1.000000e+000,-1.000000e+000
2.495000e+001,3.341800e+002,0,0,-1.000000e+000,-1.000000e+000
2.495000e+001,3.341800e+002,1,1,1.712000e+001,3.325400e+002
4.314000e+001,3.343600e+002,0,0,-1.000000e+000,-1.000000e+000
2.869000e+001,3.348500e+002,0,0,-1.000000e+000,-1.000000e+000
5.276800e+002,3.352300e+002,0,0,-1.000000e+000,-1.000000e+000
5.025000e+001,3.360900e+002,0,0,-1.000000e+000,-1.000000e+000
3.194000e+001,3.376200e+002,0,0,-1.000000e+000,-1.000000e+000
1.625000e+001,3.384700e+002,0,0,-1.000000e+000,-1.000000e+000
3.938000e+001,3.392300e+002,0,0,-1.000000e+000,-1.000000e+000
5.130000e+001,3.397400e+002,0,0,-1.000000e+000,-1.000000e+000
5.130000e+001,3.397400e+002,0,0,-1.000000e+000,-1.000000e+000
5.130000e+001,3.397400e+002,0,0,-1.000000e+000,-1.000000e+000
5.290000e+000,3.419000e+002,0,0,-1.000000e+000,-1.000000e+000
1.603800e+002,3.417800e+002,0,0,-1.000000e+000,-1.000000e+000
1.603800e+002,3.417800e+002,0,0,-1.000000e+000,-1.000000e+000
4.769500e+002,3.419200e+002,0,0,-1.000000e+000,-1.000000e+000
1.609000e+001,3.424100e+002,0,0,-1.000000e+000,-1.000000e+000
2.817000e+001,3.425600e+002,0,0,-1.000000e+000,-1.000000e+000
2.817000e+001,3.425600e+002,0,0,-1.000000e+000,-1.000000e+000
1.363200e+002,3.424500e+002,0,0,-1.000000e+000,-1.000000e+000
3.760000e+000,3.461900e+002,0,0,-1.000000e+000,-1.000000e+000
2.925000e+001,3.463700e+002,0,0,-1.000000e+000,-1.000000e+000
2.925000e+001,3.463700e+002,0,0,-1.000000e+000,-1.000000e+000
4.670000e+000,3.496200e+002,0,0,-1.000000e+000,-1.000000e+000
5.025000e+001,3.521600e+002,0,0,-1.000000e+000,-1.000000e+000
5.025000e+001,3.521600e+002,0,0,-1.000000e+000,-1.000000e+000
1.295800e+002,3.521400e+002,0,0,-1.000000e+000,-1.000000e+000
6.728000e+001,3.554500e+002,0,0,-1.000000e+000,-1.000000e+000
5.399300e+002,3.562600e+002,0,0,-1.000000e+000,-1.000000e+000
5.399300e+002,3.562600e+002,0,0,-1.000000e+000,-1.000000e+000
1.480000e+001,3.593000e+002,0,0,-1.000000e+000,-1.000000e+000
4.512000e+001,3.627700e+002,0,0,-1.000000e+000,-1.000000e+000
8.951000e+001,3.646300e+002,1,1,7.934000e+001,3.637900e+002
3.353000e+001,3.662000e+002,0,0,-1.000000e+000,-1.000000e+000
3.353000e+001,3.662000e+002,0,0,-1.000000e+000,-1.000000e+000
7.252000e+001,3.676200e+002,0,0,-1.000000e+000,-1.000000e+000
5.371000e+001,3.679800e+002,0,0,-1.000000e+000,-1.000000e+000
5.371000e+001,3.679800e+002,0,0,-1.000000e+000,-1.000000e+000
5.371000e+001,3.679800e+002,0,0,-1.000000e+000,-1.000000e+000
2.996600e+002,3.694700e+002,1,0,2.897900e+002,3.740200e+002
2.235000e+001,3.698400e+002,0,0,-1.000000e+000,-1.000000e+000
2.958000e+001,3.815400e+002,0,0,-1.000000e+000,-1.000000e+000
2.958000e+001,3.815400e+002,0,0,-1.000000e+000,-1.000000e+000
5.050300e+002,6.768000e+001,0,0,-1.000000e+000,-1.000000e+000
4.917800e+002,1.285900e+002,1,1,4.964700e+002,1.355500e+002
3.790400e+002,1.593600e+002,1,1,3.802600e+002,1.639400e+002
4.401700e+002,1.692200e+002,0,0,-1.000000e+000,-1.000000e+000
4.401700e+002,1.692200e+002,1,0,4.463000e+002,1.772700e+002
6.237400e+002,1.932600e+002,0,0,-1.000000e+000,-1.000000e+000
4.566100e+002,1.961600e+002,0,0,-1.000000e+000,-1.000000e+000
2.418800e+002,2.261800e+002,1,1,2.410000e+002,2.284800e+002
2.477700e+002,2.286500e+002,0,0,-1.000000e+000,-1.000000e+000
2.801300e+002,2.350200e+002,0,0,-1.000000e+000,-1.000000e+000
2.938800e+002,2.405000e+002,1,1,2.895500e+002,2.446700e+002
5.196200e+002,2.580300e+002,1,1,5.169500e+002,2.663200e+002
5.463900e+002,2.682100e+002,0,0,-1.000000e+000,-1.000000e+000
8.325000e+001,3.124800e+002,0,0,-1.000000e+000,-1.000000e+000
1.387600e+002,3.142500e+002,1,1,1.316100e+002,3.145200e+002
3.672600e+002,3.157000e+002,1,1,3.572600e+002,3.211500e+002
1.295800e+002,3.170000e+002,0,0,-1.000000e+000,-1.000000e+000
1.295800e+002,3.170000e+002,0,0,-1.000000e+000,-1.000000e+000
6.195000e+001,3.246600e+002,0,0,-1.000000e+000,-1.000000e+000
1.524900e+002,3.286700e+002,0,0,-1.000000e+000,-1.000000e+000
1.524900e+002,3.286700e+002,0,0,-1.000000e+000,-1.000000e+000
3.292000e+002,3.297500e+002,1,1,3.185200e+002,3.348800e+002
3.292000e+002,3.297500e+002,0,0,-1.000000e+000,-1.000000e+000
4.027000e+001,3.310600e+002,0,0,-1.000000e+000,-1.000000e+000
1.076000e+002,3.334500e+002,0,0,-1.000000e+000,-1.000000e+000
2.245000e+001,3.378300e+002,0,0,-1.000000e+000,-1.000000e+000
2.245000e+001,3.378300e+002,0,0,-1.000000e+000,-1.000000e+000
2.659000e+001,3.378800e+002,0,0,-1.000000e+000,-1.000000e+000
1.409700e+002,3.378000e+002,1,1,1.326200e+002,3.377700e+002
1.645300e+002,3.391000e+002,1,1,1.550700e+002,3.390200e+002
1.463400e+002,3.452400e+002,1,1,1.365000e+002,3.451500e+002
1.675000e+001,3.459500e+002,0,0,-1.000000e+000,-1.000000e+000
1.263800e+002,3.461700e+002,0,0,-1.000000e+000,-1.000000e+000
1.042500e+002,3.497700e+002,0,0,-1.000000e+000,-1.000000e+000
2.753000e+001,3.586100e+002,0,0,-1.000000e+000,-1.000000e+000
2.753000e+001,3.586100e+002,0,0,-1.000000e+000,-1.000000e+000
8.297000e+001,3.665400e+002,0,0,-1.000000e+000,-1.000000e+000
8.297000e+001,3.665400e+002,0,0,-1.000000e+000,-1.000000e+000
8.314000e+001,3.708500e+002,0,0,-1.000000e+000,-1.000000e+000
6.338000e+001,3.721100e+002,1,1,5.253000e+001,3.707700e+002
3.069200e+002,3.747700e+002,1,0,2.961300e+002,3.794900e+002
6.828000e+001,3.757700e+002,0,0,-1.000000e+000,-1.000000e+000
4.949000e+001,3.769300e+002,0,0,-1.000000e+000,-1.000000e+000
4.949000e+001,3.769300e+002,0,0,-1.000000e+000,-1.000000e+000
5.259000e+001,3.809500e+002,0,0,-1.000000e+000,-1.000000e+000
3.969000e+001,3.849900e+002,0,0,-1.000000e+000,-1.000000e+000
5.050900e+002,6.775000e+001,0,0,-1.000000e+000,-1.000000e+000
1.570700e+002,8.725000e+001,1,0,1.554000e+002,8.704000e+001
4.910300e+002,1.280000e+002,0,0,-1.000000e+000,-1.000000e+000
5.043700e+002,1.599600e+002,1,1,5.081600e+002,1.671400e+002
5.984000e+002,1.738100e+002,0,0,-1.000000e+000,-1.000000e+000
6.127500e+002,1.852200e+002,0,0,-1.000000e+000,-1.000000e+000
4.553200e+002,1.915000e+002,0,0,-1.000000e+000,-1.000000e+000
4.553200e+002,1.915000e+002,1,1,4.556200e+002,1.980800e+002
3.657500e+002,1.930100e+002,0,0,-1.000000e+000,-1.000000e+000
2.921400e+002,1.989000e+002,0,0,-1.000000e+000,-1.000000e+000
2.921400e+002,1.989000e+002,0,0,-1.000000e+000,-1.000000e+000
2.745700e+002,2.191400e+002,0,0,-1.000000e+000,-1.000000e+000
2.745700e+002,2.191400e+002,1,1,2.742400e+002,2.223600e+002
2.855200e+002,2.189200e+002,1,1,2.833000e+002,2.216000e+002
2.912200e+002,2.229500e+002,0,0,-1.000000e+000,-1.000000e+000
2.476200e+002,2.289600e+002,0,0,-1.000000e+000,-1.000000e+000
1.851800e+002,2.302000e+002,0,0,-1.000000e+000,-1.000000e+000
2.835900e+002,2.452900e+002,0,0,-1.000000e+000,-1.000000e+000
5.389700e+002,2.731400e+002,0,0,-1.000000e+000,-1.000000e+000
5.389700e+002,2.731400e+002,0,0,-1.000000e+000,-1.000000e+000
1.103700e+002,2.835900e+002,1,1,1.068800e+002,2.829900e+002
4.791600e+002,3.120900e+002,0,0,-1.000000e+000,-1.000000e+000
1.521700e+002,3.181600e+002,0,0,-1.000000e+000,-1.000000e+000
1.426500e+002,3.203100e+002,1,1,1.348700e+002,3.207100e+002
3.320700e+002,3.226800e+002,0,0,-1.000000e+000,-1.000000e+000
1.327300e+002,3.237700e+002,1,1,1.250500e+002,3.241900e+002
1.327300e+002,3.237700e+002,1,1,1.250500e+002,3.241900e+002
1.557300e+002,3.242800e+002,1,1,1.475700e+002,3.249500e+002
3.390300e+002,3.240600e+002,0,0,-1.000000e+000,-1.000000e+000
1.219600e+002,3.262600e+002,1,1,1.140000e+002,3.261100e+002
1.219600e+002,3.262600e+002,1,1,1.140000e+002,3.261100e+002
5.214000e+001,3.272200e+002,1,1,4.421000e+001,3.252800e+002
5.214000e+001,3.272200e+002,1,1,4.421000e+001,3.252800e+002
1.467000e+002,3.276300e+002,0,0,-1.000000e+000,-1.000000e+000
7.332000e+001,3.290600e+002,0,0,-1.000000e+000,-1.000000e+000
1.365100e+002,3.312600e+002,0,0,-1.000000e+000,-1.000000e+000
1.365100e+002,3.312600e+002,0,0,-1.000000e+000,-1.000000e+000
1.078100e+002,3.333500e+002,0,0,-1.000000e+000,-1.000000e+000
1.261600e+002,3.337200e+002,0,0,-1.000000e+000,-1.000000e+000
1.261600e+002,3.337200e+002,0,0,-1.000000e+000,-1.000000e+000
1.507400e+002,3.342700e+002,1,1,1.420900e+002,3.347900e+002
9.757000e+001,3.354200e+002,1,1,8.885000e+001,3.347100e+002
9.757000e+001,3.354200e+002,1,1,8.885000e+001,3.347100e+002
1.407800e+002,3.376500e+002,0,0,-1.000000e+000,-1.000000e+000
1.407800e+002,3.376500e+002,0,0,-1.000000e+000,-1.000000e+000
8.720000e+001,3.387800e+002,1,1,7.839000e+001,3.378400e+002
1.467900e+002,3.395500e+002,0,0,-1.000000e+000,-1.000000e+000
1.467900e+002,3.395500e+002,0,0,-1.000000e+000,-1.000000e+000
1.298900e+002,3.407600e+002,1,1,1.208300e+002,3.408500e+002
1.298900e+002,3.407600e+002,1,1,1.208300e+002,3.408500e+002
1.546100e+002,3.412000e+002,1,1,1.457700e+002,3.422200e+002
1.546100e+002,3.412000e+002,1,1,1.457700e+002,3.422200e+002
1.449600e+002,3.449800e+002,0,0,-1.000000e+000,-1.000000e+000
5.458000e+001,3.474600e+002,1,1,4.555000e+001,3.462500e+002
5.458000e+001,3.474600e+002,0,0,-1.000000e+000,-1.000000e+000
1.345300e+002,3.480700e+002,0,0,-1.000000e+000,-1.000000e+000
1.345300e+002,3.480700e+002,0,0,-1.000000e+000,-1.000000e+000
1.345300e+002,3.480700e+002,0,0,-1.000000e+000,-1.000000e+000
4.317000e+001,3.510700e+002,1,1,3.431000e+001,3.493900e+002
6.101000e+001,3.540200e+002,0,0,-1.000000e+000,-1.000000e+000
6.101000e+001,3.540200e+002,0,0,-1.000000e+000,-1.000000e+000
3.230000e+001,3.548900e+002,1,1,2.290000e+001,3.527000e+002
3.230000e+001,3.548900e+002,1,1,2.290000e+001,3.527000e+002
1.083900e+002,3.567000e+002,1,1,9.839000e+001,3.564200e+002
3.653900e+002,3.570600e+002,1,1,3.560100e+002,3.632900e+002
1.235100e+002,3.576600e+002,0,0,-1.000000e+000,-1.000000e+000
2.083000e+001,3.587300e+002,0,0,-1.000000e+000,-1.000000e+000
9.814000e+001,3.605700e+002,0,0,-1.000000e+000,-1.000000e+000
9.020000e+000,3.617400e+002,0,0,-1.000000e+000,-1.000000e+000
3.887000e+001,3.617900e+002,0,0,-1.000000e+000,-1.000000e+000
3.887000e+001,3.617900e+002,0,0,-1.000000e+000,-1.000000e+000
2.684000e+001,3.653900e+002,0,0,-1.000000e+000,-1.000000e+000
2.684000e+001,3.653900e+002,1,1,1.730000e+001,3.631600e+002
4.695000e+001,3.672600e+002,1,1,3.667000e+001,3.657000e+002
2.383000e+001,3.745000e+002,0,0,-1.000000e+000,-1.000000e+000
1.877000e+001,3.779000e+002,0,0,-1.000000e+000,-1.000000e+000
7.050000e+000,3.818100e+002,0,0,-1.000000e+000,-1.000000e+000
5.478700e+002,1.566000e+002,1,1,5.530200e+002,1.646200e+002
5.812600e+002,1.612100e+002,0,0,-1.000000e+000,-1.000000e+000
5.715100e+002,1.624100e+002,1,1,5.754500e+002,1.722400e+002
4.410300e+002,1.694600e+002,0,0,-1.000000e+000,-1.000000e+000
4.410300e+002,1.694600e+002,0,0,-1.000000e+000,-1.000000e+000
6.160200e+002,1.861700e+002,1,1,6.202600e+002,1.952500e+002
1.825600e+002,1.883800e+002,1,0,1.800500e+002,1.902500e+002
6.234600e+002,2.543300e+002,1,1,6.235500e+002,2.643400e+002
3.226000e+001,2.580700e+002,0,0,-1.000000e+000,-1.000000e+000
2.602600e+002,2.878900e+002,0,0,-1.000000e+000,-1.000000e+000
1.848400e+002,3.010300e+002,1,1,1.775300e+002,3.042500e+002
4.549200e+002,3.141500e+002,0,0,-1.000000e+000,-1.000000e+000
8.411000e+001,3.196200e+002,0,0,-1.000000e+000,-1.000000e+000
8.411000e+001,3.196200e+002,0,0,-1.000000e+000,-1.000000e+000
8.411000e+001,3.196200e+002,0,0,-1.000000e+000,-1.000000e+000
9.299000e+001,3.247100e+002,1,1,8.503000e+001,3.244600e+002
5.828000e+001,3.273600e+002,0,0,-1.000000e+000,-1.000000e+000
4.518000e+001,3.388800e+002,1,1,3.663000e+001,3.374300e+002
8.850000e+000,3.415400e+002,0,0,-1.000000e+000,-1.000000e+000
8.850000e+000,3.415400e+002,0,0,-1.000000e+000,-1.000000e+000
8.850000e+000,3.415400e+002,0,0,-1.000000e+000,-1.000000e+000
3.452000e+001,3.422600e+002,1,1,2.575000e+001,3.406600e+002
2.459000e+001,3.427800e+002,0,0,-1.000000e+000,-1.000000e+000
2.459000e+001,3.427800e+002,0,0,-1.000000e+000,-1.000000e+000
1.615900e+002,3.441100e+002,1,1,1.525600e+002,3.448200e+002
1.156000e+001,3.493600e+002,0,0,-1.000000e+000,-1.000000e+000
1.151900e+002,3.587600e+002,1,1,1.053500e+002,3.586600e+002
1.044400e+002,3.628500e+002,1,1,9.432000e+001,3.620900e+002
8.005000e+001,3.663100e+002,1,1,6.975000e+001,3.651800e+002
6.706000e+001,3.704700e+002,0,0,-1.000000e+000,-1.000000e+000
7.473000e+001,3.719200e+002,1,1,6.395000e+001,3.698100e+002
5.291000e+001,3.750200e+002,1,1,4.260000e+001,3.730100e+002
6.047000e+001,3.768200e+002,1,1,4.986000e+001,3.748700e+002
3.773000e+001,3.797800e+002,0,0,-1.000000e+000,-1.000000e+000
3.773000e+001,3.797800e+002,0,0,-1.000000e+000,-1.000000e+000
4.652000e+001,3.816800e+002,1,1,3.553000e+001,3.796000e+002
2.381000e+001,3.843200e+002,1,1,1.281000e+001,3.818100e+002
2.381000e+001,3.843200e+002,1,1,1.281000e+001,3.818100e+002
3.189000e+001,3.863600e+002,0,0,-1.000000e+000,-1.000000e+000
4.959600e+002,1.421600e+002,0,0,-1.000000e+000,-1.000000e+000
4.908900e+002,1.502700e+002,1,1,4.943700e+002,1.567000e+002
2.868200e+002,2.124400e+002,0,0,-1.000000e+000,-1.000000e+000
2.749100e+002,2.383200e+002,1,1,2.740400e+002,2.413400e+002
2.827800e+002,2.457600e+002,0,0,-1.000000e+000,-1.000000e+000
4.442800e+002,3.152100e+002,1,1,4.357200e+002,3.227200e+002
5.806000e+001,3.361600e+002,1,1,4.966000e+001,3.347900e+002
5.967800e+002,4.410600e+002,0,0,-1.000000e+000,-1.000000e+000
6.061500e+002,4.451200e+002,1,0,5.981400e+002,4.585200e+002
1.533400e+002,9.105000e+001,1,0,1.495600e+002,9.292000e+001
1.533400e+002,9.105000e+001,1,0,1.495600e+002,9.292000e+001
4.961700e+002,1.420600e+002,1,1,4.997400e+002,1.484500e+002
4.902200e+002,1.500000e+002,0,0,-1.000000e+000,-1.000000e+000
5.710300e+002,1.641300e+002,0,0,-1.000000e+000,-1.000000e+000
1.857800e+002,2.071900e+002,1,0,1.825400e+002,2.083300e+002
2.864000e+002,2.121100e+002,0,0,-1.000000e+000,-1.000000e+000
1.873400e+002,2.289000e+002,0,0,-1.000000e+000,-1.000000e+000
2.568300e+002,2.852500e+002,0,0,-1.000000e+000,-1.000000e+000
6.174000e+002,2.903200e+002,1,1,6.171300e+002,3.015100e+002
5.651800e+002,2.974100e+002,0,0,-1.000000e+000,-1.000000e+000
1.169900e+002,3.463600e+002,1,1,1.079500e+002,3.465100e+002
1.169900e+002,3.463600e+002,1,1,1.079500e+002,3.465100e+002
9.099000e+001,3.540700e+002,1,1,8.164000e+001,3.534100e+002
9.099000e+001,3.540700e+002,1,1,8.164000e+001,3.534100e+002
5.010700e+002,3.634900e+002,0,0,-1.000000e+000,-1.000000e+000
6.134800e+002,4.358700e+002,0,0,-1.000000e+000,-1.000000e+000
5.944700e+002,4.406400e+002,0,0,-1.000000e+000,-1.000000e+000
6.063800e+002,4.454100e+002,0,0,-1.000000e+000,-1.000000e+000
1.838200e+002,1.455100e+002,1,0,1.807800e+002,1.464500e+002
6.265500e+002,1.897900e+002,0,0,-1.000000e+000,-1.000000e+000
2.961800e+002,2.021700e+002,0,0,-1.000000e+000,-1.000000e+000
1.632500e+002,2.237700e+002,1,1,1.615200e+002,2.257300e+002
2.882000e+002,2.373300e+002,1,1,2.844400e+002,2.407800e+002
6.258400e+002,2.551200e+002,0,0,-1.000000e+000,-1.000000e+000
2.927400e+002,2.590600e+002,0,0,-1.000000e+000,-1.000000e+000
5.440700e+002,2.693000e+002,0,0,-1.000000e+000,-1.000000e+000
1.350800e+002,2.788400e+002,1,1,1.310800e+002,2.791000e+002
4.458000e+001,2.895500e+002,1,1,4.077000e+001,2.878200e+002
1.964100e+002,3.028200e+002,1,1,1.903800e+002,3.043400e+002
2.083700e+002,3.127000e+002,1,1,2.009700e+002,3.146900e+002
4.905000e+002,3.135700e+002,0,0,-1.000000e+000,-1.000000e+000
5.285200e+002,3.251300e+002,1,1,5.228100e+002,3.340100e+002
4.419500e+002,3.561100e+002,0,0,-1.000000e+000,-1.000000e+000
5.660500e+002,4.580800e+002,0,0,-1.000000e+000,-1.000000e+000
1.636000e+002,7.808000e+001,1,0,1.609000e+002,7.888000e+001
1.636000e+002,7.808000e+001,0,0,-1.000000e+000,-1.000000e+000
1.602400e+002,2.644000e+002,0,0,-1.000000e+000,-1.000000e+000
5.120100e+002,3.154100e+002,1,1,5.038100e+002,3.233700e+002
3.366500e+002,3.253500e+002,1,1,3.264900e+002,3.304400e+002
2.953400e+002,3.621500e+002,1,0,2.861500e+002,3.672400e+002
4.740100e+002,1.429900e+002,1,1,4.783000e+002,1.493400e+002
5.678500e+002,1.694000e+002,1,1,5.722800e+002,1.772400e+002
1.934700e+002,2.438600e+002,1,1,1.915900e+002,2.447200e+002
2.378000e+001,2.926200e+002,1,1,2.023000e+001,2.899200e+002
3.163600e+002,3.029400e+002,0,0,-1.000000e+000,-1.000000e+000
4.475300e+002,3.186500e+002,0,0,-1.000000e+000,-1.000000e+000
2.017500e+002,3.313100e+002,1,1,1.934800e+002,3.327200e+002
2.017500e+002,3.313100e+002,0,0,-1.000000e+000,-1.000000e+000
2.521400e+002,2.803100e+002,1,1,2.479100e+002,2.835700e+002
7.117000e+001,3.076200e+002,0,0,-1.000000e+000,-1.000000e+000
2.273400e+002,3.221000e+002,1,1,2.194000e+002,3.245300e+002
2.273400e+002,3.221000e+002,1,1,2.194000e+002,3.245300e+002
5.801200e+002,4.378900e+002,0,0,-1.000000e+000,-1.000000e+000
5.158300e+002,1.476200e+002,1,1,5.178800e+002,1.552600e+002
1.930800e+002,1.665600e+002,1,0,1.898000e+002,1.679400e+002
1.930800e+002,1.665600e+002,1,0,1.898000e+002,1.679400e+002
4.203800e+002,1.789700e+002,1,1,4.218400e+002,1.845600e+002
5.010500e+002,2.922300e+002,1,1,4.950800e+002,3.006300e+002
5.010500e+002,2.922300e+002,1,1,4.950800e+002,3.006300e+002
5.729400e+002,4.363800e+002,1,0,5.488500e+002,4.636000e+002
5.184600e+002,1.463300e+002,0,0,-1.000000e+000,-1.000000e+000
2.628600e+002,1.988000e+002,1,1,2.609100e+002,2.020400e+002
1.060200e+002,2.712300e+002,1,1,1.021500e+002,2.708200e+002
5.703000e+001,2.771200e+002,1,1,5.385000e+001,2.755700e+002
2.120200e+002,3.561400e+002,1,0,2.029300e+002,3.575700e+002
5.486700e+002,2.881100e+002,1,1,5.459600e+002,2.969800e+002
5.486700e+002,2.881100e+002,0,0,-1.000000e+000,-1.000000e+000
2.267200e+002,2.627200e+002,1,1,2.216100e+002,2.651600e+002
1.436500e+002,3.140200e+002,1,1,1.391500e+002,3.127800e+002
4.710800e+002,3.416400e+002,1,1,4.626500e+002,3.504100e+002
1.398400e+002,3.180700e+002,0,0,-1.000000e+000,-1.000000e+000
2.689900e+002,3.335400e+002,1,1,2.599300e+002,3.379800e+002
3.524200e+002,2.551200e+002,1,1,3.452400e+002,2.601700e+002