5.204300e+002,4.860000e+000,0,0,-1.000000e+000,-1.000000e+000
5.197500e+002,9.710000e+000,0,0,-1.000000e+000,-1.000000e+000
5.174900e+002,2.228000e+001,0,0,-1.000000e+000,-1.000000e+000
6.014200e+002,2.553000e+001,0,0,-1.000000e+000,-1.000000e+000
5.164600e+002,2.875000e+001,0,0,-1.000000e+000,-1.000000e+000
5.146200e+002,4.063000e+001,0,0,-1.000000e+000,-1.000000e+000
5.138000e+002,4.578000e+001,0,0,-1.000000e+000,-1.000000e+000
5.117400e+002,5.951000e+001,0,0,-1.000000e+000,-1.000000e+000
5.132800e+002,6.560000e+001,0,0,-1.000000e+000,-1.000000e+000
5.075800e+002,7.069000e+001,0,0,-1.000000e+000,-1.000000e+000
5.087700e+002,7.848000e+001,0,0,-1.000000e+000,-1.000000e+000
5.081400e+002,8.215000e+001,0,0,-1.000000e+000,-1.000000e+000
5.054400e+002,8.393000e+001,0,0,-1.000000e+000,-1.000000e+000
5.041600e+002,9.204000e+001,0,0,-1.000000e+000,-1.000000e+000
5.059700e+002,9.624000e+001,0,0,-1.000000e+000,-1.000000e+000
5.059700e+002,9.624000e+001,0,0,-1.000000e+000,-1.000000e+000
5.036800e+002,1.092600e+002,0,0,-1.000000e+000,-1.000000e+000
5.025500e+002,1.173500e+002,0,0,-1.000000e+000,-1.000000e+000
5.039800e+002,1.243200e+002,0,0,-1.000000e+000,-1.000000e+000
1.609300e+002,1.320800e+002,0,0,-1.000000e+000,-1.000000e+000
1.589400e+002,1.368200e+002,0,0,-1.000000e+000,-1.000000e+000
1.615800e+002,1.379500e+002,0,0,-1.000000e+000,-1.000000e+000
5.631600e+002,1.409900e+002,0,0,-1.000000e+000,-1.000000e+000
5.438300e+002,1.414000e+002,0,0,-1.000000e+000,-1.000000e+000
3.529400e+002,1.421800e+002,0,0,-1.000000e+000,-1.000000e+000
3.363300e+002,1.429600e+002,0,0,-1.000000e+000,-1.000000e+000
4.400700e+002,1.430000e+002,1,1,4.402000e+002,1.370200e+002
5.709100e+002,1.432900e+002,0,0,-1.000000e+000,-1.000000e+000
5.709100e+002,1.432900e+002,0,0,-1.000000e+000,-1.000000e+000
3.225400e+002,1.438300e+002,0,0,-1.000000e+000,-1.000000e+000
5.655400e+002,1.438400e+002,0,0,-1.000000e+000,-1.000000e+000
5.316300e+002,1.458000e+002,0,0,-1.000000e+000,-1.000000e+000
5.316300e+002,1.458000e+002,0,0,-1.000000e+000,-1.000000e+000
3.125500e+002,1.466400e+002,0,0,-1.000000e+000,-1.000000e+000
2.734800e+002,1.487100e+002,0,0,-1.000000e+000,-1.000000e+000
2.214800e+002,1.516800e+002,0,0,-1.000000e+000,-1.000000e+000
2.736700e+002,1.517500e+002,1,1,2.712000e+002,1.429300e+002
2.000900e+002,1.531000e+002,1,0,1.906200e+002,1.431600e+002
1.831300e+002,1.539600e+002,0,0,-1.000000e+000,-1.000000e+000
5.006800e+002,1.587500e+002,0,0,-1.000000e+000,-1.000000e+000
4.872800e+002,1.593300e+002,0,0,-1.000000e+000,-1.000000e+000
3.786200e+002,1.612100e+002,1,1,3.780500e+002,1.541400e+002
4.276300e+002,1.647700e+002,0,0,-1.000000e+000,-1.000000e+000
1.610300e+002,1.656600e+002,0,0,-1.000000e+000,-1.000000e+000
5.620700e+002,1.662000e+002,0,0,-1.000000e+000,-1.000000e+000
5.804000e+002,1.673400e+002,0,0,-1.000000e+000,-1.000000e+000
3.727800e+002,1.677700e+002,0,0,-1.000000e+000,-1.000000e+000
3.200800e+002,1.683500e+002,1,0,2.771100e+002,1.621900e+002
3.116800e+002,1.689400e+002,0,0,-1.000000e+000,-1.000000e+000
5.834800e+002,1.699700e+002,0,0,-1.000000e+000,-1.000000e+000
2.846700e+002,1.705300e+002,0,0,-1.000000e+000,-1.000000e+000
5.863500e+002,1.722800e+002,0,0,-1.000000e+000,-1.000000e+000
2.776400e+002,1.733800e+002,1,0,2.864100e+002,1.644100e+002
5.893400e+002,1.745300e+002,0,0,-1.000000e+000,-1.000000e+000
2.446500e+002,1.808400e+002,0,0,-1.000000e+000,-1.000000e+000
4.423300e+002,1.808900e+002,0,0,-1.000000e+000,-1.000000e+000
4.457000e+002,1.811400e+002,0,0,-1.000000e+000,-1.000000e+000
2.633100e+002,1.820800e+002,0,0,-1.000000e+000,-1.000000e+000
2.164600e+002,1.826000e+002,0,0,-1.000000e+000,-1.000000e+000
6.292900e+002,1.826300e+002,1,0,6.187700e+002,1.813800e+002
2.503500e+002,1.829300e+002,0,0,-1.000000e+000,-1.000000e+000
5.970300e+002,1.834900e+002,0,0,-1.000000e+000,-1.000000e+000
6.152000e+002,1.833100e+002,0,0,-1.000000e+000,-1.000000e+000
1.624800e+002,1.849600e+002,0,0,-1.000000e+000,-1.000000e+000
2.179600e+002,1.849000e+002,0,0,-1.000000e+000,-1.000000e+000
5.996300e+002,1.855800e+002,0,0,-1.000000e+000,-1.000000e+000
4.501000e+002,1.896800e+002,0,0,-1.000000e+000,-1.000000e+000
6.234300e+002,1.900600e+002,0,0,-1.000000e+000,-1.000000e+000
1.749300e+002,1.952500e+002,0,0,-1.000000e+000,-1.000000e+000
3.278600e+002,1.984600e+002,1,0,3.595500e+002,1.899600e+002
4.115000e+002,1.990000e+002,0,0,-1.000000e+000,-1.000000e+000
6.284000e+002,2.004100e+002,1,1,6.309000e+002,1.988300e+002
6.314200e+002,2.004400e+002,0,0,-1.000000e+000,-1.000000e+000
4.577100e+002,2.017900e+002,0,0,-1.000000e+000,-1.000000e+000
2.859100e+002,2.044300e+002,1,1,2.799200e+002,1.957600e+002
2.469400e+002,2.079800e+002,0,0,-1.000000e+000,-1.000000e+000
1.787600e+002,2.091000e+002,0,0,-1.000000e+000,-1.000000e+000
2.862900e+002,2.091000e+002,0,0,-1.000000e+000,-1.000000e+000
1.761200e+002,2.106800e+002,0,0,-1.000000e+000,-1.000000e+000
2.392200e+002,2.133200e+002,0,0,-1.000000e+000,-1.000000e+000
2.724300e+002,2.205500e+002,0,0,-1.000000e+000,-1.000000e+000
2.724300e+002,2.205500e+002,0,0,-1.000000e+000,-1.000000e+000
4.817400e+002,2.222100e+002,0,0,-1.000000e+000,-1.000000e+000
1.679500e+002,2.247300e+002,0,0,-1.000000e+000,-1.000000e+000
2.695200e+002,2.268500e+002,0,0,-1.000000e+000,-1.000000e+000
4.760400e+002,2.291200e+002,0,0,-1.000000e+000,-1.000000e+000
2.286200e+002,2.293100e+002,1,1,2.231000e+002,2.200000e+002
2.050800e+002,2.309400e+002,0,0,-1.000000e+000,-1.000000e+000
2.440400e+002,2.316900e+002,0,0,-1.000000e+000,-1.000000e+000
4.904100e+002,2.318400e+002,0,0,-1.000000e+000,-1.000000e+000
2.717600e+002,2.347900e+002,0,0,-1.000000e+000,-1.000000e+000
2.755200e+002,2.349500e+002,0,0,-1.000000e+000,-1.000000e+000
1.583300e+002,2.361700e+002,1,1,1.508600e+002,2.255200e+002
1.469800e+002,2.367300e+002,0,0,-1.000000e+000,-1.000000e+000
2.849800e+002,2.374600e+002,0,0,-1.000000e+000,-1.000000e+000
4.927800e+002,2.385900e+002,1,0,5.226400e+002,2.661100e+002
4.971200e+002,2.399000e+002,0,0,-1.000000e+000,-1.000000e+000
4.961800e+002,2.423600e+002,0,0,-1.000000e+000,-1.000000e+000
2.918300e+002,2.439500e+002,0,0,-1.000000e+000,-1.000000e+000
2.895500e+002,2.446700e+002,0,0,-1.000000e+000,-1.000000e+000
4.989900e+002,2.456400e+002,0,0,-1.000000e+000,-1.000000e+000
5.023000e+002,2.459000e+002,0,0,-1.000000e+000,-1.000000e+000
5.009700e+002,2.480300e+002,0,0,-1.000000e+000,-1.000000e+000
1.371200e+002,2.503900e+002,0,0,-1.000000e+000,-1.000000e+000
4.851000e+002,2.511700e+002,0,0,-1.000000e+000,-1.000000e+000
5.118000e+002,2.601900e+002,0,0,-1.000000e+000,-1.000000e+000
1.860600e+002,2.624300e+002,0,0,-1.000000e+000,-1.000000e+000
1.860600e+002,2.624300e+002,0,0,-1.000000e+000,-1.000000e+000
5.942400e+002,2.630500e+002,0,0,-1.000000e+000,-1.000000e+000
5.169500e+002,2.663200e+002,0,0,-1.000000e+000,-1.000000e+000
5.660000e+002,2.676000e+002,0,0,-1.000000e+000,-1.000000e+000
4.973100e+002,2.685400e+002,0,0,-1.000000e+000,-1.000000e+000
1.594200e+002,2.750300e+002,0,0,-1.000000e+000,-1.000000e+000
1.564700e+002,2.781100e+002,0,0,-1.000000e+000,-1.000000e+000
5.406300e+002,2.806800e+002,1,1,5.351400e+002,2.782800e+002
1.444700e+002,2.827800e+002,0,0,-1.000000e+000,-1.000000e+000
1.647000e+002,2.944400e+002,0,0,-1.000000e+000,-1.000000e+000
1.749500e+002,2.955000e+002,0,0,-1.000000e+000,-1.000000e+000
1.918600e+002,2.965500e+002,0,0,-1.000000e+000,-1.000000e+000
1.522500e+002,2.980300e+002,0,0,-1.000000e+000,-1.000000e+000
1.489900e+002,3.013900e+002,1,1,1.396900e+002,2.908300e+002
1.489900e+002,3.013900e+002,1,1,1.396900e+002,2.908300e+002
2.114100e+002,3.033300e+002,0,0,-1.000000e+000,-1.000000e+000
1.206700e+002,3.053800e+002,0,0,-1.000000e+000,-1.000000e+000
1.206700e+002,3.053800e+002,0,0,-1.000000e+000,-1.000000e+000
1.107300e+002,3.083600e+002,0,0,-1.000000e+000,-1.000000e+000
1.107300e+002,3.083600e+002,0,0,-1.000000e+000,-1.000000e+000
9.557000e+001,3.110300e+002,0,0,-1.000000e+000,-1.000000e+000
2.271900e+002,3.127200e+002,1,0,2.136500e+002,3.004900e+002
2.305400e+002,3.130200e+002,0,0,-1.000000e+000,-1.000000e+000
1.236800e+002,3.168000e+002,0,0,-1.000000e+000,-1.000000e+000
1.915500e+002,3.176200e+002,0,0,-1.000000e+000,-1.000000e+000
4.491300e+002,3.176500e+002,0,0,-1.000000e+000,-1.000000e+000
4.284500e+002,3.182500e+002,0,0,-1.000000e+000,-1.000000e+000
3.640600e+002,3.186400e+002,0,0,-1.000000e+000,-1.000000e+000
3.730100e+002,3.186600e+002,0,0,-1.000000e+000,-1.000000e+000
3.880500e+002,3.185000e+002,0,0,-1.000000e+000,-1.000000e+000
6.525000e+001,3.191100e+002,0,0,-1.000000e+000,-1.000000e+000
3.032000e+002,3.188900e+002,0,0,-1.000000e+000,-1.000000e+000
2.218000e+001,3.195000e+002,0,0,-1.000000e+000,-1.000000e+000
3.329200e+002,3.200700e+002,1,0,2.957400e+002,3.117800e+002
4.516500e+002,3.197900e+002,0,0,-1.000000e+000,-1.000000e+000
8.886000e+001,3.214500e+002,0,0,-1.000000e+000,-1.000000e+000
1.059300e+002,3.216600e+002,0,0,-1.000000e+000,-1.000000e+000
1.286400e+002,3.216300e+002,0,0,-1.000000e+000,-1.000000e+000
1.031600e+002,3.225100e+002,0,0,-1.000000e+000,-1.000000e+000
6.690000e+000,3.239700e+002,0,0,-1.000000e+000,-1.000000e+000
1.185500e+002,3.247700e+002,0,0,-1.000000e+000,-1.000000e+000
1.158900e+002,3.253000e+002,0,0,-1.000000e+000,-1.000000e+000
3.698500e+002,3.257200e+002,0,0,-1.000000e+000,-1.000000e+000
1.084800e+002,3.277300e+002,0,0,-1.000000e+000,-1.000000e+000
9.280000e+001,3.311100e+002,0,0,-1.000000e+000,-1.000000e+000
1.219900e+002,3.319600e+002,0,0,-1.000000e+000,-1.000000e+000
1.712000e+001,3.325400e+002,0,0,-1.000000e+000,-1.000000e+000
1.712000e+001,3.325400e+002,0,0,-1.000000e+000,-1.000000e+000
4.723800e+002,3.326000e+002,1,1,4.627200e+002,3.292000e+002
1.466100e+002,3.339300e+002,0,0,-1.000000e+000,-1.000000e+000
4.348100e+002,3.339200e+002,0,0,-1.000000e+000,-1.000000e+000
8.269000e+001,3.349600e+002,0,0,-1.000000e+000,-1.000000e+000
4.739400e+002,3.349900e+002,0,0,-1.000000e+000,-1.000000e+000
1.356800e+002,3.358400e+002,0,0,-1.000000e+000,-1.000000e+000
1.444300e+002,3.353400e+002,0,0,-1.000000e+000,-1.000000e+000
3.298100e+002,3.362500e+002,0,0,-1.000000e+000,-1.000000e+000
5.137600e+002,3.409900e+002,0,0,-1.000000e+000,-1.000000e+000
5.110500e+002,3.423100e+002,0,0,-1.000000e+000,-1.000000e+000
5.416000e+001,3.449800e+002,0,0,-1.000000e+000,-1.000000e+000
1.528400e+002,3.464700e+002,0,0,-1.000000e+000,-1.000000e+000
5.090300e+002,3.509000e+002,0,0,-1.000000e+000,-1.000000e+000
9.012000e+001,3.517000e+002,0,0,-1.000000e+000,-1.000000e+000
2.595000e+002,3.536100e+002,0,0,-1.000000e+000,-1.000000e+000
2.537500e+002,3.538100e+002,0,0,-1.000000e+000,-1.000000e+000
5.079500e+002,3.552200e+002,0,0,-1.000000e+000,-1.000000e+000
5.104900e+002,3.550100e+002,0,0,-1.000000e+000,-1.000000e+000
9.194000e+001,3.568200e+002,0,0,-1.000000e+000,-1.000000e+000
3.383000e+001,3.572600e+002,0,0,-1.000000e+000,-1.000000e+000
3.383000e+001,3.572600e+002,0,0,-1.000000e+000,-1.000000e+000
4.413100e+002,3.579700e+002,0,0,-1.000000e+000,-1.000000e+000
7.441000e+001,3.586600e+002,0,0,-1.000000e+000,-1.000000e+000
5.334600e+002,3.604800e+002,1,1,5.248200e+002,3.567100e+002
1.664400e+002,3.611600e+002,0,0,-1.000000e+000,-1.000000e+000
8.199000e+001,3.619800e+002,0,0,-1.000000e+000,-1.000000e+000
1.632000e+002,3.623300e+002,0,0,-1.000000e+000,-1.000000e+000
5.354500e+002,3.631500e+002,0,0,-1.000000e+000,-1.000000e+000
1.600100e+002,3.636000e+002,0,0,-1.000000e+000,-1.000000e+000
5.023200e+002,3.681000e+002,0,0,-1.000000e+000,-1.000000e+000
1.386500e+002,3.704000e+002,0,0,-1.000000e+000,-1.000000e+000
4.754800e+002,3.702600e+002,0,0,-1.000000e+000,-1.000000e+000
3.788000e+001,3.714300e+002,0,0,-1.000000e+000,-1.000000e+000
3.788000e+001,3.714300e+002,0,0,-1.000000e+000,-1.000000e+000
2.897900e+002,3.740200e+002,0,0,-1.000000e+000,-1.000000e+000
5.440900e+002,3.752600e+002,0,0,-1.000000e+000,-1.000000e+000
1.077200e+002,3.802800e+002,0,0,-1.000000e+000,-1.000000e+000
5.450500e+002,3.861400e+002,0,0,-1.000000e+000,-1.000000e+000
5.537000e+002,3.888000e+002,0,0,-1.000000e+000,-1.000000e+000
5.699700e+002,4.113800e+002,0,0,-1.000000e+000,-1.000000e+000
5.488500e+002,4.636000e+002,0,0,-1.000000e+000,-1.000000e+000
4.842000e+002,4.740300e+002,1,0,5.200900e+002,4.686800e+002
4.810400e+002,4.745300e+002,0,0,-1.000000e+000,-1.000000e+000
5.190300e+002,1.377000e+001,0,0,-1.000000e+000,-1.000000e+000
5.184100e+002,1.802000e+001,0,0,-1.000000e+000,-1.000000e+000
5.197300e+002,2.912000e+001,0,0,-1.000000e+000,-1.000000e+000
5.162000e+002,3.179000e+001,1,0,5.190300e+002,2.504000e+001
5.155500e+002,3.629000e+001,0,0,-1.000000e+000,-1.000000e+000
5.097200e+002,5.402000e+001,0,0,-1.000000e+000,-1.000000e+000
2.998800e+002,6.994000e+001,0,0,-1.000000e+000,-1.000000e+000
2.998800e+002,6.994000e+001,0,0,-1.000000e+000,-1.000000e+000
1.235200e+002,7.039000e+001,0,0,-1.000000e+000,-1.000000e+000
1.667100e+002,7.279000e+001,1,0,1.600900e+002,6.130000e+001
5.095000e+002,7.280000e+001,1,0,5.114500e+002,6.736000e+001
6.068000e+001,7.556000e+001,0,0,-1.000000e+000,-1.000000e+000
4.534000e+001,7.620000e+001,0,0,-1.000000e+000,-1.000000e+000
3.944000e+001,7.645000e+001,0,0,-1.000000e+000,-1.000000e+000
1.557800e+002,8.363000e+001,0,0,-1.000000e+000,-1.000000e+000
5.075700e+002,8.616000e+001,0,0,-1.000000e+000,-1.000000e+000
1.488000e+002,8.710000e+001,0,0,-1.000000e+000,-1.000000e+000
1.554000e+002,8.704000e+001,0,0,-1.000000e+000,-1.000000e+000
1.554000e+002,8.704000e+001,0,0,-1.000000e+000,-1.000000e+000
5.063900e+002,1.110600e+002,0,0,-1.000000e+000,-1.000000e+000
6.302400e+002,1.339700e+002,1,1,6.353200e+002,1.311200e+002
6.302400e+002,1.339700e+002,1,1,6.353200e+002,1.311200e+002
4.964700e+002,1.355500e+002,0,0,-1.000000e+000,-1.000000e+000
5.191200e+002,1.420200e+002,0,0,-1.000000e+000,-1.000000e+000
5.777500e+002,1.432600e+002,0,0,-1.000000e+000,-1.000000e+000
5.777500e+002,1.432600e+002,0,0,-1.000000e+000,-1.000000e+000
5.345400e+002,1.456400e+002,1,0,5.352900e+002,1.416800e+002
5.345400e+002,1.456400e+002,0,0,-1.000000e+000,-1.000000e+000
1.630900e+002,1.566800e+002,0,0,-1.000000e+000,-1.000000e+000
5.035400e+002,1.569600e+002,0,0,-1.000000e+000,-1.000000e+000
1.634800e+002,1.631600e+002,0,0,-1.000000e+000,-1.000000e+000
5.763600e+002,1.681000e+002,0,0,-1.000000e+000,-1.000000e+000
4.990700e+002,1.685800e+002,1,1,4.993800e+002,1.639700e+002
4.704000e+002,1.700800e+002,1,1,4.699500e+002,1.650500e+002
4.401300e+002,1.744700e+002,1,1,4.382200e+002,1.685800e+002
5.936200e+002,1.774400e+002,0,0,-1.000000e+000,-1.000000e+000
2.041200e+002,1.834600e+002,0,0,-1.000000e+000,-1.000000e+000
2.027600e+002,1.863000e+002,0,0,-1.000000e+000,-1.000000e+000
4.542600e+002,1.902100e+002,0,0,-1.000000e+000,-1.000000e+000
4.570700e+002,1.934900e+002,0,0,-1.000000e+000,-1.000000e+000
6.145500e+002,1.934300e+002,1,1,6.154700e+002,1.912100e+002
3.750000e+002,1.984200e+002,0,0,-1.000000e+000,-1.000000e+000
6.210100e+002,1.984000e+002,0,0,-1.000000e+000,-1.000000e+000
4.324100e+002,1.989900e+002,0,0,-1.000000e+000,-1.000000e+000
3.299800e+002,2.011000e+002,0,0,-1.000000e+000,-1.000000e+000
6.279100e+002,2.034600e+002,1,1,6.289300e+002,2.021000e+002
2.019200e+002,2.167300e+002,0,0,-1.000000e+000,-1.000000e+000
1.680500e+002,2.200000e+002,0,0,-1.000000e+000,-1.000000e+000
2.494000e+002,2.281500e+002,0,0,-1.000000e+000,-1.000000e+000
1.654300e+002,2.298200e+002,0,0,-1.000000e+000,-1.000000e+000
2.846700e+002,2.347800e+002,0,0,-1.000000e+000,-1.000000e+000
1.530700e+002,2.364000e+002,0,0,-1.000000e+000,-1.000000e+000
2.827700e+002,2.476400e+002,0,0,-1.000000e+000,-1.000000e+000
6.332500e+002,2.620500e+002,0,0,-1.000000e+000,-1.000000e+000
1.524600e+002,2.784200e+002,0,0,-1.000000e+000,-1.000000e+000
1.589300e+002,2.805300e+002,0,0,-1.000000e+000,-1.000000e+000
5.345400e+002,2.825900e+002,1,1,5.295400e+002,2.798200e+002
5.345400e+002,2.825900e+002,1,1,5.295400e+002,2.798200e+002
1.279700e+002,2.899500e+002,1,1,1.200800e+002,2.787500e+002
2.859500e+002,2.939500e+002,0,0,-1.000000e+000,-1.000000e+000
1.904800e+002,2.989800e+002,0,0,-1.000000e+000,-1.000000e+000
1.860100e+002,3.015900e+002,1,1,1.787900e+002,2.912000e+002
1.305700e+002,3.029200e+002,0,0,-1.000000e+000,-1.000000e+000
1.305700e+002,3.029200e+002,0,0,-1.000000e+000,-1.000000e+000
1.365700e+002,3.131800e+002,0,0,-1.000000e+000,-1.000000e+000
1.365700e+002,3.131800e+002,0,0,-1.000000e+000,-1.000000e+000
8.582000e+001,3.133400e+002,0,0,-1.000000e+000,-1.000000e+000
8.582000e+001,3.133400e+002,0,0,-1.000000e+000,-1.000000e+000
7.537000e+001,3.162100e+002,0,0,-1.000000e+000,-1.000000e+000
7.537000e+001,3.162100e+002,0,0,-1.000000e+000,-1.000000e+000
1.262800e+002,3.157400e+002,1,1,1.158400e+002,3.047400e+002
1.262800e+002,3.157400e+002,0,0,-1.000000e+000,-1.000000e+000
4.863200e+002,3.183900e+002,0,0,-1.000000e+000,-1.000000e+000
4.717500e+002,3.192800e+002,0,0,-1.000000e+000,-1.000000e+000
1.931800e+002,3.199700e+002,0,0,-1.000000e+000,-1.000000e+000
3.572600e+002,3.211500e+002,0,0,-1.000000e+000,-1.000000e+000
4.939000e+001,3.232200e+002,0,0,-1.000000e+000,-1.000000e+000
4.939000e+001,3.232200e+002,0,0,-1.000000e+000,-1.000000e+000
6.325000e+001,3.223900e+002,0,0,-1.000000e+000,-1.000000e+000
5.342000e+001,3.233500e+002,0,0,-1.000000e+000,-1.000000e+000
1.044000e+001,3.239100e+002,0,0,-1.000000e+000,-1.000000e+000
1.044000e+001,3.239100e+002,0,0,-1.000000e+000,-1.000000e+000
5.196400e+002,3.241900e+002,0,0,-1.000000e+000,-1.000000e+000
4.355100e+002,3.250400e+002,0,0,-1.000000e+000,-1.000000e+000
3.855000e+001,3.261800e+002,0,0,-1.000000e+000,-1.000000e+000
3.855000e+001,3.261800e+002,0,0,-1.000000e+000,-1.000000e+000
9.086000e+001,3.257400e+002,0,0,-1.000000e+000,-1.000000e+000
9.086000e+001,3.257400e+002,0,0,-1.000000e+000,-1.000000e+000
1.399400e+002,3.275200e+002,0,0,-1.000000e+000,-1.000000e+000
2.762000e+001,3.290600e+002,0,0,-1.000000e+000,-1.000000e+000
2.762000e+001,3.290600e+002,0,0,-1.000000e+000,-1.000000e+000
6.973000e+001,3.313000e+002,0,0,-1.000000e+000,-1.000000e+000
6.973000e+001,3.313000e+002,0,0,-1.000000e+000,-1.000000e+000
9.752000e+001,3.329100e+002,0,0,-1.000000e+000,-1.000000e+000
3.490000e+000,3.364500e+002,0,0,-1.000000e+000,-1.000000e+000
4.294000e+001,3.390000e+002,0,0,-1.000000e+000,-1.000000e+000
1.228900e+002,3.410800e+002,0,0,-1.000000e+000,-1.000000e+000
3.176000e+001,3.416900e+002,0,0,-1.000000e+000,-1.000000e+000
3.176000e+001,3.416900e+002,0,0,-1.000000e+000,-1.000000e+000
4.924900e+002,3.423300e+002,0,0,-1.000000e+000,-1.000000e+000
4.924900e+002,3.423300e+002,0,0,-1.000000e+000,-1.000000e+000
5.137100e+002,3.413100e+002,0,0,-1.000000e+000,-1.000000e+000
2.061000e+001,3.447800e+002,0,0,-1.000000e+000,-1.000000e+000
5.144000e+001,3.450700e+002,0,0,-1.000000e+000,-1.000000e+000
5.144000e+001,3.450700e+002,0,0,-1.000000e+000,-1.000000e+000
4.004000e+001,3.476800e+002,0,0,-1.000000e+000,-1.000000e+000
4.004000e+001,3.476800e+002,0,0,-1.000000e+000,-1.000000e+000
2.884000e+001,3.512400e+002,0,0,-1.000000e+000,-1.000000e+000
2.884000e+001,3.512400e+002,0,0,-1.000000e+000,-1.000000e+000
5.741000e+001,3.533600e+002,0,0,-1.000000e+000,-1.000000e+000
1.733000e+001,3.538500e+002,0,0,-1.000000e+000,-1.000000e+000
1.733000e+001,3.538500e+002,0,0,-1.000000e+000,-1.000000e+000
1.177400e+002,3.546900e+002,0,0,-1.000000e+000,-1.000000e+000
5.850000e+000,3.574500e+002,0,0,-1.000000e+000,-1.000000e+000
5.850000e+000,3.574500e+002,0,0,-1.000000e+000,-1.000000e+000
2.634200e+002,3.604500e+002,0,0,-1.000000e+000,-1.000000e+000
1.137000e+001,3.648900e+002,0,0,-1.000000e+000,-1.000000e+000
7.934000e+001,3.637900e+002,0,0,-1.000000e+000,-1.000000e+000
7.934000e+001,3.637900e+002,0,0,-1.000000e+000,-1.000000e+000
4.291000e+001,3.646000e+002,0,0,-1.000000e+000,-1.000000e+000
4.291000e+001,3.646000e+002,0,0,-1.000000e+000,-1.000000e+000
3.122000e+001,3.672400e+002,0,0,-1.000000e+000,-1.000000e+000
6.256000e+001,3.668500e+002,1,1,4.918000e+001,3.539900e+002
6.256000e+001,3.668500e+002,1,1,4.918000e+001,3.539900e+002
1.969000e+001,3.709200e+002,0,0,-1.000000e+000,-1.000000e+000
1.969000e+001,3.709200e+002,0,0,-1.000000e+000,-1.000000e+000
4.811000e+001,3.709700e+002,0,0,-1.000000e+000,-1.000000e+000
5.253000e+001,3.707700e+002,0,0,-1.000000e+000,-1.000000e+000
3.358000e+001,3.747000e+002,0,0,-1.000000e+000,-1.000000e+000
3.358000e+001,3.747000e+002,0,0,-1.000000e+000,-1.000000e+000
3.813000e+001,3.751800e+002,0,0,-1.000000e+000,-1.000000e+000
2.961300e+002,3.794900e+002,1,1,2.842400e+002,3.724400e+002
5.768400e+002,4.318500e+002,0,0,-1.000000e+000,-1.000000e+000
1.453700e+002,8.356000e+001,1,0,1.394700e+002,7.179000e+001
3.802600e+002,1.639400e+002,1,1,3.784500e+002,1.571400e+002
5.079500e+002,1.674800e+002,1,1,5.094000e+002,1.621500e+002
4.562100e+002,1.984000e+002,1,1,4.522000e+002,1.923900e+002
4.562100e+002,1.984000e+002,1,1,4.522000e+002,1.923900e+002
2.893800e+002,2.017600e+002,1,1,2.851900e+002,1.942300e+002
2.893800e+002,2.017600e+002,1,1,2.851900e+002,1.942300e+002
1.754500e+002,2.069900e+002,0,0,-1.000000e+000,-1.000000e+000
2.833000e+002,2.216000e+002,0,0,-1.000000e+000,-1.000000e+000
2.410000e+002,2.284800e+002,1,1,2.374800e+002,2.196400e+002
2.645000e+002,2.305200e+002,0,0,-1.000000e+000,-1.000000e+000
1.816900e+002,2.316200e+002,1,1,1.761500e+002,2.212100e+002
5.206600e+002,2.658600e+002,0,0,-1.000000e+000,-1.000000e+000
5.434100e+002,2.766700e+002,1,1,5.375900e+002,2.742300e+002
5.377900e+002,2.867500e+002,0,0,-1.000000e+000,-1.000000e+000
1.974600e+002,3.057000e+002,1,1,1.879200e+002,2.959100e+002
2.119900e+002,3.067300e+002,0,0,-1.000000e+000,-1.000000e+000
2.015300e+002,3.078900e+002,0,0,-1.000000e+000,-1.000000e+000
1.163100e+002,3.187800e+002,0,0,-1.000000e+000,-1.000000e+000
3.295900e+002,3.207400e+002,0,0,-1.000000e+000,-1.000000e+000
4.476600e+002,3.206800e+002,1,1,4.370300e+002,3.161400e+002
7.710000e+001,3.247700e+002,0,0,-1.000000e+000,-1.000000e+000
3.284300e+002,3.290400e+002,1,1,3.151900e+002,3.223100e+002
3.185200e+002,3.348800e+002,0,0,-1.000000e+000,-1.000000e+000
5.164500e+002,3.352300e+002,0,0,-1.000000e+000,-1.000000e+000
9.564000e+001,3.368100e+002,0,0,-1.000000e+000,-1.000000e+000
1.326200e+002,3.377700e+002,0,0,-1.000000e+000,-1.000000e+000
8.509000e+001,3.403300e+002,0,0,-1.000000e+000,-1.000000e+000
8.509000e+001,3.403300e+002,0,0,-1.000000e+000,-1.000000e+000
1.609700e+002,3.439200e+002,1,1,1.487200e+002,3.338900e+002
1.365000e+002,3.451500e+002,0,0,-1.000000e+000,-1.000000e+000
9.320000e+000,3.482500e+002,0,0,-1.000000e+000,-1.000000e+000
4.580000e+001,3.557300e+002,0,0,-1.000000e+000,-1.000000e+000
4.580000e+001,3.557300e+002,0,0,-1.000000e+000,-1.000000e+000
1.148600e+002,3.569600e+002,0,0,-1.000000e+000,-1.000000e+000
8.060000e+000,3.748600e+002,0,0,-1.000000e+000,-1.000000e+000
1.928000e+001,3.802400e+002,0,0,-1.000000e+000,-1.000000e+000
1.928000e+001,3.802400e+002,0,0,-1.000000e+000,-1.000000e+000
5.917700e+002,4.553500e+002,0,0,-1.000000e+000,-1.000000e+000
5.917700e+002,4.553500e+002,1,0,5.773600e+002,4.562700e+002
5.081600e+002,1.671400e+002,0,0,-1.000000e+000,-1.000000e+000
5.761300e+002,1.689800e+002,1,1,5.785800e+002,1.648900e+002
6.035300e+002,1.831000e+002,0,0,-1.000000e+000,-1.000000e+000
2.344200e+002,1.846100e+002,0,0,-1.000000e+000,-1.000000e+000
4.556200e+002,1.980800e+002,0,0,-1.000000e+000,-1.000000e+000
4.556200e+002,1.980800e+002,0,0,-1.000000e+000,-1.000000e+000
2.900000e+002,2.022500e+002,0,0,-1.000000e+000,-1.000000e+000
2.900000e+002,2.022500e+002,0,0,-1.000000e+000,-1.000000e+000
6.207300e+002,2.029700e+002,0,0,-1.000000e+000,-1.000000e+000
2.742400e+002,2.223600e+002,0,0,-1.000000e+000,-1.000000e+000
2.742400e+002,2.223600e+002,0,0,-1.000000e+000,-1.000000e+000
2.640800e+002,2.310300e+002,0,0,-1.000000e+000,-1.000000e+000
2.824300e+002,2.338700e+002,0,0,-1.000000e+000,-1.000000e+000
1.827700e+002,2.363000e+002,1,1,1.770600e+002,2.260800e+002
5.438000e+001,2.491900e+002,0,0,-1.000000e+000,-1.000000e+000
5.213400e+002,2.652000e+002,0,0,-1.000000e+000,-1.000000e+000
1.068800e+002,2.829900e+002,1,1,1.001200e+002,2.713300e+002
6.207500e+002,2.990300e+002,0,0,-1.000000e+000,-1.000000e+000
1.316100e+002,3.145200e+002,0,0,-1.000000e+000,-1.000000e+000
4.715500e+002,3.195700e+002,0,0,-1.000000e+000,-1.000000e+000
1.348700e+002,3.207100e+002,1,0,1.140100e+002,3.130700e+002
1.348700e+002,3.207100e+002,1,0,1.140100e+002,3.130700e+002
4.475200e+002,3.208900e+002,0,0,-1.000000e+000,-1.000000e+000
1.250500e+002,3.241900e+002,0,0,-1.000000e+000,-1.000000e+000
1.250500e+002,3.241900e+002,0,0,-1.000000e+000,-1.000000e+000
4.421000e+001,3.252800e+002,0,0,-1.000000e+000,-1.000000e+000
4.421000e+001,3.252800e+002,0,0,-1.000000e+000,-1.000000e+000
1.475700e+002,3.249500e+002,0,0,-1.000000e+000,-1.000000e+000
1.140000e+002,3.261100e+002,0,0,-1.000000e+000,-1.000000e+000
1.140000e+002,3.261100e+002,0,0,-1.000000e+000,-1.000000e+000
3.325000e+001,3.283100e+002,0,0,-1.000000e+000,-1.000000e+000
1.384800e+002,3.280800e+002,1,1,1.273900e+002,3.174500e+002
2.222000e+001,3.312400e+002,0,0,-1.000000e+000,-1.000000e+000
2.222000e+001,3.312400e+002,0,0,-1.000000e+000,-1.000000e+000
8.885000e+001,3.347100e+002,1,1,7.733000e+001,3.229900e+002
8.885000e+001,3.347100e+002,1,1,7.733000e+001,3.229900e+002
1.420900e+002,3.347900e+002,0,0,-1.000000e+000,-1.000000e+000
1.420900e+002,3.347900e+002,0,0,-1.000000e+000,-1.000000e+000
7.839000e+001,3.378400e+002,0,0,-1.000000e+000,-1.000000e+000
1.550700e+002,3.390200e+002,0,0,-1.000000e+000,-1.000000e+000
3.211600e+002,3.398800e+002,0,0,-1.000000e+000,-1.000000e+000
1.208300e+002,3.408500e+002,1,1,1.090600e+002,3.296200e+002
1.208300e+002,3.408500e+002,0,0,-1.000000e+000,-1.000000e+000
1.457700e+002,3.422200e+002,1,1,1.336500e+002,3.315600e+002
1.457700e+002,3.422200e+002,1,1,1.336500e+002,3.315600e+002
4.555000e+001,3.462500e+002,0,0,-1.000000e+000,-1.000000e+000
4.555000e+001,3.462500e+002,0,0,-1.000000e+000,-1.000000e+000
3.431000e+001,3.493900e+002,0,0,-1.000000e+000,-1.000000e+000
2.290000e+001,3.527000e+002,0,0,-1.000000e+000,-1.000000e+000
2.290000e+001,3.527000e+002,0,0,-1.000000e+000,-1.000000e+000
1.138000e+001,3.561500e+002,0,0,-1.000000e+000,-1.000000e+000
9.839000e+001,3.564200e+002,0,0,-1.000000e+000,-1.000000e+000
3.560100e+002,3.632900e+002,1,1,3.438700e+002,3.579300e+002
3.667000e+001,3.657000e+002,0,0,-1.000000e+000,-1.000000e+000
5.767000e+001,3.688200e+002,0,0,-1.000000e+000,-1.000000e+000
5.912500e+002,4.551700e+002,0,0,-1.000000e+000,-1.000000e+000
5.530200e+002,1.646200e+002,0,0,-1.000000e+000,-1.000000e+000
6.202600e+002,1.952500e+002,1,1,6.228900e+002,1.944300e+002
3.636000e+002,1.969600e+002,0,0,-1.000000e+000,-1.000000e+000
2.846200e+002,2.165200e+002,0,0,-1.000000e+000,-1.000000e+000
6.235500e+002,2.643400e+002,1,1,6.208800e+002,2.634900e+002
2.556300e+002,2.907700e+002,0,0,-1.000000e+000,-1.000000e+000
8.503000e+001,3.244600e+002,0,0,-1.000000e+000,-1.000000e+000
7.470000e+001,3.272800e+002,0,0,-1.000000e+000,-1.000000e+000
1.282800e+002,3.320300e+002,0,0,-1.000000e+000,-1.000000e+000
1.282800e+002,3.320300e+002,0,0,-1.000000e+000,-1.000000e+000
3.663000e+001,3.374300e+002,0,0,-1.000000e+000,-1.000000e+000
2.575000e+001,3.406600e+002,0,0,-1.000000e+000,-1.000000e+000
1.525600e+002,3.448200e+002,1,1,1.409400e+002,3.344800e+002
1.417500e+002,3.479300e+002,1,1,1.300200e+002,3.373500e+002
1.053500e+002,3.586600e+002,1,1,9.314000e+001,3.470600e+002
9.432000e+001,3.620900e+002,1,1,8.186000e+001,3.503200e+002
4.391200e+002,3.618600e+002,0,0,-1.000000e+000,-1.000000e+000
1.730000e+001,3.631600e+002,0,0,-1.000000e+000,-1.000000e+000
1.730000e+001,3.631600e+002,0,0,-1.000000e+000,-1.000000e+000
6.975000e+001,3.651800e+002,0,0,-1.000000e+000,-1.000000e+000
6.395000e+001,3.698100e+002,0,0,-1.000000e+000,-1.000000e+000
4.260000e+001,3.730100e+002,1,1,2.874000e+001,3.603200e+002
4.986000e+001,3.748700e+002,1,1,3.684000e+001,3.622700e+002
2.599000e+001,3.779500e+002,0,0,-1.000000e+000,-1.000000e+000
3.553000e+001,3.796000e+002,0,0,-1.000000e+000,-1.000000e+000
1.281000e+001,3.818100e+002,0,0,-1.000000e+000,-1.000000e+000
1.281000e+001,3.818100e+002,0,0,-1.000000e+000,-1.000000e+000
6.030400e+002,4.520100e+002,0,0,-1.000000e+000,-1.000000e+000
4.992200e+002,1.483900e+002,0,0,-1.000000e+000,-1.000000e+000
4.943700e+002,1.567000e+002,1,1,4.955200e+002,1.520100e+002
1.800500e+002,1.902500e+002,1,1,1.740800e+002,1.801900e+002
4.525000e+002,1.966900e+002,1,1,4.500100e+002,1.914300e+002
4.525000e+002,1.966900e+002,1,1,4.500100e+002,1.914300e+002
6.299700e+002,2.096500e+002,0,0,-1.000000e+000,-1.000000e+000
2.740400e+002,2.413400e+002,0,0,-1.000000e+000,-1.000000e+000
5.222500e+002,2.636200e+002,1,0,5.195700e+002,2.554400e+002
1.582900e+002,2.675300e+002,0,0,-1.000000e+000,-1.000000e+000
5.111600e+002,2.881200e+002,0,0,-1.000000e+000,-1.000000e+000
1.775300e+002,3.042500e+002,1,1,1.672200e+002,2.964500e+002
4.849400e+002,3.201400e+002,1,1,4.741100e+002,3.170500e+002
4.357200e+002,3.227200e+002,0,0,-1.000000e+000,-1.000000e+000
4.966000e+001,3.347900e+002,0,0,-1.000000e+000,-1.000000e+000
5.981400e+002,4.585200e+002,0,0,-1.000000e+000,-1.000000e+000
4.997400e+002,1.484500e+002,0,0,-1.000000e+000,-1.000000e+000
4.938900e+002,1.566200e+002,0,0,-1.000000e+000,-1.000000e+000
5.754500e+002,1.722400e+002,0,0,-1.000000e+000,-1.000000e+000
4.463000e+002,1.772700e+002,1,1,4.448300e+002,1.719600e+002
4.463000e+002,1.772700e+002,1,1,4.448300e+002,1.719600e+002
2.482500e+002,1.859000e+002,0,0,-1.000000e+000,-1.000000e+000
4.502800e+002,1.956100e+002,1,1,4.477800e+002,1.902200e+002
4.502800e+002,1.956100e+002,1,1,4.477800e+002,1.902200e+002
1.825400e+002,2.083300e+002,1,1,1.765600e+002,1.977600e+002
1.615200e+002,2.257300e+002,0,0,-1.000000e+000,-1.000000e+000
1.615200e+002,2.257300e+002,0,0,-1.000000e+000,-1.000000e+000
2.602600e+002,2.344200e+002,1,1,2.557200e+002,2.261600e+002
2.844400e+002,2.407800e+002,1,1,2.768100e+002,2.327100e+002
1.578000e+002,2.666300e+002,0,0,-1.000000e+000,-1.000000e+000
5.717500e+002,2.698400e+002,1,1,5.668400e+002,2.675600e+002
6.171300e+002,3.015100e+002,1,1,6.128800e+002,3.009800e+002
1.079500e+002,3.465100e+002,0,0,-1.000000e+000,-1.000000e+000
1.079500e+002,3.465100e+002,0,0,-1.000000e+000,-1.000000e+000
8.164000e+001,3.534100e+002,0,0,-1.000000e+000,-1.000000e+000
8.164000e+001,3.534100e+002,0,0,-1.000000e+000,-1.000000e+000
2.549400e+002,3.802100e+002,0,0,-1.000000e+000,-1.000000e+000
1.495600e+002,9.292000e+001,1,0,1.433900e+002,8.084000e+001
1.495600e+002,9.292000e+001,1,0,1.433900e+002,8.084000e+001
1.807800e+002,1.464500e+002,1,1,1.751600e+002,1.357900e+002
1.310800e+002,2.791000e+002,1,1,1.245200e+002,2.682200e+002
4.077000e+001,2.878200e+002,1,1,3.383000e+001,2.752000e+002
2.511000e+002,2.868000e+002,0,0,-1.000000e+000,-1.000000e+000
1.903800e+002,3.043400e+002,1,1,1.823900e+002,2.940300e+002
1.903800e+002,3.043400e+002,0,0,-1.000000e+000,-1.000000e+000
2.009700e+002,3.146900e+002,0,0,-1.000000e+000,-1.000000e+000
5.228100e+002,3.340100e+002,1,1,5.109900e+002,3.295500e+002
2.861500e+002,3.672400e+002,1,1,2.730200e+002,3.599000e+002
1.609000e+002,7.888000e+001,0,0,-1.000000e+000,-1.000000e+000
1.609000e+002,7.888000e+001,1,0,1.543400e+002,6.706000e+001
5.738400e+002,1.751600e+002,0,0,-1.000000e+000,-1.000000e+000
3.030600e+002,3.095200e+002,1,1,2.899600e+002,3.026100e+002
5.038100e+002,3.233700e+002,1,1,4.928200e+002,3.199400e+002
3.264900e+002,3.304400e+002,1,1,3.132200e+002,3.235200e+002
1.601700e+002,7.873000e+001,0,0,-1.000000e+000,-1.000000e+000
1.601700e+002,7.873000e+001,0,0,-1.000000e+000,-1.000000e+000
4.783000e+002,1.493400e+002,0,0,-1.000000e+000,-1.000000e+000
5.722800e+002,1.772400e+002,0,0,-1.000000e+000,-1.000000e+000
6.034800e+002,1.757900e+002,0,0,-1.000000e+000,-1.000000e+000
2.510200e+002,2.416000e+002,1,1,2.464300e+002,2.329100e+002
1.915900e+002,2.447200e+002,1,1,1.857600e+002,2.351500e+002
2.479100e+002,2.835700e+002,1,1,2.406700e+002,2.752100e+002
2.023000e+001,2.899200e+002,0,0,-1.000000e+000,-1.000000e+000
6.482000e+001,3.055900e+002,1,1,5.532000e+001,2.932100e+002
3.050300e+002,3.085300e+002,1,1,2.921200e+002,3.017600e+002
1.934800e+002,3.327200e+002,1,1,1.828900e+002,3.234200e+002
5.178800e+002,1.552600e+002,1,1,5.179500e+002,1.511000e+002
9.377000e+001,3.028200e+002,0,0,-1.000000e+000,-1.000000e+000
4.984700e+002,3.024700e+002,1,1,4.886200e+002,2.982600e+002
4.984700e+002,3.024700e+002,0,0,-1.000000e+000,-1.000000e+000
2.194000e+002,3.245300e+002,1,1,2.088100e+002,3.154300e+002
2.194000e+002,3.245300e+002,1,1,2.088100e+002,3.154300e+002
1.898000e+002,1.679400e+002,0,0,-1.000000e+000,-1.000000e+000
1.898000e+002,1.679400e+002,0,0,-1.000000e+000,-1.000000e+000
4.218400e+002,1.845600e+002,1,1,4.197900e+002,1.786700e+002
4.950800e+002,3.006300e+002,1,1,4.862100e+002,2.972000e+002
4.950800e+002,3.006300e+002,1,1,4.862100e+002,2.972000e+002
2.609100e+002,2.020400e+002,1,1,2.554100e+002,1.936000e+002
5.385000e+001,2.755700e+002,1,0,4.815000e+001,2.630100e+002
1.021500e+002,2.708200e+002,1,1,9.493000e+001,2.594300e+002
4.871800e+002,2.971700e+002,0,0,-1.000000e+000,-1.000000e+000
4.871800e+002,2.971700e+002,0,0,-1.000000e+000,-1.000000e+000
2.029300e+002,3.575700e+002,1,1,1.916300e+002,3.489200e+002
2.216100e+002,2.651600e+002,1,1,2.137600e+002,2.558800e+002
5.459600e+002,2.969800e+002,1,1,5.372400e+002,2.948800e+002
1.391500e+002,3.127800e+002,1,1,1.288100e+002,3.029300e+002
4.626500e+002,3.504100e+002,1,1,4.526600e+002,3.471100e+002
2.599300e+002,3.379800e+002,1,1,2.483600e+002,3.305800e+002
3.452400e+002,2.601700e+002,1,1,3.363000e+002,2.535500e+002