4.862900e+002,1.281000e+001,0,0,-1.000000e+000,-1.000000e+000
5.230300e+002,2.468000e+001,0,0,-1.000000e+000,-1.000000e+000
5.230300e+002,2.468000e+001,1,1,5.216600e+002,3.151000e+001
4.188000e+002,5.004000e+001,0,0,-1.000000e+000,-1.000000e+000
4.180900e+002,5.552000e+001,1,1,4.142300e+002,6.036000e+001
4.552100e+002,5.654000e+001,1,1,4.524100e+002,6.248000e+001
4.173300e+002,6.483000e+001,0,0,-1.000000e+000,-1.000000e+000
1.242300e+002,8.318000e+001,1,0,1.028100e+002,8.561000e+001
4.802300e+002,8.355000e+001,0,0,-1.000000e+000,-1.000000e+000
1.080600e+002,8.527000e+001,0,0,-1.000000e+000,-1.000000e+000
6.893000e+001,8.959000e+001,0,0,-1.000000e+000,-1.000000e+000
4.150500e+002,8.928000e+001,0,0,-1.000000e+000,-1.000000e+000
6.096000e+001,9.055000e+001,0,0,-1.000000e+000,-1.000000e+000
1.261700e+002,9.166000e+001,0,0,-1.000000e+000,-1.000000e+000
1.261700e+002,9.166000e+001,0,0,-1.000000e+000,-1.000000e+000
4.234000e+001,9.255000e+001,0,0,-1.000000e+000,-1.000000e+000
4.642000e+001,9.230000e+001,0,0,-1.000000e+000,-1.000000e+000
3.304000e+001,9.384000e+001,0,0,-1.000000e+000,-1.000000e+000
4.801000e+001,9.704000e+001,0,0,-1.000000e+000,-1.000000e+000
1.339700e+002,9.807000e+001,1,0,1.163800e+002,1.067000e+002
1.339700e+002,9.807000e+001,0,0,-1.000000e+000,-1.000000e+000
9.656000e+001,9.994000e+001,1,0,7.613000e+001,1.019800e+002
1.369600e+002,1.015400e+002,0,0,-1.000000e+000,-1.000000e+000
5.127500e+002,1.042500e+002,0,0,-1.000000e+000,-1.000000e+000
5.127500e+002,1.042500e+002,0,0,-1.000000e+000,-1.000000e+000
4.770000e+001,1.062500e+002,0,0,-1.000000e+000,-1.000000e+000
1.353100e+002,1.109800e+002,0,0,-1.000000e+000,-1.000000e+000
4.886900e+002,1.113400e+002,0,0,-1.000000e+000,-1.000000e+000
4.887900e+002,1.140700e+002,0,0,-1.000000e+000,-1.000000e+000
4.094000e+002,1.166700e+002,1,1,4.050900e+002,1.225000e+002
1.387300e+002,1.177700e+002,0,0,-1.000000e+000,-1.000000e+000
4.197600e+002,1.212900e+002,0,0,-1.000000e+000,-1.000000e+000
3.874500e+002,1.222500e+002,0,0,-1.000000e+000,-1.000000e+000
4.156900e+002,1.225900e+002,0,0,-1.000000e+000,-1.000000e+000
3.638000e+002,1.284800e+002,0,0,-1.000000e+000,-1.000000e+000
3.191500e+002,1.310500e+002,0,0,-1.000000e+000,-1.000000e+000
3.163700e+002,1.316200e+002,0,0,-1.000000e+000,-1.000000e+000
1.400800e+002,1.348300e+002,0,0,-1.000000e+000,-1.000000e+000
4.808200e+002,1.374300e+002,0,0,-1.000000e+000,-1.000000e+000
4.604200e+002,1.378900e+002,0,0,-1.000000e+000,-1.000000e+000
4.514900e+002,1.393200e+002,1,1,4.435800e+002,1.464300e+002
3.982100e+002,1.421400e+002,1,0,3.802000e+002,1.498400e+002
1.386200e+002,1.435400e+002,0,0,-1.000000e+000,-1.000000e+000
4.997600e+002,1.465600e+002,0,0,-1.000000e+000,-1.000000e+000
2.217200e+002,1.498700e+002,0,0,-1.000000e+000,-1.000000e+000
3.955000e+002,1.516300e+002,0,0,-1.000000e+000,-1.000000e+000
2.212100e+002,1.526800e+002,1,1,2.132300e+002,1.556900e+002
3.734600e+002,1.556600e+002,1,1,3.683800e+002,1.613800e+002
5.558100e+002,1.556800e+002,0,0,-1.000000e+000,-1.000000e+000
2.954500e+002,1.575900e+002,0,0,-1.000000e+000,-1.000000e+000
1.399600e+002,1.603600e+002,0,0,-1.000000e+000,-1.000000e+000
5.340500e+002,1.603400e+002,0,0,-1.000000e+000,-1.000000e+000
3.835600e+002,1.622100e+002,0,0,-1.000000e+000,-1.000000e+000
3.807000e+002,1.628800e+002,0,0,-1.000000e+000,-1.000000e+000
5.604400e+002,1.636000e+002,0,0,-1.000000e+000,-1.000000e+000
5.888400e+002,1.695800e+002,0,0,-1.000000e+000,-1.000000e+000
4.078300e+002,1.771100e+002,0,0,-1.000000e+000,-1.000000e+000
5.622600e+002,1.771600e+002,0,0,-1.000000e+000,-1.000000e+000
2.207600e+002,1.791400e+002,0,0,-1.000000e+000,-1.000000e+000
1.419900e+002,1.793800e+002,0,0,-1.000000e+000,-1.000000e+000
4.055100e+002,1.817800e+002,0,0,-1.000000e+000,-1.000000e+000
1.449300e+002,1.860500e+002,0,0,-1.000000e+000,-1.000000e+000
4.239000e+002,1.872000e+002,0,0,-1.000000e+000,-1.000000e+000
2.874400e+002,1.878400e+002,0,0,-1.000000e+000,-1.000000e+000
2.784600e+002,1.890700e+002,0,0,-1.000000e+000,-1.000000e+000
1.457600e+002,1.907700e+002,0,0,-1.000000e+000,-1.000000e+000
6.111300e+002,1.911000e+002,0,0,-1.000000e+000,-1.000000e+000
2.555300e+002,1.920900e+002,0,0,-1.000000e+000,-1.000000e+000
6.106000e+002,1.935600e+002,0,0,-1.000000e+000,-1.000000e+000
4.235100e+002,1.940200e+002,0,0,-1.000000e+000,-1.000000e+000
2.544700e+002,1.945200e+002,0,0,-1.000000e+000,-1.000000e+000
1.459400e+002,1.965000e+002,0,0,-1.000000e+000,-1.000000e+000
2.579400e+002,1.996900e+002,0,0,-1.000000e+000,-1.000000e+000
4.400800e+002,2.002500e+002,0,0,-1.000000e+000,-1.000000e+000
1.574600e+002,2.006600e+002,0,0,-1.000000e+000,-1.000000e+000
2.599000e+002,2.024800e+002,0,0,-1.000000e+000,-1.000000e+000
6.209600e+002,2.033100e+002,0,0,-1.000000e+000,-1.000000e+000
6.209600e+002,2.033100e+002,0,0,-1.000000e+000,-1.000000e+000
4.390700e+002,2.071400e+002,0,0,-1.000000e+000,-1.000000e+000
1.580400e+002,2.077100e+002,1,0,2.071900e+002,2.295800e+002
4.404600e+002,2.083100e+002,0,0,-1.000000e+000,-1.000000e+000
1.475300e+002,2.129000e+002,0,0,-1.000000e+000,-1.000000e+000
6.020200e+002,2.146200e+002,0,0,-1.000000e+000,-1.000000e+000
2.282100e+002,2.176400e+002,0,0,-1.000000e+000,-1.000000e+000
2.282100e+002,2.176400e+002,0,0,-1.000000e+000,-1.000000e+000
2.679400e+002,2.182300e+002,0,0,-1.000000e+000,-1.000000e+000
6.026600e+002,2.215000e+002,0,0,-1.000000e+000,-1.000000e+000
6.361900e+002,2.333100e+002,0,0,-1.000000e+000,-1.000000e+000
6.361900e+002,2.333100e+002,0,0,-1.000000e+000,-1.000000e+000
2.827200e+002,2.352400e+002,1,0,2.803100e+002,1.946300e+002
2.798600e+002,2.355500e+002,0,0,-1.000000e+000,-1.000000e+000
4.684800e+002,2.355900e+002,0,0,-1.000000e+000,-1.000000e+000
1.612900e+002,2.371000e+002,0,0,-1.000000e+000,-1.000000e+000
2.819000e+002,2.384800e+002,0,0,-1.000000e+000,-1.000000e+000
1.405100e+002,2.433100e+002,0,0,-1.000000e+000,-1.000000e+000
1.357000e+002,2.440600e+002,0,0,-1.000000e+000,-1.000000e+000
1.300300e+002,2.452700e+002,0,0,-1.000000e+000,-1.000000e+000
2.895100e+002,2.450900e+002,0,0,-1.000000e+000,-1.000000e+000
2.957900e+002,2.588300e+002,0,0,-1.000000e+000,-1.000000e+000
1.067600e+002,2.602800e+002,0,0,-1.000000e+000,-1.000000e+000
1.067600e+002,2.602800e+002,0,0,-1.000000e+000,-1.000000e+000
8.703000e+001,2.621100e+002,0,0,-1.000000e+000,-1.000000e+000
1.665400e+002,2.625600e+002,0,0,-1.000000e+000,-1.000000e+000
1.665400e+002,2.625600e+002,0,0,-1.000000e+000,-1.000000e+000
3.005600e+002,2.659900e+002,0,0,-1.000000e+000,-1.000000e+000
7.451000e+001,2.670100e+002,1,0,5.603000e+001,2.699500e+002
7.032000e+001,2.680600e+002,0,0,-1.000000e+000,-1.000000e+000
1.876000e+001,2.762400e+002,0,0,-1.000000e+000,-1.000000e+000
4.798300e+002,2.772100e+002,0,0,-1.000000e+000,-1.000000e+000
4.798300e+002,2.772100e+002,0,0,-1.000000e+000,-1.000000e+000
3.040000e+000,2.795200e+002,0,0,-1.000000e+000,-1.000000e+000
1.010000e+001,2.804400e+002,0,0,-1.000000e+000,-1.000000e+000
1.417300e+002,2.806900e+002,0,0,-1.000000e+000,-1.000000e+000
1.417300e+002,2.806900e+002,0,0,-1.000000e+000,-1.000000e+000
4.613300e+002,2.834100e+002,0,0,-1.000000e+000,-1.000000e+000
1.441000e+002,2.862500e+002,0,0,-1.000000e+000,-1.000000e+000
3.154400e+002,2.868100e+002,0,0,-1.000000e+000,-1.000000e+000
1.083800e+002,2.950700e+002,1,0,7.689000e+001,2.867000e+002
4.566500e+002,2.958300e+002,0,0,-1.000000e+000,-1.000000e+000
4.924600e+002,2.980800e+002,0,0,-1.000000e+000,-1.000000e+000
5.018000e+002,2.989100e+002,0,0,-1.000000e+000,-1.000000e+000
1.292700e+002,2.997800e+002,1,1,1.145600e+002,3.032700e+002
1.338800e+002,3.009700e+002,0,0,-1.000000e+000,-1.000000e+000
3.465100e+002,3.008800e+002,0,0,-1.000000e+000,-1.000000e+000
4.962100e+002,3.008300e+002,0,0,-1.000000e+000,-1.000000e+000
1.777800e+002,3.014900e+002,0,0,-1.000000e+000,-1.000000e+000
5.069900e+002,3.025700e+002,0,0,-1.000000e+000,-1.000000e+000
2.367500e+002,3.037800e+002,0,0,-1.000000e+000,-1.000000e+000
3.391200e+002,3.046400e+002,0,0,-1.000000e+000,-1.000000e+000
3.367000e+002,3.048900e+002,0,0,-1.000000e+000,-1.000000e+000
5.140700e+002,3.079000e+002,0,0,-1.000000e+000,-1.000000e+000
4.525900e+002,3.092400e+002,0,0,-1.000000e+000,-1.000000e+000
5.076900e+002,3.095200e+002,0,0,-1.000000e+000,-1.000000e+000
1.129500e+002,3.098100e+002,0,0,-1.000000e+000,-1.000000e+000
1.129500e+002,3.098100e+002,0,0,-1.000000e+000,-1.000000e+000
5.176000e+002,3.106400e+002,0,0,-1.000000e+000,-1.000000e+000
5.965000e+001,3.119400e+002,0,0,-1.000000e+000,-1.000000e+000
2.029400e+002,3.123300e+002,0,0,-1.000000e+000,-1.000000e+000
1.468500e+002,3.145300e+002,0,0,-1.000000e+000,-1.000000e+000
1.468500e+002,3.145300e+002,0,0,-1.000000e+000,-1.000000e+000
5.256700e+002,3.165900e+002,0,0,-1.000000e+000,-1.000000e+000
1.386800e+002,3.190500e+002,0,0,-1.000000e+000,-1.000000e+000
1.386800e+002,3.190500e+002,0,0,-1.000000e+000,-1.000000e+000
9.906000e+001,3.230800e+002,0,0,-1.000000e+000,-1.000000e+000
1.438700e+002,3.247600e+002,0,0,-1.000000e+000,-1.000000e+000
1.401600e+002,3.255300e+002,0,0,-1.000000e+000,-1.000000e+000
1.294900e+002,3.259900e+002,0,0,-1.000000e+000,-1.000000e+000
9.899000e+001,3.265400e+002,0,0,-1.000000e+000,-1.000000e+000
9.057000e+001,3.274300e+002,0,0,-1.000000e+000,-1.000000e+000
9.057000e+001,3.274300e+002,0,0,-1.000000e+000,-1.000000e+000
5.417000e+002,3.284400e+002,0,0,-1.000000e+000,-1.000000e+000
8.505000e+001,3.314100e+002,0,0,-1.000000e+000,-1.000000e+000
1.026800e+002,3.316800e+002,1,1,8.576000e+001,3.355000e+002
1.205300e+002,3.314100e+002,0,0,-1.000000e+000,-1.000000e+000
1.648700e+002,3.318500e+002,0,0,-1.000000e+000,-1.000000e+000
1.131300e+002,3.333100e+002,0,0,-1.000000e+000,-1.000000e+000
1.409700e+002,3.345600e+002,0,0,-1.000000e+000,-1.000000e+000
1.244900e+002,3.354900e+002,0,0,-1.000000e+000,-1.000000e+000
8.173000e+001,3.372500e+002,0,0,-1.000000e+000,-1.000000e+000
1.764000e+002,3.369700e+002,0,0,-1.000000e+000,-1.000000e+000
2.787100e+002,3.373700e+002,0,0,-1.000000e+000,-1.000000e+000
2.787100e+002,3.373700e+002,0,0,-1.000000e+000,-1.000000e+000
2.787100e+002,3.373700e+002,0,0,-1.000000e+000,-1.000000e+000
1.138000e+002,3.391400e+002,0,0,-1.000000e+000,-1.000000e+000
9.878000e+001,3.405300e+002,0,0,-1.000000e+000,-1.000000e+000
1.480200e+002,3.405300e+002,0,0,-1.000000e+000,-1.000000e+000
1.710900e+002,3.403300e+002,0,0,-1.000000e+000,-1.000000e+000
1.169300e+002,3.418300e+002,0,0,-1.000000e+000,-1.000000e+000
1.630500e+002,3.418700e+002,0,0,-1.000000e+000,-1.000000e+000
1.630500e+002,3.418700e+002,0,0,-1.000000e+000,-1.000000e+000
1.621400e+002,3.445600e+002,0,0,-1.000000e+000,-1.000000e+000
3.144600e+002,3.477900e+002,0,0,-1.000000e+000,-1.000000e+000
3.031000e+001,3.483800e+002,0,0,-1.000000e+000,-1.000000e+000
9.529000e+001,3.484500e+002,0,0,-1.000000e+000,-1.000000e+000
9.220000e+001,3.491700e+002,0,0,-1.000000e+000,-1.000000e+000
5.192000e+001,3.530700e+002,0,0,-1.000000e+000,-1.000000e+000
6.755000e+001,3.531000e+002,0,0,-1.000000e+000,-1.000000e+000
6.755000e+001,3.531000e+002,0,0,-1.000000e+000,-1.000000e+000
6.755000e+001,3.531000e+002,0,0,-1.000000e+000,-1.000000e+000
9.553000e+001,3.528000e+002,0,0,-1.000000e+000,-1.000000e+000
3.273000e+001,3.545100e+002,0,0,-1.000000e+000,-1.000000e+000
9.500000e+001,3.557600e+002,0,0,-1.000000e+000,-1.000000e+000
1.274000e+002,3.564800e+002,0,0,-1.000000e+000,-1.000000e+000
4.833000e+001,3.574400e+002,0,0,-1.000000e+000,-1.000000e+000
1.257100e+002,3.596700e+002,0,0,-1.000000e+000,-1.000000e+000
1.447400e+002,3.595600e+002,0,0,-1.000000e+000,-1.000000e+000
6.791000e+001,3.619200e+002,0,0,-1.000000e+000,-1.000000e+000
1.242100e+002,3.620500e+002,0,0,-1.000000e+000,-1.000000e+000
1.242100e+002,3.620500e+002,0,0,-1.000000e+000,-1.000000e+000
8.936000e+001,3.659100e+002,0,0,-1.000000e+000,-1.000000e+000
1.227000e+001,3.673600e+002,0,0,-1.000000e+000,-1.000000e+000
7.923000e+001,3.705100e+002,0,0,-1.000000e+000,-1.000000e+000
7.923000e+001,3.705100e+002,0,0,-1.000000e+000,-1.000000e+000
7.923000e+001,3.705100e+002,0,0,-1.000000e+000,-1.000000e+000
6.330000e+000,3.746600e+002,0,0,-1.000000e+000,-1.000000e+000
6.756000e+001,3.812200e+002,0,0,-1.000000e+000,-1.000000e+000
6.756000e+001,3.812200e+002,0,0,-1.000000e+000,-1.000000e+000
1.394100e+002,3.826000e+002,1,0,9.464000e+001,4.021000e+002
1.713000e+001,3.870100e+002,0,0,-1.000000e+000,-1.000000e+000
1.141400e+002,3.941600e+002,0,0,-1.000000e+000,-1.000000e+000
1.141400e+002,3.941600e+002,1,1,9.502000e+001,3.991400e+002
7.815000e+001,3.944000e+002,0,0,-1.000000e+000,-1.000000e+000
1.175200e+002,3.950000e+002,1,0,7.281000e+001,4.138300e+002
3.709000e+001,3.970900e+002,0,0,-1.000000e+000,-1.000000e+000
3.709000e+001,3.970900e+002,0,0,-1.000000e+000,-1.000000e+000
6.033000e+001,3.985400e+002,0,0,-1.000000e+000,-1.000000e+000
9.239000e+001,4.064600e+002,0,0,-1.000000e+000,-1.000000e+000
9.239000e+001,4.064600e+002,0,0,-1.000000e+000,-1.000000e+000
2.104000e+001,4.075400e+002,0,0,-1.000000e+000,-1.000000e+000
2.389000e+001,4.090400e+002,0,0,-1.000000e+000,-1.000000e+000
8.692000e+001,4.095600e+002,1,0,9.502000e+001,3.991400e+002
8.692000e+001,4.095600e+002,0,0,-1.000000e+000,-1.000000e+000
8.246000e+001,4.121900e+002,0,0,-1.000000e+000,-1.000000e+000
8.246000e+001,4.121900e+002,0,0,-1.000000e+000,-1.000000e+000
8.015000e+001,4.134900e+002,0,0,-1.000000e+000,-1.000000e+000
8.015000e+001,4.134900e+002,0,0,-1.000000e+000,-1.000000e+000
1.358000e+001,4.143500e+002,0,0,-1.000000e+000,-1.000000e+000
7.413000e+001,4.168900e+002,0,0,-1.000000e+000,-1.000000e+000
7.413000e+001,4.168900e+002,0,0,-1.000000e+000,-1.000000e+000
6.875000e+001,4.198600e+002,0,0,-1.000000e+000,-1.000000e+000
6.875000e+001,4.198600e+002,0,0,-1.000000e+000,-1.000000e+000
6.666000e+001,4.240100e+002,0,0,-1.000000e+000,-1.000000e+000
5.931000e+001,4.251800e+002,0,0,-1.000000e+000,-1.000000e+000
5.931000e+001,4.251800e+002,1,1,3.585000e+001,4.310700e+002
4.882000e+001,4.338100e+002,0,0,-1.000000e+000,-1.000000e+000
3.953700e+002,4.340100e+002,1,0,3.909300e+002,4.403700e+002
2.897000e+001,4.418900e+002,1,0,3.585000e+001,4.310700e+002
2.897000e+001,4.418900e+002,0,0,-1.000000e+000,-1.000000e+000
3.044400e+002,4.650200e+002,1,0,2.893500e+002,4.735300e+002
3.097300e+002,4.656900e+002,0,0,-1.000000e+000,-1.000000e+000
2.989600e+002,4.695200e+002,1,0,3.346900e+002,4.604000e+002
2.891900e+002,4.704200e+002,0,0,-1.000000e+000,-1.000000e+000
2.849000e+002,4.745000e+002,0,0,-1.000000e+000,-1.000000e+000
3.400400e+002,4.745000e+002,0,0,-1.000000e+000,-1.000000e+000
3.377000e+002,4.759300e+002,0,0,-1.000000e+000,-1.000000e+000
6.104300e+002,2.797000e+001,0,0,-1.000000e+000,-1.000000e+000
5.794700e+002,3.090000e+001,1,1,5.775400e+002,3.895000e+001
4.194400e+002,4.069000e+001,0,0,-1.000000e+000,-1.000000e+000
4.175600e+002,6.027000e+001,0,0,-1.000000e+000,-1.000000e+000
4.165900e+002,7.307000e+001,0,0,-1.000000e+000,-1.000000e+000
4.153600e+002,8.616000e+001,1,1,4.109500e+002,9.159000e+001
8.040000e+001,8.813000e+001,0,0,-1.000000e+000,-1.000000e+000
4.180600e+002,9.296000e+001,1,1,4.141100e+002,9.876000e+001
4.144900e+002,9.564000e+001,1,1,4.100000e+002,1.018500e+002
4.136600e+002,1.068200e+002,0,0,-1.000000e+000,-1.000000e+000
1.715000e+001,1.099400e+002,0,0,-1.000000e+000,-1.000000e+000
4.130900e+002,1.122500e+002,0,0,-1.000000e+000,-1.000000e+000
1.401800e+002,1.318700e+002,0,0,-1.000000e+000,-1.000000e+000
1.377100e+002,1.385300e+002,0,0,-1.000000e+000,-1.000000e+000
4.899400e+002,1.390900e+002,0,0,-1.000000e+000,-1.000000e+000
4.173200e+002,1.450800e+002,0,0,-1.000000e+000,-1.000000e+000
1.415500e+002,1.470500e+002,0,0,-1.000000e+000,-1.000000e+000
1.424200e+002,1.562300e+002,0,0,-1.000000e+000,-1.000000e+000
5.500900e+002,1.587900e+002,0,0,-1.000000e+000,-1.000000e+000
5.424000e+002,1.619200e+002,0,0,-1.000000e+000,-1.000000e+000
5.927400e+002,1.686000e+002,0,0,-1.000000e+000,-1.000000e+000
2.802400e+002,1.703000e+002,0,0,-1.000000e+000,-1.000000e+000
1.439300e+002,1.723200e+002,0,0,-1.000000e+000,-1.000000e+000
4.298800e+002,1.904600e+002,0,0,-1.000000e+000,-1.000000e+000
1.573500e+002,1.939600e+002,0,0,-1.000000e+000,-1.000000e+000
5.899300e+002,1.991300e+002,0,0,-1.000000e+000,-1.000000e+000
4.442600e+002,1.994300e+002,0,0,-1.000000e+000,-1.000000e+000
6.025100e+002,2.112700e+002,0,0,-1.000000e+000,-1.000000e+000
2.669900e+002,2.122300e+002,0,0,-1.000000e+000,-1.000000e+000
5.945300e+002,2.151100e+002,0,0,-1.000000e+000,-1.000000e+000
5.945300e+002,2.151100e+002,0,0,-1.000000e+000,-1.000000e+000
6.121700e+002,2.236200e+002,0,0,-1.000000e+000,-1.000000e+000
2.506300e+002,2.274600e+002,0,0,-1.000000e+000,-1.000000e+000
4.945000e+002,2.275100e+002,0,0,-1.000000e+000,-1.000000e+000
4.945000e+002,2.275100e+002,0,0,-1.000000e+000,-1.000000e+000
2.000900e+002,2.291200e+002,1,1,1.899800e+002,2.325700e+002
6.242000e+002,2.319100e+002,0,0,-1.000000e+000,-1.000000e+000
6.210200e+002,2.338500e+002,0,0,-1.000000e+000,-1.000000e+000
6.308000e+002,2.357800e+002,0,0,-1.000000e+000,-1.000000e+000
1.482000e+002,2.516200e+002,0,0,-1.000000e+000,-1.000000e+000
4.397800e+002,2.721200e+002,0,0,-1.000000e+000,-1.000000e+000
4.348700e+002,2.727400e+002,0,0,-1.000000e+000,-1.000000e+000
4.777000e+001,2.729800e+002,0,0,-1.000000e+000,-1.000000e+000
3.736400e+002,2.832400e+002,0,0,-1.000000e+000,-1.000000e+000
3.683900e+002,2.839700e+002,0,0,-1.000000e+000,-1.000000e+000
4.897800e+002,2.890300e+002,0,0,-1.000000e+000,-1.000000e+000
4.884300e+002,2.955700e+002,0,0,-1.000000e+000,-1.000000e+000
3.365300e+002,3.020100e+002,1,1,3.244900e+002,3.091300e+002
3.365300e+002,3.020100e+002,1,1,3.244900e+002,3.091300e+002
1.302700e+002,3.229000e+002,0,0,-1.000000e+000,-1.000000e+000
1.302700e+002,3.229000e+002,0,0,-1.000000e+000,-1.000000e+000
9.006000e+001,3.238400e+002,1,1,7.347000e+001,3.269000e+002
1.102100e+002,3.250700e+002,1,1,9.316000e+001,3.288500e+002
5.273600e+002,3.251900e+002,0,0,-1.000000e+000,-1.000000e+000
1.287700e+002,3.259000e+002,0,0,-1.000000e+000,-1.000000e+000
1.582200e+002,3.258900e+002,0,0,-1.000000e+000,-1.000000e+000
1.613600e+002,3.290600e+002,0,0,-1.000000e+000,-1.000000e+000
1.613600e+002,3.290600e+002,0,0,-1.000000e+000,-1.000000e+000
8.125000e+001,3.318300e+002,0,0,-1.000000e+000,-1.000000e+000
8.125000e+001,3.318300e+002,0,0,-1.000000e+000,-1.000000e+000
1.087900e+002,3.332200e+002,0,0,-1.000000e+000,-1.000000e+000
1.087900e+002,3.332200e+002,0,0,-1.000000e+000,-1.000000e+000
5.387200e+002,3.334800e+002,0,0,-1.000000e+000,-1.000000e+000
7.984000e+001,3.349100e+002,0,0,-1.000000e+000,-1.000000e+000
9.986000e+001,3.374500e+002,0,0,-1.000000e+000,-1.000000e+000
9.986000e+001,3.374500e+002,0,0,-1.000000e+000,-1.000000e+000
6.791000e+001,3.380300e+002,0,0,-1.000000e+000,-1.000000e+000
6.791000e+001,3.380300e+002,0,0,-1.000000e+000,-1.000000e+000
7.307000e+001,3.380000e+002,0,0,-1.000000e+000,-1.000000e+000
8.883000e+001,3.386100e+002,0,0,-1.000000e+000,-1.000000e+000
1.557300e+002,3.389700e+002,0,0,-1.000000e+000,-1.000000e+000
5.576100e+002,3.396400e+002,0,0,-1.000000e+000,-1.000000e+000
5.825000e+001,3.424700e+002,0,0,-1.000000e+000,-1.000000e+000
5.825000e+001,3.424700e+002,0,0,-1.000000e+000,-1.000000e+000
9.038000e+001,3.422100e+002,0,0,-1.000000e+000,-1.000000e+000
9.038000e+001,3.422100e+002,0,0,-1.000000e+000,-1.000000e+000
1.053600e+002,3.439600e+002,0,0,-1.000000e+000,-1.000000e+000
1.053600e+002,3.439600e+002,0,0,-1.000000e+000,-1.000000e+000
3.066500e+002,3.451300e+002,0,0,-1.000000e+000,-1.000000e+000
6.645000e+001,3.454600e+002,0,0,-1.000000e+000,-1.000000e+000
4.863000e+001,3.470700e+002,0,0,-1.000000e+000,-1.000000e+000
4.863000e+001,3.470700e+002,0,0,-1.000000e+000,-1.000000e+000
5.710000e+001,3.499500e+002,0,0,-1.000000e+000,-1.000000e+000
4.756000e+001,3.505200e+002,0,0,-1.000000e+000,-1.000000e+000
9.775000e+001,3.508900e+002,0,0,-1.000000e+000,-1.000000e+000
1.402500e+002,3.508300e+002,0,0,-1.000000e+000,-1.000000e+000
3.917000e+001,3.520100e+002,0,0,-1.000000e+000,-1.000000e+000
3.917000e+001,3.520100e+002,0,0,-1.000000e+000,-1.000000e+000
5.570000e+001,3.544100e+002,0,0,-1.000000e+000,-1.000000e+000
1.452000e+002,3.558100e+002,0,0,-1.000000e+000,-1.000000e+000
1.332100e+002,3.573200e+002,0,0,-1.000000e+000,-1.000000e+000
5.782000e+001,3.577500e+002,0,0,-1.000000e+000,-1.000000e+000
5.782000e+001,3.577500e+002,0,0,-1.000000e+000,-1.000000e+000
2.376000e+001,3.587600e+002,0,0,-1.000000e+000,-1.000000e+000
2.376000e+001,3.587600e+002,0,0,-1.000000e+000,-1.000000e+000
1.308600e+002,3.606300e+002,0,0,-1.000000e+000,-1.000000e+000
2.317000e+001,3.624400e+002,0,0,-1.000000e+000,-1.000000e+000
4.811000e+001,3.625800e+002,0,0,-1.000000e+000,-1.000000e+000
8.616000e+001,3.629000e+002,0,0,-1.000000e+000,-1.000000e+000
1.331000e+001,3.636200e+002,0,0,-1.000000e+000,-1.000000e+000
1.331000e+001,3.636200e+002,0,0,-1.000000e+000,-1.000000e+000
3.539000e+001,3.641700e+002,0,0,-1.000000e+000,-1.000000e+000
6.105000e+001,3.645200e+002,0,0,-1.000000e+000,-1.000000e+000
5.840000e+001,3.669300e+002,0,0,-1.000000e+000,-1.000000e+000
3.788000e+001,3.675000e+002,0,0,-1.000000e+000,-1.000000e+000
3.788000e+001,3.675000e+002,0,0,-1.000000e+000,-1.000000e+000
3.788000e+001,3.675000e+002,0,0,-1.000000e+000,-1.000000e+000
2.940000e+000,3.686900e+002,0,0,-1.000000e+000,-1.000000e+000
2.940000e+000,3.686900e+002,0,0,-1.000000e+000,-1.000000e+000
1.139800e+002,3.714400e+002,0,0,-1.000000e+000,-1.000000e+000
4.853000e+001,3.719100e+002,0,0,-1.000000e+000,-1.000000e+000
3.839000e+001,3.770800e+002,0,0,-1.000000e+000,-1.000000e+000
8.673000e+001,3.812900e+002,0,0,-1.000000e+000,-1.000000e+000
2.793000e+001,3.819800e+002,0,0,-1.000000e+000,-1.000000e+000
2.793000e+001,3.819800e+002,0,0,-1.000000e+000,-1.000000e+000
4.974000e+001,3.854000e+002,0,0,-1.000000e+000,-1.000000e+000
5.799000e+001,3.865700e+002,0,0,-1.000000e+000,-1.000000e+000
7.414000e+001,3.876600e+002,0,0,-1.000000e+000,-1.000000e+000
3.667000e+001,3.880900e+002,0,0,-1.000000e+000,-1.000000e+000
2.000000e+001,3.904400e+002,0,0,-1.000000e+000,-1.000000e+000
2.000000e+001,3.904400e+002,0,0,-1.000000e+000,-1.000000e+000
3.880000e+001,3.905300e+002,0,0,-1.000000e+000,-1.000000e+000
3.880000e+001,3.905300e+002,0,0,-1.000000e+000,-1.000000e+000
6.330000e+000,3.922900e+002,0,0,-1.000000e+000,-1.000000e+000
2.602000e+001,3.933800e+002,0,0,-1.000000e+000,-1.000000e+000
3.787200e+002,4.403500e+002,0,0,-1.000000e+000,-1.000000e+000
1.266000e+002,8.987000e+001,0,0,-1.000000e+000,-1.000000e+000
5.679300e+002,1.314600e+002,0,0,-1.000000e+000,-1.000000e+000
4.242500e+002,1.432600e+002,0,0,-1.000000e+000,-1.000000e+000
3.185300e+002,1.528300e+002,0,0,-1.000000e+000,-1.000000e+000
5.605900e+002,1.579900e+002,1,1,5.565200e+002,1.663600e+002
5.605900e+002,1.579900e+002,0,0,-1.000000e+000,-1.000000e+000
5.761600e+002,1.725300e+002,0,0,-1.000000e+000,-1.000000e+000
3.957200e+002,1.734900e+002,1,1,3.889900e+002,1.800800e+002
3.957200e+002,1.734900e+002,0,0,-1.000000e+000,-1.000000e+000
5.749700e+002,1.800300e+002,0,0,-1.000000e+000,-1.000000e+000
6.051600e+002,1.945000e+002,1,1,6.024900e+002,2.044600e+002
2.520400e+002,1.973100e+002,1,1,2.414400e+002,2.018500e+002
2.504200e+002,2.166700e+002,0,0,-1.000000e+000,-1.000000e+000
4.727800e+002,2.213000e+002,0,0,-1.000000e+000,-1.000000e+000
6.083300e+002,2.254600e+002,0,0,-1.000000e+000,-1.000000e+000
2.790000e+002,2.288500e+002,0,0,-1.000000e+000,-1.000000e+000
6.142400e+002,2.294900e+002,0,0,-1.000000e+000,-1.000000e+000
2.045700e+002,2.314700e+002,0,0,-1.000000e+000,-1.000000e+000
4.892300e+002,2.327600e+002,0,0,-1.000000e+000,-1.000000e+000
4.892300e+002,2.327600e+002,1,1,4.808800e+002,2.416600e+002
2.326300e+002,2.379000e+002,0,0,-1.000000e+000,-1.000000e+000
4.908000e+002,2.509500e+002,0,0,-1.000000e+000,-1.000000e+000
4.582400e+002,2.683900e+002,1,1,4.486300e+002,2.769600e+002
3.401400e+002,2.942300e+002,0,0,-1.000000e+000,-1.000000e+000
3.453000e+002,2.952000e+002,0,0,-1.000000e+000,-1.000000e+000
3.392500e+002,3.058800e+002,0,0,-1.000000e+000,-1.000000e+000
1.437300e+002,3.178300e+002,0,0,-1.000000e+000,-1.000000e+000
1.356100e+002,3.219000e+002,0,0,-1.000000e+000,-1.000000e+000
1.488000e+002,3.226600e+002,0,0,-1.000000e+000,-1.000000e+000
1.215100e+002,3.280700e+002,0,0,-1.000000e+000,-1.000000e+000
1.555400e+002,3.286900e+002,0,0,-1.000000e+000,-1.000000e+000
1.618200e+002,3.341000e+002,0,0,-1.000000e+000,-1.000000e+000
1.618200e+002,3.341000e+002,0,0,-1.000000e+000,-1.000000e+000
1.692300e+002,3.355500e+002,0,0,-1.000000e+000,-1.000000e+000
1.057000e+002,3.366200e+002,0,0,-1.000000e+000,-1.000000e+000
1.057000e+002,3.366200e+002,0,0,-1.000000e+000,-1.000000e+000
1.539900e+002,3.386900e+002,0,0,-1.000000e+000,-1.000000e+000
1.539900e+002,3.386900e+002,0,0,-1.000000e+000,-1.000000e+000
1.593700e+002,3.383500e+002,0,0,-1.000000e+000,-1.000000e+000
1.678300e+002,3.396900e+002,0,0,-1.000000e+000,-1.000000e+000
1.678300e+002,3.396900e+002,0,0,-1.000000e+000,-1.000000e+000
1.511200e+002,3.429600e+002,0,0,-1.000000e+000,-1.000000e+000
1.511200e+002,3.429600e+002,0,0,-1.000000e+000,-1.000000e+000
1.471000e+002,3.526600e+002,0,0,-1.000000e+000,-1.000000e+000
1.185300e+002,3.575500e+002,0,0,-1.000000e+000,-1.000000e+000
2.939000e+001,3.584000e+002,0,0,-1.000000e+000,-1.000000e+000
3.565000e+001,3.600900e+002,0,0,-1.000000e+000,-1.000000e+000
5.785600e+002,3.606600e+002,0,0,-1.000000e+000,-1.000000e+000
1.152900e+002,3.679100e+002,0,0,-1.000000e+000,-1.000000e+000
2.797000e+001,3.727500e+002,0,0,-1.000000e+000,-1.000000e+000
1.591000e+001,3.734000e+002,0,0,-1.000000e+000,-1.000000e+000
6.914000e+001,3.747700e+002,0,0,-1.000000e+000,-1.000000e+000
9.896000e+001,3.749400e+002,0,0,-1.000000e+000,-1.000000e+000
9.896000e+001,3.749400e+002,0,0,-1.000000e+000,-1.000000e+000
1.126000e+002,3.754000e+002,0,0,-1.000000e+000,-1.000000e+000
1.729000e+001,3.777700e+002,0,0,-1.000000e+000,-1.000000e+000
1.729000e+001,3.777700e+002,0,0,-1.000000e+000,-1.000000e+000
1.729000e+001,3.777700e+002,0,0,-1.000000e+000,-1.000000e+000
8.052000e+001,3.786200e+002,0,0,-1.000000e+000,-1.000000e+000
8.052000e+001,3.786200e+002,0,0,-1.000000e+000,-1.000000e+000
5.908000e+001,3.799600e+002,0,0,-1.000000e+000,-1.000000e+000
5.908000e+001,3.799600e+002,0,0,-1.000000e+000,-1.000000e+000
8.371000e+001,3.905100e+002,0,0,-1.000000e+000,-1.000000e+000
9.130000e+000,3.953300e+002,0,0,-1.000000e+000,-1.000000e+000
6.172000e+001,3.950200e+002,0,0,-1.000000e+000,-1.000000e+000
7.217000e+001,3.966300e+002,0,0,-1.000000e+000,-1.000000e+000
5.887000e+001,3.984800e+002,0,0,-1.000000e+000,-1.000000e+000
6.310000e+000,4.061600e+002,0,0,-1.000000e+000,-1.000000e+000
5.804100e+002,2.999000e+001,0,0,-1.000000e+000,-1.000000e+000
5.780900e+002,5.599000e+001,1,1,5.751400e+002,6.452000e+001
5.672000e+002,1.374900e+002,0,0,-1.000000e+000,-1.000000e+000
5.672000e+002,1.374900e+002,1,1,5.633400e+002,1.444300e+002
5.663400e+002,1.450800e+002,0,0,-1.000000e+000,-1.000000e+000
5.663400e+002,1.450800e+002,0,0,-1.000000e+000,-1.000000e+000
5.224200e+002,1.486400e+002,0,0,-1.000000e+000,-1.000000e+000
5.569200e+002,1.531200e+002,1,1,5.532500e+002,1.614900e+002
5.643100e+002,1.623300e+002,1,1,5.600000e+002,1.698200e+002
5.591600e+002,1.652100e+002,0,0,-1.000000e+000,-1.000000e+000
5.765800e+002,1.719100e+002,0,0,-1.000000e+000,-1.000000e+000
6.183100e+002,1.759600e+002,1,1,6.151100e+002,1.852900e+002
6.300100e+002,1.820300e+002,0,0,-1.000000e+000,-1.000000e+000
3.179600e+002,1.830600e+002,0,0,-1.000000e+000,-1.000000e+000
6.044700e+002,1.947300e+002,0,0,-1.000000e+000,-1.000000e+000
5.505200e+002,2.086600e+002,0,0,-1.000000e+000,-1.000000e+000
2.498800e+002,2.171900e+002,1,1,2.397500e+002,2.210900e+002
4.724500e+002,2.213300e+002,0,0,-1.000000e+000,-1.000000e+000
2.045000e+002,2.318100e+002,0,0,-1.000000e+000,-1.000000e+000
1.623400e+002,2.361000e+002,0,0,-1.000000e+000,-1.000000e+000
5.657200e+002,2.392100e+002,0,0,-1.000000e+000,-1.000000e+000
4.335800e+002,3.102700e+002,0,0,-1.000000e+000,-1.000000e+000
4.516200e+002,3.126100e+002,0,0,-1.000000e+000,-1.000000e+000
3.672400e+002,3.230000e+002,1,1,3.553000e+002,3.309100e+002
3.672400e+002,3.230000e+002,1,1,3.553000e+002,3.309100e+002
1.409800e+002,3.273900e+002,0,0,-1.000000e+000,-1.000000e+000
1.409800e+002,3.273900e+002,0,0,-1.000000e+000,-1.000000e+000
9.391000e+001,3.313700e+002,0,0,-1.000000e+000,-1.000000e+000
1.467100e+002,3.334900e+002,0,0,-1.000000e+000,-1.000000e+000
1.467100e+002,3.334900e+002,0,0,-1.000000e+000,-1.000000e+000
1.681000e+002,3.398500e+002,0,0,-1.000000e+000,-1.000000e+000
1.681000e+002,3.398500e+002,0,0,-1.000000e+000,-1.000000e+000
9.622000e+001,3.410200e+002,0,0,-1.000000e+000,-1.000000e+000
1.112900e+002,3.428900e+002,0,0,-1.000000e+000,-1.000000e+000
1.112900e+002,3.428900e+002,0,0,-1.000000e+000,-1.000000e+000
1.443800e+002,3.431000e+002,0,0,-1.000000e+000,-1.000000e+000
1.598200e+002,3.447600e+002,0,0,-1.000000e+000,-1.000000e+000
1.598200e+002,3.447600e+002,0,0,-1.000000e+000,-1.000000e+000
3.063100e+002,3.457400e+002,0,0,-1.000000e+000,-1.000000e+000
1.022900e+002,3.475300e+002,0,0,-1.000000e+000,-1.000000e+000
1.515300e+002,3.485700e+002,0,0,-1.000000e+000,-1.000000e+000
7.315000e+001,3.598300e+002,0,0,-1.000000e+000,-1.000000e+000
5.726500e+002,3.607900e+002,0,0,-1.000000e+000,-1.000000e+000
5.790000e+002,3.613000e+002,0,0,-1.000000e+000,-1.000000e+000
1.988000e+001,3.625800e+002,0,0,-1.000000e+000,-1.000000e+000
6.351000e+001,3.646100e+002,0,0,-1.000000e+000,-1.000000e+000
6.351000e+001,3.646100e+002,0,0,-1.000000e+000,-1.000000e+000
8.188000e+001,3.652100e+002,0,0,-1.000000e+000,-1.000000e+000
1.209600e+002,3.652200e+002,0,0,-1.000000e+000,-1.000000e+000
1.209600e+002,3.652200e+002,0,0,-1.000000e+000,-1.000000e+000
9.440000e+000,3.675400e+002,0,0,-1.000000e+000,-1.000000e+000
5.445000e+001,3.702300e+002,0,0,-1.000000e+000,-1.000000e+000
5.445000e+001,3.702300e+002,0,0,-1.000000e+000,-1.000000e+000
7.265000e+001,3.701500e+002,0,0,-1.000000e+000,-1.000000e+000
1.054000e+002,3.734000e+002,0,0,-1.000000e+000,-1.000000e+000
4.430000e+001,3.750900e+002,0,0,-1.000000e+000,-1.000000e+000
4.430000e+001,3.750900e+002,0,0,-1.000000e+000,-1.000000e+000
6.287000e+001,3.755800e+002,0,0,-1.000000e+000,-1.000000e+000
6.287000e+001,3.755800e+002,0,0,-1.000000e+000,-1.000000e+000
7.349000e+001,3.790900e+002,0,0,-1.000000e+000,-1.000000e+000
3.380000e+001,3.801100e+002,0,0,-1.000000e+000,-1.000000e+000
5.276000e+001,3.807100e+002,0,0,-1.000000e+000,-1.000000e+000
5.276000e+001,3.807100e+002,0,0,-1.000000e+000,-1.000000e+000
7.600000e+000,3.840200e+002,0,0,-1.000000e+000,-1.000000e+000
6.387000e+001,3.842400e+002,0,0,-1.000000e+000,-1.000000e+000
6.387000e+001,3.842400e+002,0,0,-1.000000e+000,-1.000000e+000
2.355000e+001,3.853100e+002,0,0,-1.000000e+000,-1.000000e+000
2.355000e+001,3.853100e+002,0,0,-1.000000e+000,-1.000000e+000
4.216000e+001,3.858600e+002,0,0,-1.000000e+000,-1.000000e+000
5.326000e+001,3.893800e+002,0,0,-1.000000e+000,-1.000000e+000
1.256000e+001,3.905200e+002,0,0,-1.000000e+000,-1.000000e+000
3.245000e+001,3.911100e+002,0,0,-1.000000e+000,-1.000000e+000
3.245000e+001,3.911100e+002,0,0,-1.000000e+000,-1.000000e+000
4.972000e+001,3.938000e+002,0,0,-1.000000e+000,-1.000000e+000
2.145000e+001,3.962900e+002,0,0,-1.000000e+000,-1.000000e+000
2.145000e+001,3.962900e+002,0,0,-1.000000e+000,-1.000000e+000
3.907000e+001,3.990100e+002,0,0,-1.000000e+000,-1.000000e+000
3.218000e+001,3.999000e+002,0,0,-1.000000e+000,-1.000000e+000
1.056000e+001,4.016100e+002,0,0,-1.000000e+000,-1.000000e+000
5.768000e+001,4.040700e+002,0,0,-1.000000e+000,-1.000000e+000
2.187000e+001,4.055200e+002,0,0,-1.000000e+000,-1.000000e+000
1.774000e+001,4.102700e+002,0,0,-1.000000e+000,-1.000000e+000
1.022000e+001,4.111000e+002,0,0,-1.000000e+000,-1.000000e+000
1.022000e+001,4.111000e+002,0,0,-1.000000e+000,-1.000000e+000
6.960000e+000,4.160500e+002,0,0,-1.000000e+000,-1.000000e+000
4.113500e+002,1.359900e+002,0,0,-1.000000e+000,-1.000000e+000
4.797700e+002,1.393600e+002,0,0,-1.000000e+000,-1.000000e+000
5.608500e+002,1.414300e+002,1,1,5.568100e+002,1.497600e+002
3.951500e+002,1.734500e+002,0,0,-1.000000e+000,-1.000000e+000
3.951500e+002,1.734500e+002,0,0,-1.000000e+000,-1.000000e+000
5.635600e+002,1.727600e+002,1,1,5.590000e+002,1.818300e+002
5.872600e+002,1.849500e+002,1,1,5.825500e+002,1.943200e+002
5.877600e+002,1.922700e+002,1,1,5.821400e+002,2.020400e+002
2.576400e+002,1.959200e+002,0,0,-1.000000e+000,-1.000000e+000
5.143100e+002,2.180800e+002,1,1,5.071500e+002,2.264600e+002
2.309500e+002,2.193200e+002,1,1,2.224800e+002,2.229600e+002
2.309500e+002,2.193200e+002,0,0,-1.000000e+000,-1.000000e+000
2.247600e+002,2.233900e+002,1,1,2.146600e+002,2.268000e+002
2.247600e+002,2.233900e+002,0,0,-1.000000e+000,-1.000000e+000
2.213800e+002,2.298700e+002,1,1,2.114300e+002,2.331300e+002
5.618800e+002,2.402300e+002,0,0,-1.000000e+000,-1.000000e+000
6.309100e+002,2.447600e+002,1,1,6.266300e+002,2.558400e+002
4.677100e+002,2.674400e+002,1,1,4.574000e+002,2.762700e+002
4.394600e+002,2.725000e+002,0,0,-1.000000e+000,-1.000000e+000
4.303200e+002,2.751700e+002,1,1,4.194800e+002,2.838400e+002
4.861600e+002,2.822500e+002,1,1,4.760600e+002,2.911800e+002
1.756200e+002,3.024100e+002,1,1,1.608400e+002,3.081600e+002
1.023600e+002,3.263000e+002,0,0,-1.000000e+000,-1.000000e+000
1.023600e+002,3.263000e+002,0,0,-1.000000e+000,-1.000000e+000
9.457000e+001,3.377500e+002,0,0,-1.000000e+000,-1.000000e+000
7.063000e+001,3.412700e+002,1,1,5.443000e+001,3.446500e+002
6.107000e+001,3.457800e+002,0,0,-1.000000e+000,-1.000000e+000
5.133000e+001,3.504200e+002,0,0,-1.000000e+000,-1.000000e+000
5.133000e+001,3.504200e+002,0,0,-1.000000e+000,-1.000000e+000
6.158000e+001,3.531500e+002,0,0,-1.000000e+000,-1.000000e+000
5.197000e+001,3.580800e+002,0,0,-1.000000e+000,-1.000000e+000
4.177000e+001,3.615000e+002,0,0,-1.000000e+000,-1.000000e+000
4.177000e+001,3.615000e+002,0,0,-1.000000e+000,-1.000000e+000
1.369500e+002,3.613300e+002,1,1,1.206700e+002,3.658200e+002
5.714000e+002,3.607900e+002,0,0,-1.000000e+000,-1.000000e+000
1.596000e+001,3.668600e+002,0,0,-1.000000e+000,-1.000000e+000
1.596000e+001,3.668600e+002,0,0,-1.000000e+000,-1.000000e+000
3.179000e+001,3.675200e+002,0,0,-1.000000e+000,-1.000000e+000
2.161000e+001,3.721900e+002,0,0,-1.000000e+000,-1.000000e+000
5.915000e+002,3.765700e+002,1,1,5.820600e+002,3.883100e+002
1.084000e+001,3.775500e+002,0,0,-1.000000e+000,-1.000000e+000
9.429000e+001,3.789400e+002,0,0,-1.000000e+000,-1.000000e+000
9.429000e+001,3.789400e+002,0,0,-1.000000e+000,-1.000000e+000
1.023600e+002,3.795700e+002,0,0,-1.000000e+000,-1.000000e+000
8.209000e+001,3.851500e+002,0,0,-1.000000e+000,-1.000000e+000
9.017000e+001,3.861000e+002,0,0,-1.000000e+000,-1.000000e+000
6.927000e+001,3.917400e+002,0,0,-1.000000e+000,-1.000000e+000
6.927000e+001,3.917400e+002,0,0,-1.000000e+000,-1.000000e+000
7.786000e+001,3.925900e+002,0,0,-1.000000e+000,-1.000000e+000
5.634000e+001,3.984300e+002,0,0,-1.000000e+000,-1.000000e+000
5.634000e+001,3.984300e+002,1,1,3.493000e+001,4.029800e+002
6.479000e+001,3.989200e+002,0,0,-1.000000e+000,-1.000000e+000
5.692000e+002,1.016000e+001,0,0,-1.000000e+000,-1.000000e+000
5.764500e+002,3.581000e+001,1,1,5.748600e+002,4.374000e+001
4.125300e+002,1.281300e+002,1,1,4.080100e+002,1.336700e+002
5.644800e+002,1.521100e+002,1,1,5.601600e+002,1.600600e+002
5.963400e+002,1.974300e+002,1,1,5.912000e+002,2.075100e+002
5.744800e+002,2.028900e+002,1,1,5.687600e+002,2.120300e+002
1.612200e+002,2.142400e+002,0,0,-1.000000e+000,-1.000000e+000
5.973100e+002,2.223700e+002,0,0,-1.000000e+000,-1.000000e+000
2.474700e+002,2.338600e+002,1,1,2.376500e+002,2.379400e+002
2.474700e+002,2.338600e+002,1,1,2.376500e+002,2.379400e+002
2.328500e+002,2.356500e+002,1,1,2.241900e+002,2.395600e+002
4.886900e+002,2.457100e+002,1,1,4.805200e+002,2.546300e+002
1.748300e+002,3.032300e+002,0,0,-1.000000e+000,-1.000000e+000
7.375000e+001,3.485400e+002,0,0,-1.000000e+000,-1.000000e+000
5.830200e+002,3.548800e+002,0,0,-1.000000e+000,-1.000000e+000
5.698900e+002,3.608600e+002,0,0,-1.000000e+000,-1.000000e+000
5.434500e+002,3.980700e+002,1,1,5.316300e+002,4.104800e+002
5.948400e+002,6.632000e+001,1,1,5.919100e+002,7.460000e+001
1.299100e+002,1.029500e+002,0,0,-1.000000e+000,-1.000000e+000
1.299100e+002,1.029500e+002,1,0,1.163800e+002,1.067000e+002
5.076700e+002,1.436200e+002,1,1,5.039500e+002,1.498900e+002
5.341100e+002,1.568300e+002,1,1,5.298900e+002,1.649100e+002
5.475400e+002,1.555000e+002,1,1,5.452300e+002,1.638700e+002
3.809000e+002,1.572100e+002,0,0,-1.000000e+000,-1.000000e+000
3.809000e+002,1.572100e+002,1,1,3.714100e+002,1.622200e+002
3.896100e+002,1.721400e+002,0,0,-1.000000e+000,-1.000000e+000
3.896100e+002,1.721400e+002,0,0,-1.000000e+000,-1.000000e+000
5.534800e+002,2.093800e+002,0,0,-1.000000e+000,-1.000000e+000
4.928500e+002,2.301400e+002,1,1,4.846000e+002,2.376600e+002
2.196600e+002,2.319900e+002,0,0,-1.000000e+000,-1.000000e+000
5.924000e+002,2.316900e+002,0,0,-1.000000e+000,-1.000000e+000
5.924000e+002,2.316900e+002,0,0,-1.000000e+000,-1.000000e+000
5.108100e+002,2.515300e+002,0,0,-1.000000e+000,-1.000000e+000
2.359100e+002,2.792000e+002,1,1,2.232500e+002,2.834100e+002
3.739900e+002,2.859300e+002,1,1,3.618200e+002,2.935900e+002
1.149400e+002,2.901000e+002,1,1,1.028300e+002,2.922800e+002
1.036800e+002,2.961100e+002,0,0,-1.000000e+000,-1.000000e+000
2.029700e+002,3.071000e+002,0,0,-1.000000e+000,-1.000000e+000
4.293300e+002,3.128400e+002,1,1,4.170000e+002,3.220900e+002
1.310100e+002,3.502100e+002,0,0,-1.000000e+000,-1.000000e+000
1.310100e+002,3.502100e+002,0,0,-1.000000e+000,-1.000000e+000
5.898200e+002,5.486000e+001,1,1,5.879800e+002,6.325000e+001
1.592200e+002,1.537000e+002,0,0,-1.000000e+000,-1.000000e+000
2.620900e+002,1.979400e+002,1,1,2.528200e+002,2.023300e+002
6.109200e+002,1.997000e+002,1,1,6.063600e+002,2.098900e+002
4.785000e+002,2.161300e+002,1,1,4.708300e+002,2.242100e+002
1.393200e+002,2.308200e+002,0,0,-1.000000e+000,-1.000000e+000
5.875500e+002,2.423900e+002,1,1,5.814700e+002,2.525100e+002
4.660500e+002,2.695100e+002,1,1,4.560300e+002,2.780500e+002
1.247300e+002,2.737400e+002,1,1,1.127500e+002,2.761700e+002
2.600000e+002,2.740500e+002,1,1,2.498000e+002,2.793700e+002
2.043300e+002,3.072100e+002,0,0,-1.000000e+000,-1.000000e+000
2.835000e+001,3.115500e+002,0,0,-1.000000e+000,-1.000000e+000
5.701900e+002,3.728300e+002,1,1,5.594800e+002,3.849800e+002
5.478100e+002,3.799700e+002,1,1,5.366000e+002,3.918800e+002
5.727400e+002,4.727000e+001,0,0,-1.000000e+000,-1.000000e+000
1.383900e+002,9.011000e+001,1,0,1.278200e+002,9.156000e+001
4.791400e+002,1.449000e+002,0,0,-1.000000e+000,-1.000000e+000
6.109400e+002,1.842900e+002,1,1,6.077800e+002,1.939600e+002
4.987200e+002,2.803200e+002,1,1,4.890200e+002,2.893900e+002
1.530900e+002,2.859200e+002,0,0,-1.000000e+000,-1.000000e+000
3.430300e+002,2.965800e+002,1,1,3.297900e+002,3.040700e+002
1.878200e+002,3.038700e+002,1,1,1.748200e+002,3.075100e+002
1.878200e+002,3.038700e+002,1,1,1.748200e+002,3.075100e+002
3.229100e+002,3.291600e+002,1,1,3.088600e+002,3.364000e+002
6.017100e+002,1.876400e+002,0,0,-1.000000e+000,-1.000000e+000
6.017900e+002,2.124300e+002,1,1,5.962100e+002,2.223900e+002
4.896200e+002,2.334800e+002,0,0,-1.000000e+000,-1.000000e+000
4.896200e+002,2.334800e+002,1,1,4.822800e+002,2.415900e+002
1.145300e+002,2.529800e+002,1,1,1.026100e+002,2.550200e+002
4.738400e+002,2.518300e+002,1,1,4.613300e+002,2.600400e+002
4.738400e+002,2.518300e+002,1,1,4.613300e+002,2.600400e+002
1.386100e+002,2.713600e+002,1,1,1.252600e+002,2.744500e+002
5.002200e+002,2.810200e+002,0,0,-1.000000e+000,-1.000000e+000
2.283600e+002,3.135900e+002,1,1,2.150400e+002,3.189600e+002
1.874000e+002,3.397400e+002,1,1,1.724300e+002,3.445400e+002
4.326400e+002,1.310600e+002,1,1,4.284400e+002,1.368900e+002
6.049200e+002,2.118500e+002,0,0,-1.000000e+000,-1.000000e+000
2.063100e+002,3.291200e+002,1,1,1.921300e+002,3.337500e+002
3.566900e+002,1.664200e+002,1,1,3.502900e+002,1.718400e+002
1.681100e+002,1.730300e+002,1,1,1.570300e+002,1.756800e+002
1.681100e+002,1.730300e+002,1,1,1.570300e+002,1.756800e+002
2.682800e+002,2.426500e+002,1,1,2.577300e+002,2.480700e+002
4.652100e+002,2.502700e+002,1,1,4.575400e+002,2.593400e+002
9.008000e+001,2.849500e+002,0,0,-1.000000e+000,-1.000000e+000
7.240000e+001,3.240700e+002,1,1,5.646000e+001,3.269200e+002
5.941100e+002,3.382100e+002,0,0,-1.000000e+000,-1.000000e+000
2.223900e+002,3.463100e+002,1,1,2.073200e+002,3.511400e+002
5.467100e+002,1.851000e+002,1,1,5.417200e+002,1.936100e+002
2.305000e+002,1.954700e+002,0,0,-1.000000e+000,-1.000000e+000
5.481900e+002,2.319200e+002,1,1,5.416200e+002,2.422400e+002
8.790000e+001,2.852500e+002,0,0,-1.000000e+000,-1.000000e+000
3.579000e+001,2.978500e+002,1,0,1.481000e+001,3.134200e+002
6.994000e+001,3.270700e+002,0,0,-1.000000e+000,-1.000000e+000
4.493900e+002,2.960800e+002,1,1,4.374300e+002,3.057500e+002
2.081300e+002,2.612300e+002,1,1,1.968000e+002,2.652900e+002
3.345800e+002,2.356000e+002,0,0,-1.000000e+000,-1.000000e+000
2.735000e+002,3.146300e+002,1,1,2.601600e+002,3.210100e+002