4.826900e+002,1.891000e+001,0,0,-1.000000e+000,-1.000000e+000
5.216600e+002,3.151000e+001,0,0,-1.000000e+000,-1.000000e+000
6.245900e+002,3.545000e+001,0,0,-1.000000e+000,-1.000000e+000
6.206300e+002,3.588000e+001,0,0,-1.000000e+000,-1.000000e+000
6.239800e+002,3.805000e+001,0,0,-1.000000e+000,-1.000000e+000
6.209000e+002,3.840000e+001,0,0,-1.000000e+000,-1.000000e+000
5.827800e+002,4.124000e+001,0,0,-1.000000e+000,-1.000000e+000
6.062700e+002,4.346000e+001,0,0,-1.000000e+000,-1.000000e+000
5.975400e+002,4.422000e+001,0,0,-1.000000e+000,-1.000000e+000
5.876000e+002,4.740000e+001,0,0,-1.000000e+000,-1.000000e+000
5.725200e+002,4.881000e+001,0,0,-1.000000e+000,-1.000000e+000
6.246600e+002,5.291000e+001,0,0,-1.000000e+000,-1.000000e+000
6.206600e+002,5.369000e+001,0,0,-1.000000e+000,-1.000000e+000
6.039100e+002,5.540000e+001,0,0,-1.000000e+000,-1.000000e+000
5.881300e+002,5.744000e+001,0,0,-1.000000e+000,-1.000000e+000
6.037600e+002,5.790000e+001,0,0,-1.000000e+000,-1.000000e+000
4.524100e+002,6.248000e+001,0,0,-1.000000e+000,-1.000000e+000
4.405200e+002,6.360000e+001,0,0,-1.000000e+000,-1.000000e+000
6.096200e+002,6.552000e+001,1,1,6.174700e+002,6.985000e+001
1.028100e+002,8.561000e+001,0,0,-1.000000e+000,-1.000000e+000
4.111400e+002,8.771000e+001,0,0,-1.000000e+000,-1.000000e+000
4.077000e+002,9.785000e+001,0,0,-1.000000e+000,-1.000000e+000
7.613000e+001,1.019800e+002,0,0,-1.000000e+000,-1.000000e+000
4.842000e+001,1.073500e+002,0,0,-1.000000e+000,-1.000000e+000
4.064500e+002,1.090500e+002,0,0,-1.000000e+000,-1.000000e+000
4.820400e+002,1.212800e+002,0,0,-1.000000e+000,-1.000000e+000
4.787300e+002,1.218500e+002,0,0,-1.000000e+000,-1.000000e+000
4.787300e+002,1.218500e+002,0,0,-1.000000e+000,-1.000000e+000
4.050900e+002,1.225000e+002,0,0,-1.000000e+000,-1.000000e+000
4.724900e+002,1.226300e+002,1,1,4.747300e+002,1.281200e+002
4.724900e+002,1.226300e+002,1,1,4.747300e+002,1.281200e+002
4.505700e+002,1.256800e+002,0,0,-1.000000e+000,-1.000000e+000
4.477800e+002,1.263100e+002,0,0,-1.000000e+000,-1.000000e+000
4.419100e+002,1.271600e+002,0,0,-1.000000e+000,-1.000000e+000
3.583700e+002,1.334600e+002,0,0,-1.000000e+000,-1.000000e+000
4.653600e+002,1.431600e+002,0,0,-1.000000e+000,-1.000000e+000
2.547900e+002,1.442500e+002,0,0,-1.000000e+000,-1.000000e+000
5.525600e+002,1.462500e+002,0,0,-1.000000e+000,-1.000000e+000
4.435800e+002,1.464300e+002,0,0,-1.000000e+000,-1.000000e+000
4.598700e+002,1.464800e+002,0,0,-1.000000e+000,-1.000000e+000
5.442300e+002,1.477300e+002,0,0,-1.000000e+000,-1.000000e+000
5.593800e+002,1.474800e+002,0,0,-1.000000e+000,-1.000000e+000
4.510300e+002,1.478400e+002,0,0,-1.000000e+000,-1.000000e+000
5.538700e+002,1.480900e+002,0,0,-1.000000e+000,-1.000000e+000
5.480600e+002,1.492600e+002,0,0,-1.000000e+000,-1.000000e+000
3.802000e+002,1.498400e+002,0,0,-1.000000e+000,-1.000000e+000
4.944600e+002,1.502600e+002,0,0,-1.000000e+000,-1.000000e+000
5.426200e+002,1.502700e+002,0,0,-1.000000e+000,-1.000000e+000
5.397700e+002,1.509200e+002,0,0,-1.000000e+000,-1.000000e+000
4.297500e+002,1.513900e+002,0,0,-1.000000e+000,-1.000000e+000
5.231400e+002,1.538500e+002,0,0,-1.000000e+000,-1.000000e+000
2.132300e+002,1.556900e+002,0,0,-1.000000e+000,-1.000000e+000
2.910900e+002,1.637900e+002,0,0,-1.000000e+000,-1.000000e+000
5.254400e+002,1.655400e+002,0,0,-1.000000e+000,-1.000000e+000
2.516200e+002,1.680700e+002,0,0,-1.000000e+000,-1.000000e+000
5.307000e+002,1.686300e+002,0,0,-1.000000e+000,-1.000000e+000
5.528500e+002,1.689100e+002,1,1,5.560000e+002,1.750300e+002
5.528500e+002,1.689100e+002,0,0,-1.000000e+000,-1.000000e+000
3.000200e+002,1.693700e+002,0,0,-1.000000e+000,-1.000000e+000
2.961500e+002,1.703000e+002,0,0,-1.000000e+000,-1.000000e+000
2.230000e+002,1.729300e+002,0,0,-1.000000e+000,-1.000000e+000
2.105400e+002,1.751300e+002,0,0,-1.000000e+000,-1.000000e+000
5.554400e+002,1.794900e+002,0,0,-1.000000e+000,-1.000000e+000
2.803100e+002,1.946300e+002,0,0,-1.000000e+000,-1.000000e+000
6.115200e+002,2.030400e+002,0,0,-1.000000e+000,-1.000000e+000
6.032200e+002,2.070300e+002,0,0,-1.000000e+000,-1.000000e+000
5.629900e+002,2.091600e+002,0,0,-1.000000e+000,-1.000000e+000
6.302200e+002,2.108700e+002,0,0,-1.000000e+000,-1.000000e+000
6.207300e+002,2.148200e+002,0,0,-1.000000e+000,-1.000000e+000
6.113700e+002,2.188400e+002,0,0,-1.000000e+000,-1.000000e+000
6.076300e+002,2.202800e+002,0,0,-1.000000e+000,-1.000000e+000
6.020400e+002,2.225500e+002,1,1,6.066400e+002,2.288400e+002
5.802500e+002,2.234500e+002,0,0,-1.000000e+000,-1.000000e+000
5.062900e+002,2.252600e+002,0,0,-1.000000e+000,-1.000000e+000
5.924700e+002,2.264500e+002,1,1,5.956300e+002,2.332700e+002
5.942100e+002,2.286000e+002,1,1,5.968700e+002,2.358100e+002
2.071900e+002,2.295800e+002,0,0,-1.000000e+000,-1.000000e+000
2.118200e+002,2.311000e+002,0,0,-1.000000e+000,-1.000000e+000
5.593200e+002,2.333900e+002,0,0,-1.000000e+000,-1.000000e+000
5.593200e+002,2.333900e+002,0,0,-1.000000e+000,-1.000000e+000
4.865900e+002,2.357000e+002,0,0,-1.000000e+000,-1.000000e+000
2.404400e+002,2.435300e+002,0,0,-1.000000e+000,-1.000000e+000
2.274500e+002,2.453600e+002,0,0,-1.000000e+000,-1.000000e+000
1.265200e+002,2.461600e+002,0,0,-1.000000e+000,-1.000000e+000
1.220000e+002,2.471600e+002,0,0,-1.000000e+000,-1.000000e+000
6.305000e+002,2.642700e+002,0,0,-1.000000e+000,-1.000000e+000
4.226300e+002,2.814800e+002,0,0,-1.000000e+000,-1.000000e+000
4.075000e+002,2.840100e+002,0,0,-1.000000e+000,-1.000000e+000
2.291100e+002,2.877600e+002,0,0,-1.000000e+000,-1.000000e+000
2.254900e+002,2.881500e+002,0,0,-1.000000e+000,-1.000000e+000
1.257200e+002,2.891600e+002,1,1,1.192000e+002,2.979800e+002
1.234500e+002,2.912500e+002,0,0,-1.000000e+000,-1.000000e+000
1.668900e+002,2.971300e+002,0,0,-1.000000e+000,-1.000000e+000
4.776900e+002,3.015200e+002,1,1,4.772200e+002,3.087900e+002
4.776900e+002,3.015200e+002,1,1,4.772200e+002,3.087900e+002
1.145600e+002,3.032700e+002,0,0,-1.000000e+000,-1.000000e+000
1.885800e+002,3.064800e+002,0,0,-1.000000e+000,-1.000000e+000
3.302200e+002,3.067600e+002,0,0,-1.000000e+000,-1.000000e+000
3.302200e+002,3.067600e+002,0,0,-1.000000e+000,-1.000000e+000
1.821100e+002,3.080000e+002,0,0,-1.000000e+000,-1.000000e+000
7.475000e+001,3.300600e+002,0,0,-1.000000e+000,-1.000000e+000
2.247000e+002,3.343500e+002,0,0,-1.000000e+000,-1.000000e+000
8.576000e+001,3.355000e+002,1,1,8.240000e+001,3.411100e+002
2.661500e+002,3.371900e+002,0,0,-1.000000e+000,-1.000000e+000
3.971000e+001,3.454400e+002,0,0,-1.000000e+000,-1.000000e+000
3.035000e+001,3.467000e+002,0,0,-1.000000e+000,-1.000000e+000
3.384600e+002,3.481800e+002,0,0,-1.000000e+000,-1.000000e+000
3.384600e+002,3.481800e+002,0,0,-1.000000e+000,-1.000000e+000
6.294200e+002,3.480700e+002,0,0,-1.000000e+000,-1.000000e+000
6.204700e+002,3.517100e+002,0,0,-1.000000e+000,-1.000000e+000
2.725800e+002,3.544600e+002,0,0,-1.000000e+000,-1.000000e+000
5.886500e+002,3.640000e+002,0,0,-1.000000e+000,-1.000000e+000
6.192500e+002,3.676300e+002,0,0,-1.000000e+000,-1.000000e+000
8.526000e+001,3.725300e+002,0,0,-1.000000e+000,-1.000000e+000
8.526000e+001,3.725300e+002,0,0,-1.000000e+000,-1.000000e+000
9.502000e+001,3.991400e+002,0,0,-1.000000e+000,-1.000000e+000
9.502000e+001,3.991400e+002,0,0,-1.000000e+000,-1.000000e+000
9.267000e+001,4.003700e+002,0,0,-1.000000e+000,-1.000000e+000
9.267000e+001,4.003700e+002,0,0,-1.000000e+000,-1.000000e+000
9.464000e+001,4.021000e+002,0,0,-1.000000e+000,-1.000000e+000
4.892000e+002,4.046400e+002,0,0,-1.000000e+000,-1.000000e+000
4.786800e+002,4.059100e+002,0,0,-1.000000e+000,-1.000000e+000
1.152000e+001,4.081400e+002,0,0,-1.000000e+000,-1.000000e+000
7.564000e+001,4.123600e+002,0,0,-1.000000e+000,-1.000000e+000
7.281000e+001,4.138300e+002,0,0,-1.000000e+000,-1.000000e+000
6.644000e+001,4.172800e+002,0,0,-1.000000e+000,-1.000000e+000
4.294700e+002,4.239100e+002,0,0,-1.000000e+000,-1.000000e+000
4.296400e+002,4.266400e+002,0,0,-1.000000e+000,-1.000000e+000
3.585000e+001,4.310700e+002,0,0,-1.000000e+000,-1.000000e+000
3.585000e+001,4.310700e+002,0,0,-1.000000e+000,-1.000000e+000
1.992000e+001,4.366700e+002,0,0,-1.000000e+000,-1.000000e+000
3.879700e+002,4.390000e+002,0,0,-1.000000e+000,-1.000000e+000
3.909300e+002,4.403700e+002,0,0,-1.000000e+000,-1.000000e+000
3.804100e+002,4.416700e+002,0,0,-1.000000e+000,-1.000000e+000
3.723500e+002,4.445800e+002,0,0,-1.000000e+000,-1.000000e+000
3.346900e+002,4.604000e+002,0,0,-1.000000e+000,-1.000000e+000
3.687400e+002,4.655500e+002,0,0,-1.000000e+000,-1.000000e+000
2.893500e+002,4.735300e+002,0,0,-1.000000e+000,-1.000000e+000
2.834600e+002,4.756800e+002,0,0,-1.000000e+000,-1.000000e+000
4.206900e+002,2.670000e+000,0,0,-1.000000e+000,-1.000000e+000
4.198200e+002,8.390000e+000,0,0,-1.000000e+000,-1.000000e+000
5.775400e+002,3.895000e+001,0,0,-1.000000e+000,-1.000000e+000
4.444300e+002,5.977000e+001,0,0,-1.000000e+000,-1.000000e+000
4.444300e+002,5.977000e+001,0,0,-1.000000e+000,-1.000000e+000
4.142300e+002,6.036000e+001,0,0,-1.000000e+000,-1.000000e+000
4.134000e+002,6.577000e+001,0,0,-1.000000e+000,-1.000000e+000
6.077000e+002,6.860000e+001,0,0,-1.000000e+000,-1.000000e+000
4.130100e+002,7.234000e+001,0,0,-1.000000e+000,-1.000000e+000
4.118300e+002,8.350000e+001,0,0,-1.000000e+000,-1.000000e+000
4.109500e+002,9.159000e+001,0,0,-1.000000e+000,-1.000000e+000
4.105100e+002,9.667000e+001,0,0,-1.000000e+000,-1.000000e+000
4.141100e+002,9.876000e+001,0,0,-1.000000e+000,-1.000000e+000
4.093500e+002,1.096000e+002,0,0,-1.000000e+000,-1.000000e+000
4.797600e+002,1.426300e+002,0,0,-1.000000e+000,-1.000000e+000
4.201700e+002,1.493500e+002,0,0,-1.000000e+000,-1.000000e+000
5.034000e+002,1.545600e+002,0,0,-1.000000e+000,-1.000000e+000
5.573800e+002,1.569800e+002,0,0,-1.000000e+000,-1.000000e+000
5.565200e+002,1.663600e+002,0,0,-1.000000e+000,-1.000000e+000
5.565200e+002,1.663600e+002,0,0,-1.000000e+000,-1.000000e+000
5.456600e+002,1.667600e+002,0,0,-1.000000e+000,-1.000000e+000
5.706100e+002,1.885800e+002,0,0,-1.000000e+000,-1.000000e+000
2.414400e+002,2.018500e+002,0,0,-1.000000e+000,-1.000000e+000
6.024900e+002,2.044600e+002,0,0,-1.000000e+000,-1.000000e+000
5.962100e+002,2.202200e+002,0,0,-1.000000e+000,-1.000000e+000
5.966400e+002,2.308800e+002,0,0,-1.000000e+000,-1.000000e+000
1.899800e+002,2.325700e+002,1,1,1.894100e+002,2.380000e+002
4.808800e+002,2.416600e+002,1,1,4.816500e+002,2.488100e+002
4.808800e+002,2.416600e+002,0,0,-1.000000e+000,-1.000000e+000
6.296600e+002,2.493700e+002,0,0,-1.000000e+000,-1.000000e+000
5.603000e+001,2.699500e+002,0,0,-1.000000e+000,-1.000000e+000
3.315900e+002,3.024400e+002,1,1,3.277300e+002,3.099400e+002
9.316000e+001,3.288500e+002,1,1,8.947000e+001,3.347300e+002
8.141000e+001,3.303500e+002,0,0,-1.000000e+000,-1.000000e+000
8.495000e+001,3.327800e+002,0,0,-1.000000e+000,-1.000000e+000
5.064000e+001,3.407100e+002,0,0,-1.000000e+000,-1.000000e+000
4.838000e+001,3.450000e+002,0,0,-1.000000e+000,-1.000000e+000
5.169000e+001,3.475800e+002,0,0,-1.000000e+000,-1.000000e+000
3.068000e+001,3.497900e+002,0,0,-1.000000e+000,-1.000000e+000
1.384000e+001,3.505300e+002,1,1,7.630000e+000,3.566600e+002
1.384000e+001,3.505300e+002,1,1,7.630000e+000,3.566600e+002
2.821000e+001,3.539500e+002,0,0,-1.000000e+000,-1.000000e+000
3.215000e+001,3.564200e+002,0,0,-1.000000e+000,-1.000000e+000
4.950000e+000,3.610700e+002,0,0,-1.000000e+000,-1.000000e+000
5.917700e+002,3.624400e+002,0,0,-1.000000e+000,-1.000000e+000
9.680000e+000,3.698900e+002,0,0,-1.000000e+000,-1.000000e+000
2.158000e+001,4.029900e+002,0,0,-1.000000e+000,-1.000000e+000
4.100000e+002,1.018500e+002,0,0,-1.000000e+000,-1.000000e+000
4.084600e+002,1.186800e+002,0,0,-1.000000e+000,-1.000000e+000
4.272800e+002,1.294100e+002,0,0,-1.000000e+000,-1.000000e+000
3.683800e+002,1.613800e+002,1,1,3.686300e+002,1.670400e+002
3.719800e+002,1.685600e+002,0,0,-1.000000e+000,-1.000000e+000
5.594800e+002,1.692300e+002,0,0,-1.000000e+000,-1.000000e+000
5.554800e+002,1.728400e+002,0,0,-1.000000e+000,-1.000000e+000
3.889900e+002,1.800800e+002,0,0,-1.000000e+000,-1.000000e+000
6.299600e+002,1.799700e+002,0,0,-1.000000e+000,-1.000000e+000
6.141700e+002,1.853700e+002,0,0,-1.000000e+000,-1.000000e+000
5.578000e+002,1.875200e+002,0,0,-1.000000e+000,-1.000000e+000
6.101700e+002,2.003100e+002,0,0,-1.000000e+000,-1.000000e+000
5.512100e+002,2.155900e+002,0,0,-1.000000e+000,-1.000000e+000
5.881900e+002,2.240600e+002,0,0,-1.000000e+000,-1.000000e+000
2.317000e+002,2.363000e+002,0,0,-1.000000e+000,-1.000000e+000
6.256500e+002,2.467800e+002,0,0,-1.000000e+000,-1.000000e+000
6.256500e+002,2.467800e+002,0,0,-1.000000e+000,-1.000000e+000
6.201200e+002,2.469900e+002,0,0,-1.000000e+000,-1.000000e+000
5.425800e+002,2.485900e+002,1,1,5.439100e+002,2.557100e+002
1.448100e+002,2.494300e+002,0,0,-1.000000e+000,-1.000000e+000
4.486300e+002,2.769600e+002,0,0,-1.000000e+000,-1.000000e+000
4.786900e+002,3.067500e+002,1,1,4.784700e+002,3.150100e+002
3.244900e+002,3.091300e+002,0,0,-1.000000e+000,-1.000000e+000
3.244900e+002,3.091300e+002,0,0,-1.000000e+000,-1.000000e+000
7.347000e+001,3.269000e+002,0,0,-1.000000e+000,-1.000000e+000
7.092000e+001,3.385900e+002,0,0,-1.000000e+000,-1.000000e+000
4.088000e+001,3.453000e+002,0,0,-1.000000e+000,-1.000000e+000
2.653000e+001,3.582900e+002,1,1,1.956000e+001,3.641600e+002
1.614000e+001,3.634200e+002,1,1,1.088000e+001,3.691200e+002
5.622700e+002,3.734200e+002,0,0,-1.000000e+000,-1.000000e+000
9.266000e+001,3.805900e+002,0,0,-1.000000e+000,-1.000000e+000
5.640000e+001,3.989100e+002,0,0,-1.000000e+000,-1.000000e+000
5.751400e+002,6.452000e+001,0,0,-1.000000e+000,-1.000000e+000
4.858100e+002,1.447900e+002,0,0,-1.000000e+000,-1.000000e+000
5.633400e+002,1.444300e+002,0,0,-1.000000e+000,-1.000000e+000
1.454100e+002,1.596700e+002,0,0,-1.000000e+000,-1.000000e+000
5.532500e+002,1.614900e+002,0,0,-1.000000e+000,-1.000000e+000
5.194700e+002,1.622400e+002,0,0,-1.000000e+000,-1.000000e+000
5.600000e+002,1.698200e+002,0,0,-1.000000e+000,-1.000000e+000
5.551200e+002,1.733100e+002,0,0,-1.000000e+000,-1.000000e+000
6.151100e+002,1.852900e+002,0,0,-1.000000e+000,-1.000000e+000
5.582900e+002,1.881400e+002,0,0,-1.000000e+000,-1.000000e+000
5.509900e+002,2.158500e+002,0,0,-1.000000e+000,-1.000000e+000
5.444200e+002,2.179100e+002,0,0,-1.000000e+000,-1.000000e+000
2.397500e+002,2.210900e+002,0,0,-1.000000e+000,-1.000000e+000
5.071500e+002,2.264600e+002,0,0,-1.000000e+000,-1.000000e+000
1.447200e+002,2.492200e+002,0,0,-1.000000e+000,-1.000000e+000
4.788200e+002,3.072400e+002,0,0,-1.000000e+000,-1.000000e+000
3.553000e+002,3.309100e+002,0,0,-1.000000e+000,-1.000000e+000
3.553000e+002,3.309100e+002,0,0,-1.000000e+000,-1.000000e+000
6.576000e+001,3.352100e+002,0,0,-1.000000e+000,-1.000000e+000
4.509000e+001,3.496800e+002,1,1,3.899000e+001,3.558700e+002
8.574000e+001,3.512000e+002,0,0,-1.000000e+000,-1.000000e+000
8.574000e+001,3.512000e+002,0,0,-1.000000e+000,-1.000000e+000
1.362300e+002,3.590800e+002,0,0,-1.000000e+000,-1.000000e+000
8.740000e+000,3.658700e+002,0,0,-1.000000e+000,-1.000000e+000
5.614100e+002,3.668100e+002,0,0,-1.000000e+000,-1.000000e+000
5.614100e+002,3.668100e+002,0,0,-1.000000e+000,-1.000000e+000
5.618100e+002,3.733700e+002,0,0,-1.000000e+000,-1.000000e+000
8.844000e+001,3.772800e+002,0,0,-1.000000e+000,-1.000000e+000
1.469000e+001,3.829900e+002,0,0,-1.000000e+000,-1.000000e+000
7.606000e+001,3.832800e+002,1,1,6.968000e+001,3.898300e+002
7.606000e+001,3.832800e+002,0,0,-1.000000e+000,-1.000000e+000
6.345000e+001,3.896600e+002,1,1,5.693000e+001,3.959100e+002
3.076000e+001,3.977500e+002,0,0,-1.000000e+000,-1.000000e+000
5.751000e+002,6.524000e+001,0,0,-1.000000e+000,-1.000000e+000
4.750900e+002,1.463100e+002,0,0,-1.000000e+000,-1.000000e+000
5.568100e+002,1.497600e+002,0,0,-1.000000e+000,-1.000000e+000
5.590000e+002,1.818300e+002,0,0,-1.000000e+000,-1.000000e+000
5.825500e+002,1.943200e+002,0,0,-1.000000e+000,-1.000000e+000
5.687600e+002,2.120300e+002,0,0,-1.000000e+000,-1.000000e+000
2.224800e+002,2.229600e+002,0,0,-1.000000e+000,-1.000000e+000
2.146600e+002,2.268000e+002,1,1,2.144600e+002,2.327100e+002
2.114300e+002,2.331300e+002,0,0,-1.000000e+000,-1.000000e+000
6.266300e+002,2.558400e+002,0,0,-1.000000e+000,-1.000000e+000
4.574000e+002,2.762700e+002,0,0,-1.000000e+000,-1.000000e+000
4.194800e+002,2.838400e+002,1,1,4.172800e+002,2.914900e+002
4.760600e+002,2.911800e+002,0,0,-1.000000e+000,-1.000000e+000
5.443000e+001,3.446500e+002,0,0,-1.000000e+000,-1.000000e+000
1.604800e+002,3.464900e+002,0,0,-1.000000e+000,-1.000000e+000
1.206700e+002,3.658200e+002,0,0,-1.000000e+000,-1.000000e+000
5.730300e+002,3.678400e+002,0,0,-1.000000e+000,-1.000000e+000
5.610800e+002,3.734100e+002,0,0,-1.000000e+000,-1.000000e+000
8.452000e+001,3.841200e+002,0,0,-1.000000e+000,-1.000000e+000
5.820600e+002,3.883100e+002,0,0,-1.000000e+000,-1.000000e+000
7.214000e+001,3.904300e+002,0,0,-1.000000e+000,-1.000000e+000
5.027000e+001,3.958600e+002,1,1,4.310000e+001,4.024900e+002
5.938000e+001,3.968200e+002,0,0,-1.000000e+000,-1.000000e+000
3.493000e+001,4.029800e+002,0,0,-1.000000e+000,-1.000000e+000
4.564000e+001,4.032600e+002,0,0,-1.000000e+000,-1.000000e+000
5.686100e+002,1.751000e+001,1,1,5.729300e+002,2.195000e+001
5.748600e+002,4.374000e+001,0,0,-1.000000e+000,-1.000000e+000
5.908800e+002,7.414000e+001,0,0,-1.000000e+000,-1.000000e+000
5.908800e+002,7.414000e+001,0,0,-1.000000e+000,-1.000000e+000
4.080100e+002,1.336700e+002,0,0,-1.000000e+000,-1.000000e+000
4.032200e+002,1.413500e+002,1,1,4.012500e+002,1.462200e+002
4.032200e+002,1.413500e+002,1,1,4.012500e+002,1.462200e+002
5.601600e+002,1.600600e+002,0,0,-1.000000e+000,-1.000000e+000
3.714100e+002,1.622200e+002,1,1,3.734500e+002,1.680300e+002
3.714100e+002,1.622200e+002,1,1,3.734500e+002,1.680300e+002
3.830000e+002,1.784600e+002,1,1,3.816000e+002,1.837600e+002
3.830000e+002,1.784600e+002,1,1,3.816000e+002,1.837600e+002
5.821400e+002,2.020400e+002,0,0,-1.000000e+000,-1.000000e+000
5.912000e+002,2.075100e+002,0,0,-1.000000e+000,-1.000000e+000
2.376500e+002,2.379400e+002,1,1,2.366400e+002,2.436800e+002
2.376500e+002,2.379400e+002,1,1,2.366400e+002,2.436800e+002
2.241900e+002,2.395600e+002,0,0,-1.000000e+000,-1.000000e+000
5.804300e+002,2.495000e+002,0,0,-1.000000e+000,-1.000000e+000
1.276200e+002,2.778800e+002,0,0,-1.000000e+000,-1.000000e+000
1.201100e+002,2.880200e+002,0,0,-1.000000e+000,-1.000000e+000
1.608400e+002,3.081600e+002,1,1,1.576500e+002,3.141600e+002
8.706000e+001,3.292800e+002,1,1,8.203000e+001,3.360500e+002
5.692200e+002,3.754400e+002,0,0,-1.000000e+000,-1.000000e+000
5.316300e+002,4.104800e+002,1,1,5.306400e+002,4.202600e+002
5.681400e+002,1.800000e+001,0,0,-1.000000e+000,-1.000000e+000
5.919100e+002,7.460000e+001,0,0,-1.000000e+000,-1.000000e+000
4.751600e+002,1.485700e+002,0,0,-1.000000e+000,-1.000000e+000
5.298900e+002,1.649100e+002,0,0,-1.000000e+000,-1.000000e+000
5.452300e+002,1.638700e+002,0,0,-1.000000e+000,-1.000000e+000
3.814900e+002,1.779800e+002,0,0,-1.000000e+000,-1.000000e+000
3.814900e+002,1.779800e+002,0,0,-1.000000e+000,-1.000000e+000
1.516300e+002,2.156600e+002,0,0,-1.000000e+000,-1.000000e+000
1.294600e+002,2.350100e+002,0,0,-1.000000e+000,-1.000000e+000
4.805200e+002,2.546300e+002,0,0,-1.000000e+000,-1.000000e+000
4.560300e+002,2.780500e+002,0,0,-1.000000e+000,-1.000000e+000
2.498000e+002,2.793700e+002,0,0,-1.000000e+000,-1.000000e+000
3.618200e+002,2.935900e+002,0,0,-1.000000e+000,-1.000000e+000
1.908700e+002,3.118600e+002,0,0,-1.000000e+000,-1.000000e+000
4.795900e+002,3.129500e+002,1,1,4.791700e+002,3.208300e+002
4.170000e+002,3.220900e+002,0,0,-1.000000e+000,-1.000000e+000
5.740700e+002,3.659400e+002,0,0,-1.000000e+000,-1.000000e+000
5.879800e+002,6.325000e+001,0,0,-1.000000e+000,-1.000000e+000
5.039500e+002,1.498900e+002,0,0,-1.000000e+000,-1.000000e+000
2.528200e+002,2.023300e+002,0,0,-1.000000e+000,-1.000000e+000
6.063600e+002,2.098900e+002,0,0,-1.000000e+000,-1.000000e+000
4.708300e+002,2.242100e+002,0,0,-1.000000e+000,-1.000000e+000
4.846000e+002,2.376600e+002,0,0,-1.000000e+000,-1.000000e+000
5.814700e+002,2.525100e+002,0,0,-1.000000e+000,-1.000000e+000
1.127500e+002,2.761700e+002,0,0,-1.000000e+000,-1.000000e+000
2.232500e+002,2.834100e+002,0,0,-1.000000e+000,-1.000000e+000
1.028300e+002,2.922800e+002,0,0,-1.000000e+000,-1.000000e+000
1.599800e+002,3.127800e+002,0,0,-1.000000e+000,-1.000000e+000
1.922800e+002,3.120300e+002,0,0,-1.000000e+000,-1.000000e+000
1.481000e+001,3.134200e+002,0,0,-1.000000e+000,-1.000000e+000
3.586400e+002,3.323400e+002,0,0,-1.000000e+000,-1.000000e+000
1.836400e+002,3.594600e+002,0,0,-1.000000e+000,-1.000000e+000
5.594800e+002,3.849800e+002,0,0,-1.000000e+000,-1.000000e+000
5.366000e+002,3.918800e+002,0,0,-1.000000e+000,-1.000000e+000
1.278200e+002,9.156000e+001,0,0,-1.000000e+000,-1.000000e+000
1.163800e+002,1.067000e+002,1,1,1.135200e+002,1.121000e+002
1.163800e+002,1.067000e+002,1,1,1.135200e+002,1.121000e+002
1.515900e+002,1.540100e+002,0,0,-1.000000e+000,-1.000000e+000
6.077800e+002,1.939600e+002,0,0,-1.000000e+000,-1.000000e+000
1.269100e+002,2.331600e+002,1,1,1.253700e+002,2.391500e+002
4.890200e+002,2.893900e+002,0,0,-1.000000e+000,-1.000000e+000
3.297900e+002,3.040700e+002,1,1,3.260300e+002,3.117400e+002
1.748200e+002,3.075100e+002,1,1,1.715800e+002,3.136200e+002
1.748200e+002,3.075100e+002,1,1,1.715800e+002,3.136200e+002
8.349000e+001,3.159400e+002,0,0,-1.000000e+000,-1.000000e+000
3.088600e+002,3.364000e+002,0,0,-1.000000e+000,-1.000000e+000
3.903700e+002,1.160200e+002,0,0,-1.000000e+000,-1.000000e+000
3.873700e+002,1.365200e+002,0,0,-1.000000e+000,-1.000000e+000
1.551600e+002,1.514300e+002,0,0,-1.000000e+000,-1.000000e+000
5.962100e+002,2.223900e+002,0,0,-1.000000e+000,-1.000000e+000
1.239000e+002,2.315200e+002,0,0,-1.000000e+000,-1.000000e+000
4.822800e+002,2.415900e+002,0,0,-1.000000e+000,-1.000000e+000
1.026100e+002,2.550200e+002,0,0,-1.000000e+000,-1.000000e+000
1.252600e+002,2.744500e+002,0,0,-1.000000e+000,-1.000000e+000
2.150400e+002,3.189600e+002,1,1,2.110900e+002,3.256600e+002
2.150400e+002,3.189600e+002,1,1,2.110900e+002,3.256600e+002
1.724300e+002,3.445400e+002,0,0,-1.000000e+000,-1.000000e+000
4.725200e+002,1.570300e+002,0,0,-1.000000e+000,-1.000000e+000
5.991000e+002,2.218800e+002,1,1,6.032500e+002,2.287900e+002
2.577300e+002,2.480700e+002,0,0,-1.000000e+000,-1.000000e+000
4.613300e+002,2.600400e+002,1,1,4.624800e+002,2.678600e+002
4.613300e+002,2.600400e+002,1,1,4.624800e+002,2.678600e+002
1.921300e+002,3.337500e+002,0,0,-1.000000e+000,-1.000000e+000
4.284400e+002,1.368900e+002,0,0,-1.000000e+000,-1.000000e+000
3.502900e+002,1.718400e+002,0,0,-1.000000e+000,-1.000000e+000
1.570300e+002,1.756800e+002,0,0,-1.000000e+000,-1.000000e+000
1.570300e+002,1.756800e+002,0,0,-1.000000e+000,-1.000000e+000
4.575400e+002,2.593400e+002,0,0,-1.000000e+000,-1.000000e+000
4.575400e+002,2.593400e+002,0,0,-1.000000e+000,-1.000000e+000
7.689000e+001,2.867000e+002,0,0,-1.000000e+000,-1.000000e+000
5.646000e+001,3.269200e+002,1,1,5.171000e+001,3.328400e+002
2.073200e+002,3.511400e+002,1,1,2.026600e+002,3.578600e+002
2.073200e+002,3.511400e+002,1,1,2.026600e+002,3.578600e+002
5.417200e+002,1.936100e+002,0,0,-1.000000e+000,-1.000000e+000
5.416200e+002,2.422400e+002,0,0,-1.000000e+000,-1.000000e+000
4.374300e+002,3.057500e+002,0,0,-1.000000e+000,-1.000000e+000
1.968000e+002,2.652900e+002,0,0,-1.000000e+000,-1.000000e+000
3.228400e+002,2.421200e+002,0,0,-1.000000e+000,-1.000000e+000
2.601600e+002,3.210100e+002,0,0,-1.000000e+000,-1.000000e+000
1.165300e+002,3.383100e+002,0,0,1.000000e+000,-1.000000e+000