5.229500e+002,1.564000e+001,0,0,-1.000000e+000,-1.000000e+000
5.156900e+002,5.491000e+001,0,0,-1.000000e+000,-1.000000e+000
5.141200e+002,6.390000e+001,0,0,-1.000000e+000,-1.000000e+000
5.114900e+002,6.445000e+001,0,0,-1.000000e+000,-1.000000e+000
1.443400e+002,7.690000e+001,0,0,-1.000000e+000,-1.000000e+000
1.470200e+002,8.017000e+001,0,0,-1.000000e+000,-1.000000e+000
5.075600e+002,8.845000e+001,0,0,-1.000000e+000,-1.000000e+000
5.065900e+002,9.242000e+001,0,0,-1.000000e+000,-1.000000e+000
5.082400e+002,1.123500e+002,0,0,-1.000000e+000,-1.000000e+000
4.410500e+002,1.239700e+002,0,0,-1.000000e+000,-1.000000e+000
4.889100e+002,1.240900e+002,0,0,-1.000000e+000,-1.000000e+000
5.003700e+002,1.238300e+002,1,1,5.051400e+002,1.165300e+002
4.061500e+002,1.244600e+002,0,0,-1.000000e+000,-1.000000e+000
2.218100e+002,1.284100e+002,0,0,-1.000000e+000,-1.000000e+000
5.026100e+002,1.296900e+002,0,0,-1.000000e+000,-1.000000e+000
4.412900e+002,1.299500e+002,1,1,4.450400e+002,1.220200e+002
3.324100e+002,1.541400e+002,0,0,-1.000000e+000,-1.000000e+000
1.519400e+002,1.558400e+002,0,0,-1.000000e+000,-1.000000e+000
1.527300e+002,1.642300e+002,0,0,-1.000000e+000,-1.000000e+000
1.509700e+002,1.768600e+002,1,0,1.011100e+002,2.190900e+002
1.520200e+002,1.910600e+002,0,0,-1.000000e+000,-1.000000e+000
1.670100e+002,1.976300e+002,0,0,-1.000000e+000,-1.000000e+000
1.553800e+002,2.034600e+002,0,0,-1.000000e+000,-1.000000e+000
2.370000e+002,2.073500e+002,0,0,-1.000000e+000,-1.000000e+000
1.529400e+002,2.083100e+002,1,1,1.508900e+002,2.019900e+002
1.052300e+002,2.099700e+002,0,0,-1.000000e+000,-1.000000e+000
1.203000e+001,2.124400e+002,0,0,-1.000000e+000,-1.000000e+000
1.346100e+002,2.151000e+002,0,0,-1.000000e+000,-1.000000e+000
2.612000e+002,2.161500e+002,0,0,-1.000000e+000,-1.000000e+000
4.761000e+002,2.183700e+002,0,0,-1.000000e+000,-1.000000e+000
1.270500e+002,2.267000e+002,1,1,1.266200e+002,2.204900e+002
4.683300e+002,2.261600e+002,0,0,-1.000000e+000,-1.000000e+000
1.726500e+002,2.435100e+002,0,0,-1.000000e+000,-1.000000e+000
6.299800e+002,2.564100e+002,0,0,-1.000000e+000,-1.000000e+000
1.430100e+002,2.568300e+002,1,1,1.411400e+002,2.508400e+002
1.430100e+002,2.568300e+002,0,0,-1.000000e+000,-1.000000e+000
1.319100e+002,2.603900e+002,0,0,-1.000000e+000,-1.000000e+000
5.829100e+002,2.614600e+002,0,0,-1.000000e+000,-1.000000e+000
1.419000e+002,2.623100e+002,1,1,1.366500e+002,2.573100e+002
6.191700e+002,2.634400e+002,0,0,-1.000000e+000,-1.000000e+000
1.317500e+002,2.664000e+002,0,0,-1.000000e+000,-1.000000e+000
1.518400e+002,2.728900e+002,0,0,-1.000000e+000,-1.000000e+000
1.454000e+002,2.742600e+002,0,0,-1.000000e+000,-1.000000e+000
4.155200e+002,2.738300e+002,0,0,-1.000000e+000,-1.000000e+000
4.155200e+002,2.738300e+002,0,0,-1.000000e+000,-1.000000e+000
1.402700e+002,2.756100e+002,0,0,-1.000000e+000,-1.000000e+000
5.333500e+002,2.765400e+002,0,0,-1.000000e+000,-1.000000e+000
8.624000e+001,2.774100e+002,0,0,-1.000000e+000,-1.000000e+000
1.117000e+002,2.802400e+002,0,0,-1.000000e+000,-1.000000e+000
1.117000e+002,2.802400e+002,0,0,-1.000000e+000,-1.000000e+000
4.935000e+002,2.804500e+002,1,0,4.766000e+002,2.335400e+002
5.602000e+001,2.814900e+002,0,0,-1.000000e+000,-1.000000e+000
1.012700e+002,2.823200e+002,0,0,-1.000000e+000,-1.000000e+000
1.331100e+002,2.830300e+002,0,0,-1.000000e+000,-1.000000e+000
4.919000e+002,2.830400e+002,1,0,4.918700e+002,2.829100e+002
3.397000e+001,2.864400e+002,1,1,3.002000e+001,2.794700e+002
1.873700e+002,2.867200e+002,0,0,-1.000000e+000,-1.000000e+000
1.535000e+001,2.902600e+002,0,0,-1.000000e+000,-1.000000e+000
1.535000e+001,2.902600e+002,0,0,-1.000000e+000,-1.000000e+000
6.334000e+001,2.909000e+002,1,1,5.891000e+001,2.849600e+002
1.927100e+002,2.919700e+002,0,0,-1.000000e+000,-1.000000e+000
1.927100e+002,2.919700e+002,1,0,2.299400e+002,3.179700e+002
2.105800e+002,2.932200e+002,0,0,-1.000000e+000,-1.000000e+000
4.990900e+002,2.938900e+002,0,0,-1.000000e+000,-1.000000e+000
2.104800e+002,2.973900e+002,0,0,-1.000000e+000,-1.000000e+000
8.570000e+001,2.990300e+002,0,0,-1.000000e+000,-1.000000e+000
1.084700e+002,3.000900e+002,0,0,-1.000000e+000,-1.000000e+000
1.196100e+002,3.059000e+002,0,0,-1.000000e+000,-1.000000e+000
4.840000e+001,3.073000e+002,0,0,-1.000000e+000,-1.000000e+000
4.840000e+001,3.073000e+002,0,0,-1.000000e+000,-1.000000e+000
7.152000e+001,3.080200e+002,0,0,-1.000000e+000,-1.000000e+000
4.677700e+002,3.087000e+002,0,0,-1.000000e+000,-1.000000e+000
1.136000e+002,3.137600e+002,0,0,-1.000000e+000,-1.000000e+000
3.460800e+002,3.135900e+002,1,1,3.402000e+002,3.087500e+002
7.354000e+001,3.140200e+002,0,0,-1.000000e+000,-1.000000e+000
7.354000e+001,3.140200e+002,0,0,-1.000000e+000,-1.000000e+000
7.354000e+001,3.140200e+002,0,0,-1.000000e+000,-1.000000e+000
5.166000e+001,3.187100e+002,0,0,-1.000000e+000,-1.000000e+000
1.008900e+002,3.188200e+002,0,0,-1.000000e+000,-1.000000e+000
1.251000e+002,3.200600e+002,0,0,-1.000000e+000,-1.000000e+000
2.921400e+002,3.240200e+002,0,0,-1.000000e+000,-1.000000e+000
1.297100e+002,3.248100e+002,0,0,-1.000000e+000,-1.000000e+000
9.537000e+001,3.273000e+002,0,0,-1.000000e+000,-1.000000e+000
1.185900e+002,3.274000e+002,0,0,-1.000000e+000,-1.000000e+000
4.806900e+002,3.277500e+002,0,0,-1.000000e+000,-1.000000e+000
4.806900e+002,3.277500e+002,0,0,-1.000000e+000,-1.000000e+000
4.543300e+002,3.284300e+002,1,1,4.510100e+002,3.239500e+002
4.803800e+002,3.303900e+002,1,1,4.778200e+002,3.265500e+002
4.975000e+002,3.307300e+002,1,1,4.961300e+002,3.244300e+002
4.944200e+002,3.311400e+002,0,0,-1.000000e+000,-1.000000e+000
4.737100e+002,3.364600e+002,0,0,-1.000000e+000,-1.000000e+000
8.098000e+001,3.369300e+002,0,0,-1.000000e+000,-1.000000e+000
4.927200e+002,3.398700e+002,0,0,-1.000000e+000,-1.000000e+000
5.045700e+002,3.429000e+002,0,0,-1.000000e+000,-1.000000e+000
2.402200e+002,3.441000e+002,0,0,-1.000000e+000,-1.000000e+000
2.402200e+002,3.441000e+002,0,0,-1.000000e+000,-1.000000e+000
1.204000e+001,3.451500e+002,0,0,-1.000000e+000,-1.000000e+000
5.060400e+002,3.457200e+002,0,0,-1.000000e+000,-1.000000e+000
9.160000e+000,3.544000e+002,0,0,-1.000000e+000,-1.000000e+000
9.160000e+000,3.544000e+002,0,0,-1.000000e+000,-1.000000e+000
2.865300e+002,3.625900e+002,0,0,-1.000000e+000,-1.000000e+000
4.461300e+002,3.640700e+002,0,0,-1.000000e+000,-1.000000e+000
5.176300e+002,3.653800e+002,0,0,-1.000000e+000,-1.000000e+000
5.282100e+002,3.733200e+002,0,0,-1.000000e+000,-1.000000e+000
5.306300e+002,3.771400e+002,0,0,-1.000000e+000,-1.000000e+000
5.454800e+002,4.150200e+002,0,0,-1.000000e+000,-1.000000e+000
5.570100e+002,4.219400e+002,0,0,-1.000000e+000,-1.000000e+000
5.595400e+002,4.390100e+002,0,0,-1.000000e+000,-1.000000e+000
5.527600e+002,4.606100e+002,0,0,-1.000000e+000,-1.000000e+000
5.445100e+002,4.616800e+002,0,0,-1.000000e+000,-1.000000e+000
5.404700e+002,4.619600e+002,0,0,-1.000000e+000,-1.000000e+000
5.189900e+002,3.675000e+001,0,0,-1.000000e+000,-1.000000e+000
5.185800e+002,5.705000e+001,0,0,-1.000000e+000,-1.000000e+000
5.148100e+002,5.925000e+001,1,1,5.197600e+002,5.069000e+001
5.055900e+002,9.535000e+001,1,1,5.106000e+002,8.731000e+001
1.482700e+002,1.003300e+002,0,0,-1.000000e+000,-1.000000e+000
5.036600e+002,1.053400e+002,0,0,-1.000000e+000,-1.000000e+000
4.616300e+002,1.239100e+002,0,0,-1.000000e+000,-1.000000e+000
3.511100e+002,1.256200e+002,0,0,-1.000000e+000,-1.000000e+000
3.260400e+002,1.259600e+002,1,0,3.192700e+002,1.753500e+002
5.023400e+002,1.263200e+002,1,1,5.064300e+002,1.190000e+002
4.398700e+002,1.269300e+002,0,0,-1.000000e+000,-1.000000e+000
4.971600e+002,1.271500e+002,0,0,-1.000000e+000,-1.000000e+000
2.694000e+002,1.333300e+002,1,1,2.702300e+002,1.257100e+002
5.074700e+002,1.462400e+002,0,0,-1.000000e+000,-1.000000e+000
5.794300e+002,1.572000e+002,0,0,-1.000000e+000,-1.000000e+000
5.091200e+002,1.573900e+002,1,1,5.138500e+002,1.503700e+002
5.010300e+002,1.578500e+002,0,0,-1.000000e+000,-1.000000e+000
2.556900e+002,1.607800e+002,1,0,2.730500e+002,1.533900e+002
2.010500e+002,1.660500e+002,1,0,2.311000e+002,1.211500e+002
6.246800e+002,1.777100e+002,0,0,-1.000000e+000,-1.000000e+000
1.513400e+002,1.860200e+002,0,0,-1.000000e+000,-1.000000e+000
2.758400e+002,1.863700e+002,1,1,2.747800e+002,1.798300e+002
2.718000e+002,1.896000e+002,0,0,-1.000000e+000,-1.000000e+000
2.519200e+002,1.908700e+002,0,0,-1.000000e+000,-1.000000e+000
1.668900e+002,1.921900e+002,1,1,1.650500e+002,1.859400e+002
2.254300e+002,1.921300e+002,0,0,-1.000000e+000,-1.000000e+000
2.308700e+002,1.918000e+002,0,0,-1.000000e+000,-1.000000e+000
2.756500e+002,1.922500e+002,1,1,2.741100e+002,1.853000e+002
2.063400e+002,1.932700e+002,0,0,-1.000000e+000,-1.000000e+000
1.806600e+002,1.945400e+002,0,0,-1.000000e+000,-1.000000e+000
1.953500e+002,1.972900e+002,0,0,-1.000000e+000,-1.000000e+000
1.525300e+002,1.985300e+002,0,0,-1.000000e+000,-1.000000e+000
2.427900e+002,2.094100e+002,1,1,2.436700e+002,2.031900e+002
2.731000e+002,2.273600e+002,0,0,-1.000000e+000,-1.000000e+000
1.782600e+002,2.405000e+002,0,0,-1.000000e+000,-1.000000e+000
1.782600e+002,2.405000e+002,0,0,-1.000000e+000,-1.000000e+000
5.003200e+002,2.519300e+002,0,0,-1.000000e+000,-1.000000e+000
1.394800e+002,2.567600e+002,0,0,-1.000000e+000,-1.000000e+000
1.401500e+002,2.600700e+002,0,0,-1.000000e+000,-1.000000e+000
1.449600e+002,2.601300e+002,0,0,-1.000000e+000,-1.000000e+000
5.576300e+002,2.623500e+002,1,1,5.589900e+002,2.572600e+002
5.621300e+002,2.624100e+002,0,0,-1.000000e+000,-1.000000e+000
1.396800e+002,2.637600e+002,0,0,-1.000000e+000,-1.000000e+000
1.284800e+002,2.645600e+002,0,0,-1.000000e+000,-1.000000e+000
1.284800e+002,2.645600e+002,0,0,-1.000000e+000,-1.000000e+000
1.357100e+002,2.657800e+002,0,0,-1.000000e+000,-1.000000e+000
1.137900e+002,2.673000e+002,0,0,-1.000000e+000,-1.000000e+000
1.568100e+002,2.722300e+002,0,0,-1.000000e+000,-1.000000e+000
5.233900e+002,2.764400e+002,1,1,5.239200e+002,2.715700e+002
5.233900e+002,2.764400e+002,1,1,5.239200e+002,2.715700e+002
1.696300e+002,2.786300e+002,0,0,-1.000000e+000,-1.000000e+000
1.311700e+002,2.802700e+002,0,0,-1.000000e+000,-1.000000e+000
1.311700e+002,2.802700e+002,0,0,-1.000000e+000,-1.000000e+000
1.428700e+002,2.808800e+002,0,0,-1.000000e+000,-1.000000e+000
1.803900e+002,2.858700e+002,1,1,1.774400e+002,2.799600e+002
6.604000e+001,2.897500e+002,0,0,-1.000000e+000,-1.000000e+000
6.604000e+001,2.897500e+002,0,0,-1.000000e+000,-1.000000e+000
1.167500e+002,2.912400e+002,0,0,-1.000000e+000,-1.000000e+000
1.167500e+002,2.912400e+002,0,0,-1.000000e+000,-1.000000e+000
5.529000e+001,2.920600e+002,0,0,-1.000000e+000,-1.000000e+000
5.529000e+001,2.920600e+002,0,0,-1.000000e+000,-1.000000e+000
9.591000e+001,2.960400e+002,0,0,-1.000000e+000,-1.000000e+000
9.591000e+001,2.960400e+002,0,0,-1.000000e+000,-1.000000e+000
2.880000e+001,2.979600e+002,0,0,-1.000000e+000,-1.000000e+000
3.245000e+001,2.982000e+002,0,0,-1.000000e+000,-1.000000e+000
1.757000e+001,3.004800e+002,0,0,-1.000000e+000,-1.000000e+000
2.115000e+001,3.003700e+002,0,0,-1.000000e+000,-1.000000e+000
6.972000e+001,3.021400e+002,0,0,-1.000000e+000,-1.000000e+000
6.972000e+001,3.021400e+002,0,0,-1.000000e+000,-1.000000e+000
6.410000e+000,3.031300e+002,0,0,-1.000000e+000,-1.000000e+000
5.899000e+001,3.048100e+002,0,0,-1.000000e+000,-1.000000e+000
5.899000e+001,3.048100e+002,0,0,-1.000000e+000,-1.000000e+000
4.464500e+002,3.110900e+002,0,0,-1.000000e+000,-1.000000e+000
4.204100e+002,3.114900e+002,1,1,4.163900e+002,3.069900e+002
4.672100e+002,3.115000e+002,1,1,4.642300e+002,3.070300e+002
2.100000e+001,3.140300e+002,0,0,-1.000000e+000,-1.000000e+000
5.015700e+002,3.190900e+002,1,1,4.988400e+002,3.145600e+002
3.009800e+002,3.195000e+002,1,1,2.943100e+002,3.145200e+002
3.009800e+002,3.195000e+002,1,1,2.943100e+002,3.145200e+002
4.883000e+001,3.202400e+002,0,0,-1.000000e+000,-1.000000e+000
2.921500e+002,3.205800e+002,1,1,2.856800e+002,3.157600e+002
2.921500e+002,3.205800e+002,1,1,2.856800e+002,3.157600e+002
3.049100e+002,3.217000e+002,1,1,2.984000e+002,3.171900e+002
3.049100e+002,3.217000e+002,1,1,2.984000e+002,3.171900e+002
1.171700e+002,3.224300e+002,0,0,-1.000000e+000,-1.000000e+000
1.171700e+002,3.224300e+002,0,0,-1.000000e+000,-1.000000e+000
5.310000e+000,3.246000e+002,0,0,-1.000000e+000,-1.000000e+000
5.310000e+000,3.246000e+002,0,0,-1.000000e+000,-1.000000e+000
3.373000e+001,3.281300e+002,1,1,2.855000e+001,3.219800e+002
6.676000e+001,3.285800e+002,0,0,-1.000000e+000,-1.000000e+000
7.922000e+001,3.311700e+002,1,1,7.386000e+001,3.247700e+002
4.975100e+002,3.310300e+002,0,0,-1.000000e+000,-1.000000e+000
6.784000e+001,3.331100e+002,0,0,-1.000000e+000,-1.000000e+000
6.784000e+001,3.331100e+002,1,1,6.246000e+001,3.271600e+002
2.372100e+002,3.371000e+002,0,0,-1.000000e+000,-1.000000e+000
5.739000e+001,3.381400e+002,0,0,-1.000000e+000,-1.000000e+000
1.831000e+001,3.395800e+002,0,0,-1.000000e+000,-1.000000e+000
1.831000e+001,3.395800e+002,0,0,-1.000000e+000,-1.000000e+000
6.090000e+000,3.411600e+002,0,0,-1.000000e+000,-1.000000e+000
2.267000e+001,3.457000e+002,1,1,1.689000e+001,3.391000e+002
2.267000e+001,3.457000e+002,1,1,1.689000e+001,3.391000e+002
2.704300e+002,3.541200e+002,1,1,2.645200e+002,3.491200e+002
2.657800e+002,3.594100e+002,1,1,2.607500e+002,3.541600e+002
2.708600e+002,3.649800e+002,1,1,2.658100e+002,3.601800e+002
5.692400e+002,4.578300e+002,0,0,-1.000000e+000,-1.000000e+000
5.692400e+002,4.578300e+002,0,0,-1.000000e+000,-1.000000e+000
1.469600e+002,6.749000e+001,1,0,1.418700e+002,5.685000e+001
4.455200e+002,1.274000e+002,0,0,-1.000000e+000,-1.000000e+000
2.671300e+002,1.303800e+002,0,0,-1.000000e+000,-1.000000e+000
2.729600e+002,1.306200e+002,0,0,-1.000000e+000,-1.000000e+000
2.150900e+002,1.321300e+002,0,0,-1.000000e+000,-1.000000e+000
5.093600e+002,1.494800e+002,0,0,-1.000000e+000,-1.000000e+000
4.394600e+002,1.626400e+002,0,0,-1.000000e+000,-1.000000e+000
4.394600e+002,1.626400e+002,0,0,-1.000000e+000,-1.000000e+000
1.861500e+002,1.631900e+002,0,0,-1.000000e+000,-1.000000e+000
6.005200e+002,1.713300e+002,0,0,-1.000000e+000,-1.000000e+000
6.081200e+002,1.778000e+002,1,1,6.148200e+002,1.709800e+002
1.629100e+002,1.869300e+002,0,0,-1.000000e+000,-1.000000e+000
6.323600e+002,1.991900e+002,0,0,-1.000000e+000,-1.000000e+000
2.743100e+002,1.997400e+002,1,1,2.728700e+002,1.934200e+002
2.339700e+002,2.101000e+002,0,0,-1.000000e+000,-1.000000e+000
2.242100e+002,2.122000e+002,0,0,-1.000000e+000,-1.000000e+000
5.048900e+002,2.581100e+002,1,1,5.047400e+002,2.527100e+002
5.336400e+002,2.709000e+002,0,0,-1.000000e+000,-1.000000e+000
5.336400e+002,2.709000e+002,1,1,5.341700e+002,2.657500e+002
1.931000e+002,2.876700e+002,1,1,1.894200e+002,2.816200e+002
1.834200e+002,2.886000e+002,0,0,-1.000000e+000,-1.000000e+000
1.064700e+002,2.938200e+002,0,0,-1.000000e+000,-1.000000e+000
1.064700e+002,2.938200e+002,0,0,-1.000000e+000,-1.000000e+000
3.331300e+002,3.087600e+002,1,1,3.270200e+002,3.033800e+002
4.266100e+002,3.119300e+002,0,0,-1.000000e+000,-1.000000e+000
4.519600e+002,3.119600e+002,0,0,-1.000000e+000,-1.000000e+000
1.103500e+002,3.157700e+002,1,1,1.057100e+002,3.097800e+002
9.550000e+000,3.162800e+002,0,0,-1.000000e+000,-1.000000e+000
9.550000e+000,3.162800e+002,0,0,-1.000000e+000,-1.000000e+000
1.387900e+002,3.226800e+002,0,0,-1.000000e+000,-1.000000e+000
9.737000e+001,3.321900e+002,0,0,-1.000000e+000,-1.000000e+000
3.754000e+001,3.423000e+002,0,0,-1.000000e+000,-1.000000e+000
3.754000e+001,3.423000e+002,0,0,-1.000000e+000,-1.000000e+000
4.910000e+002,3.437300e+002,0,0,-1.000000e+000,-1.000000e+000
2.690000e+001,3.456000e+002,0,0,-1.000000e+000,-1.000000e+000
7.700000e+000,3.480900e+002,0,0,-1.000000e+000,-1.000000e+000
7.700000e+000,3.480900e+002,0,0,-1.000000e+000,-1.000000e+000
1.211000e+001,3.494300e+002,0,0,-1.000000e+000,-1.000000e+000
1.541300e+002,4.919000e+001,1,0,1.501800e+002,4.064000e+001
3.776700e+002,1.491500e+002,1,1,3.797700e+002,1.417200e+002
5.101700e+002,1.567400e+002,0,0,-1.000000e+000,-1.000000e+000
4.404200e+002,1.631500e+002,0,0,-1.000000e+000,-1.000000e+000
4.404200e+002,1.631500e+002,0,0,-1.000000e+000,-1.000000e+000
2.285900e+002,1.662600e+002,0,0,-1.000000e+000,-1.000000e+000
2.805000e+002,1.851200e+002,1,1,2.790900e+002,1.774400e+002
2.805000e+002,1.851200e+002,1,1,2.790900e+002,1.774400e+002
4.511200e+002,1.918900e+002,0,0,-1.000000e+000,-1.000000e+000
2.740700e+002,1.996100e+002,0,0,-1.000000e+000,-1.000000e+000
1.517200e+002,2.069100e+002,0,0,-1.000000e+000,-1.000000e+000
2.441600e+002,2.090200e+002,0,0,-1.000000e+000,-1.000000e+000
2.568200e+002,2.141500e+002,0,0,-1.000000e+000,-1.000000e+000
4.116000e+001,2.239000e+002,0,0,-1.000000e+000,-1.000000e+000
2.677100e+002,2.313900e+002,0,0,-1.000000e+000,-1.000000e+000
9.427000e+001,2.595700e+002,1,1,9.268000e+001,2.527700e+002
6.290200e+002,2.600200e+002,0,0,-1.000000e+000,-1.000000e+000
1.777300e+002,2.757400e+002,0,0,-1.000000e+000,-1.000000e+000
6.157400e+002,2.973300e+002,1,1,6.194700e+002,2.931300e+002
1.145800e+002,2.987600e+002,0,0,-1.000000e+000,-1.000000e+000
1.145800e+002,2.987600e+002,1,0,9.964000e+001,2.954600e+002
1.167000e+001,3.021400e+002,0,0,-1.000000e+000,-1.000000e+000
1.039500e+002,3.017800e+002,0,0,-1.000000e+000,-1.000000e+000
1.039500e+002,3.017800e+002,0,0,-1.000000e+000,-1.000000e+000
4.399000e+001,3.027900e+002,1,1,3.965000e+001,2.964600e+002
9.298000e+001,3.033100e+002,0,0,-1.000000e+000,-1.000000e+000
6.682000e+001,3.109000e+002,1,1,6.202000e+001,3.047400e+002
6.682000e+001,3.109000e+002,1,1,6.202000e+001,3.047400e+002
1.199000e+002,3.129600e+002,0,0,-1.000000e+000,-1.000000e+000
5.612000e+001,3.136000e+002,1,1,5.133000e+001,3.075300e+002
1.098200e+002,3.157300e+002,0,0,-1.000000e+000,-1.000000e+000
3.036200e+002,3.156400e+002,0,0,-1.000000e+000,-1.000000e+000
3.036200e+002,3.156400e+002,0,0,-1.000000e+000,-1.000000e+000
9.849000e+001,3.180300e+002,1,1,9.358000e+001,3.122000e+002
1.327800e+002,3.181900e+002,1,1,1.279300e+002,3.121900e+002
2.260000e+001,3.206900e+002,0,0,-1.000000e+000,-1.000000e+000
2.260000e+001,3.206900e+002,1,1,1.689000e+001,3.144500e+002
1.227900e+002,3.206300e+002,1,1,1.178600e+002,3.146900e+002
1.227900e+002,3.206300e+002,1,1,1.178600e+002,3.146900e+002
2.667100e+002,3.321100e+002,0,0,-1.000000e+000,-1.000000e+000
7.402000e+001,3.330500e+002,1,1,6.841000e+001,3.269100e+002
3.251000e+001,3.435000e+002,0,0,-1.000000e+000,-1.000000e+000
9.210000e+000,3.534500e+002,0,0,-1.000000e+000,-1.000000e+000
5.808200e+002,1.622500e+002,0,0,-1.000000e+000,-1.000000e+000
2.430200e+002,1.661200e+002,0,0,-1.000000e+000,-1.000000e+000
6.237300e+002,1.990300e+002,0,0,-1.000000e+000,-1.000000e+000
2.676700e+002,2.051200e+002,0,0,-1.000000e+000,-1.000000e+000
2.188600e+002,2.093100e+002,0,0,-1.000000e+000,-1.000000e+000
1.698700e+002,2.103100e+002,1,1,1.683800e+002,2.038300e+002
2.401600e+002,2.142300e+002,1,1,2.408900e+002,2.070800e+002
1.733500e+002,2.164700e+002,0,0,-1.000000e+000,-1.000000e+000
6.192900e+002,2.613900e+002,1,1,6.232600e+002,2.565700e+002
5.040700e+002,3.256900e+002,0,0,-1.000000e+000,-1.000000e+000
1.183700e+002,3.262700e+002,1,1,1.134100e+002,3.207100e+002
8.080000e+001,3.355800e+002,1,1,7.546000e+001,3.297700e+002
6.948000e+001,3.386300e+002,1,1,6.399000e+001,3.326300e+002
4.434000e+001,3.407300e+002,1,1,3.863000e+001,3.344200e+002
2.661300e+002,3.441900e+002,1,0,2.614700e+002,3.468500e+002
1.678000e+001,3.472400e+002,1,1,1.061000e+001,3.410500e+002
2.314900e+002,3.623500e+002,1,0,2.647300e+002,3.141700e+002
5.798700e+002,4.549700e+002,1,1,5.772100e+002,4.549600e+002
5.031700e+002,1.372200e+002,1,1,5.084300e+002,1.297200e+002
4.473300e+002,1.844300e+002,1,1,4.494000e+002,1.774300e+002
4.473300e+002,1.844300e+002,1,1,4.494000e+002,1.774300e+002
6.262900e+002,1.915300e+002,0,0,-1.000000e+000,-1.000000e+000
2.665500e+002,2.140000e+002,0,0,-1.000000e+000,-1.000000e+000
5.112400e+002,2.565700e+002,1,1,5.109000e+002,2.517700e+002
1.605000e+002,2.845000e+002,1,1,1.597200e+002,2.759800e+002
2.747000e+001,3.095800e+002,1,1,2.269000e+001,3.030800e+002
3.457100e+002,3.110600e+002,1,1,3.399600e+002,3.060900e+002
4.143100e+002,3.133800e+002,1,1,4.098000e+002,3.090900e+002
5.035500e+002,1.372600e+002,0,0,-1.000000e+000,-1.000000e+000
4.965600e+002,1.453600e+002,1,1,5.018200e+002,1.378900e+002
5.799200e+002,1.648200e+002,1,1,5.862000e+002,1.589000e+002
6.087900e+002,1.742500e+002,1,1,6.149900e+002,1.668300e+002
4.464000e+002,1.838200e+002,0,0,-1.000000e+000,-1.000000e+000
4.464000e+002,1.838200e+002,0,0,-1.000000e+000,-1.000000e+000
1.707000e+002,1.870600e+002,1,1,1.685700e+002,1.799800e+002
2.697800e+002,2.238900e+002,1,1,2.674900e+002,2.174100e+002
5.120300e+002,2.554700e+002,0,0,-1.000000e+000,-1.000000e+000
2.396400e+002,2.708000e+002,0,0,-1.000000e+000,-1.000000e+000
1.593100e+002,2.864100e+002,0,0,-1.000000e+000,-1.000000e+000
4.652400e+002,3.134500e+002,0,0,-1.000000e+000,-1.000000e+000
8.485000e+001,3.234000e+002,0,0,-1.000000e+000,-1.000000e+000
8.485000e+001,3.234000e+002,1,1,7.976000e+001,3.171600e+002
5.780000e+001,3.294800e+002,0,0,-1.000000e+000,-1.000000e+000
5.780000e+001,3.294800e+002,0,0,-1.000000e+000,-1.000000e+000
2.294400e+002,3.644300e+002,0,0,-1.000000e+000,-1.000000e+000
1.376100e+002,6.873000e+001,1,0,1.334300e+002,6.070000e+001
1.376100e+002,6.873000e+001,1,0,1.334300e+002,6.070000e+001
1.687500e+002,1.252200e+002,1,0,1.651200e+002,1.181800e+002
2.840300e+002,1.885200e+002,1,1,2.821200e+002,1.806600e+002
2.510100e+002,2.184700e+002,0,0,-1.000000e+000,-1.000000e+000
1.189300e+002,2.569800e+002,1,1,1.176100e+002,2.503600e+002
1.742100e+002,2.841300e+002,1,1,1.713200e+002,2.778400e+002
1.829800e+002,2.963100e+002,1,1,1.790700e+002,2.903800e+002
2.766600e+002,2.952700e+002,1,1,2.705100e+002,2.896800e+002
4.841100e+002,3.162000e+002,1,1,4.813200e+002,3.120600e+002
2.619900e+002,3.523300e+002,1,1,2.571700e+002,3.479100e+002
4.127600e+002,3.559100e+002,1,1,4.084700e+002,3.520600e+002
1.443600e+002,2.436300e+002,1,1,1.435100e+002,2.376400e+002
2.864000e+001,2.616200e+002,1,1,2.654000e+001,2.555400e+002
3.012400e+002,3.164500e+002,1,1,2.945900e+002,3.114500e+002
2.271500e+002,3.666000e+002,0,0,-1.000000e+000,-1.000000e+000
1.480200e+002,5.479000e+001,1,0,1.439100e+002,4.705000e+001
1.480200e+002,5.479000e+001,1,0,1.439100e+002,4.705000e+001
4.818400e+002,1.374400e+002,1,1,4.861700e+002,1.298200e+002
2.877900e+002,1.914400e+002,0,0,-1.000000e+000,-1.000000e+000
1.813400e+002,2.247300e+002,0,0,-1.000000e+000,-1.000000e+000
2.622000e+002,2.492500e+002,1,1,2.590900e+002,2.427100e+002
5.151900e+002,2.511300e+002,1,1,5.130400e+002,2.456800e+002
2.347100e+002,2.668900e+002,0,0,-1.000000e+000,-1.000000e+000
2.797200e+002,2.943700e+002,0,0,-1.000000e+000,-1.000000e+000
1.729400e+002,3.126600e+002,1,1,1.686400e+002,3.058700e+002
4.883900e+002,3.209600e+002,0,0,-1.000000e+000,-1.000000e+000
2.788900e+002,3.324400e+002,0,0,-1.000000e+000,-1.000000e+000
1.784200e+002,1.199400e+002,0,0,-1.000000e+000,-1.000000e+000
5.751400e+002,1.727700e+002,1,1,5.830200e+002,1.645400e+002
7.616000e+001,2.797800e+002,1,1,7.149000e+001,2.723700e+002
4.802700e+002,2.938600e+002,1,1,4.763400e+002,2.886400e+002
1.992800e+002,3.060200e+002,1,1,1.949300e+002,3.000700e+002
1.992800e+002,3.060200e+002,1,1,1.949300e+002,3.000700e+002
5.217600e+002,1.448000e+002,1,1,5.251400e+002,1.383100e+002
4.194100e+002,1.716500e+002,1,1,4.219900e+002,1.645800e+002
4.779500e+002,2.928400e+002,0,0,-1.000000e+000,-1.000000e+000
2.116900e+002,1.886300e+002,0,0,-1.000000e+000,-1.000000e+000
2.522400e+002,1.841800e+002,1,1,2.512200e+002,1.775200e+002
4.231000e+001,2.504900e+002,1,1,4.162000e+001,2.439700e+002
8.828000e+001,2.476500e+002,1,1,8.621000e+001,2.411200e+002
1.794600e+002,3.389500e+002,1,1,1.754500e+002,3.336000e+002
2.067600e+002,2.461900e+002,1,1,2.038300e+002,2.394200e+002
1.221500e+002,2.901300e+002,1,1,1.186000e+002,2.839200e+002
5.288100e+002,2.912800e+002,1,1,5.258800e+002,2.861900e+002
4.444200e+002,3.431200e+002,1,1,4.426400e+002,3.392600e+002
2.368500e+002,3.220100e+002,0,0,-1.000000e+000,-1.000000e+000
3.265900e+002,2.456700e+002,1,1,3.247000e+002,2.403000e+002