6.327100e+002,2.500000e+000,1,0,5.930300e+002,4.406000e+001
6.187300e+002,4.510000e+000,0,0,-1.000000e+000,-1.000000e+000
5.949800e+002,7.810000e+000,0,0,-1.000000e+000,-1.000000e+000
3.923500e+002,9.160000e+000,0,0,-1.000000e+000,-1.000000e+000
6.348400e+002,1.159000e+001,0,0,-1.000000e+000,-1.000000e+000
4.480300e+002,1.441000e+001,0,0,-1.000000e+000,-1.000000e+000
5.948700e+002,1.765000e+001,0,0,-1.000000e+000,-1.000000e+000
3.920400e+002,1.846000e+001,0,0,-1.000000e+000,-1.000000e+000
5.855700e+002,1.918000e+001,0,0,-1.000000e+000,-1.000000e+000
5.937900e+002,2.373000e+001,0,0,-1.000000e+000,-1.000000e+000
3.944400e+002,2.452000e+001,0,0,-1.000000e+000,-1.000000e+000
5.315700e+002,2.730000e+001,1,1,5.420300e+002,2.332000e+001
6.154700e+002,2.902000e+001,0,0,-1.000000e+000,-1.000000e+000
5.322200e+002,2.973000e+001,0,0,-1.000000e+000,-1.000000e+000
6.238300e+002,2.983000e+001,0,0,-1.000000e+000,-1.000000e+000
5.509000e+002,3.062000e+001,0,0,-1.000000e+000,-1.000000e+000
5.717000e+002,3.773000e+001,0,0,-1.000000e+000,-1.000000e+000
5.530800e+002,4.145000e+001,0,0,-1.000000e+000,-1.000000e+000
6.040900e+002,4.313000e+001,0,0,-1.000000e+000,-1.000000e+000
5.990300e+002,4.411000e+001,0,0,-1.000000e+000,-1.000000e+000
5.905900e+002,4.599000e+001,0,0,-1.000000e+000,-1.000000e+000
4.214000e+002,5.701000e+001,0,0,-1.000000e+000,-1.000000e+000
3.896300e+002,6.152000e+001,0,0,-1.000000e+000,-1.000000e+000
3.897800e+002,6.488000e+001,0,0,-1.000000e+000,-1.000000e+000
3.892600e+002,7.496000e+001,0,0,-1.000000e+000,-1.000000e+000
4.519500e+002,7.703000e+001,0,0,-1.000000e+000,-1.000000e+000
6.293300e+002,8.733000e+001,0,0,-1.000000e+000,-1.000000e+000
4.112200e+002,9.133000e+001,0,0,-1.000000e+000,-1.000000e+000
3.912500e+002,9.275000e+001,0,0,-1.000000e+000,-1.000000e+000
1.447000e+002,9.437000e+001,0,0,-1.000000e+000,-1.000000e+000
1.504300e+002,9.606000e+001,0,0,-1.000000e+000,-1.000000e+000
1.317900e+002,9.644000e+001,0,0,-1.000000e+000,-1.000000e+000
1.230600e+002,9.800000e+001,0,0,-1.000000e+000,-1.000000e+000
1.148300e+002,9.972000e+001,0,0,-1.000000e+000,-1.000000e+000
1.046400e+002,1.010100e+002,0,0,-1.000000e+000,-1.000000e+000
1.004700e+002,1.019600e+002,0,0,-1.000000e+000,-1.000000e+000
6.757000e+001,1.073500e+002,0,0,-1.000000e+000,-1.000000e+000
5.060000e+001,1.130600e+002,0,0,-1.000000e+000,-1.000000e+000
6.193500e+002,1.131300e+002,1,0,6.332900e+002,9.208000e+001
3.279000e+001,1.135700e+002,0,0,-1.000000e+000,-1.000000e+000
1.080200e+002,1.135300e+002,1,0,1.558800e+002,1.477700e+002
1.205500e+002,1.133800e+002,0,0,-1.000000e+000,-1.000000e+000
2.753000e+001,1.144900e+002,0,0,-1.000000e+000,-1.000000e+000
4.275100e+002,1.151900e+002,0,0,-1.000000e+000,-1.000000e+000
1.947000e+001,1.158600e+002,0,0,-1.000000e+000,-1.000000e+000
3.127000e+001,1.164800e+002,0,0,-1.000000e+000,-1.000000e+000
5.298500e+002,1.167700e+002,0,0,-1.000000e+000,-1.000000e+000
8.425000e+001,1.177200e+002,0,0,-1.000000e+000,-1.000000e+000
4.002900e+002,1.181200e+002,0,0,-1.000000e+000,-1.000000e+000
3.789800e+002,1.187900e+002,0,0,-1.000000e+000,-1.000000e+000
3.943500e+002,1.189300e+002,0,0,-1.000000e+000,-1.000000e+000
6.185300e+002,1.191200e+002,0,0,-1.000000e+000,-1.000000e+000
4.112700e+002,1.193600e+002,0,0,-1.000000e+000,-1.000000e+000
4.112700e+002,1.193600e+002,0,0,-1.000000e+000,-1.000000e+000
5.294100e+002,1.220100e+002,0,0,-1.000000e+000,-1.000000e+000
6.265700e+002,1.223900e+002,0,0,-1.000000e+000,-1.000000e+000
6.307200e+002,1.237900e+002,0,0,-1.000000e+000,-1.000000e+000
3.344600e+002,1.262900e+002,1,0,3.121400e+002,1.599500e+002
6.182300e+002,1.262100e+002,0,0,-1.000000e+000,-1.000000e+000
5.150700e+002,1.281200e+002,0,0,-1.000000e+000,-1.000000e+000
4.505700e+002,1.305600e+002,1,1,4.594300e+002,1.290100e+002
4.369600e+002,1.310500e+002,0,0,-1.000000e+000,-1.000000e+000
4.622000e+002,1.316100e+002,0,0,-1.000000e+000,-1.000000e+000
3.949000e+002,1.436900e+002,0,0,-1.000000e+000,-1.000000e+000
3.770300e+002,1.455100e+002,1,1,3.841700e+002,1.424400e+002
4.994900e+002,1.456400e+002,1,1,5.084000e+002,1.431600e+002
3.467900e+002,1.468500e+002,0,0,-1.000000e+000,-1.000000e+000
5.054300e+002,1.480200e+002,0,0,-1.000000e+000,-1.000000e+000
5.276000e+002,1.552200e+002,1,1,5.364800e+002,1.524900e+002
2.069700e+002,1.560400e+002,0,0,-1.000000e+000,-1.000000e+000
3.097200e+002,1.557300e+002,0,0,-1.000000e+000,-1.000000e+000
3.572300e+002,1.558300e+002,0,0,-1.000000e+000,-1.000000e+000
2.974000e+002,1.564100e+002,0,0,-1.000000e+000,-1.000000e+000
3.642300e+002,1.563400e+002,0,0,-1.000000e+000,-1.000000e+000
2.140200e+002,1.568100e+002,0,0,-1.000000e+000,-1.000000e+000
3.036800e+002,1.572600e+002,0,0,-1.000000e+000,-1.000000e+000
5.730900e+002,1.584700e+002,1,1,5.831400e+002,1.559200e+002
1.941200e+002,1.591300e+002,0,0,-1.000000e+000,-1.000000e+000
2.157400e+002,1.589600e+002,1,1,2.220600e+002,1.551400e+002
5.379300e+002,1.605400e+002,0,0,-1.000000e+000,-1.000000e+000
5.433600e+002,1.623600e+002,1,1,5.518100e+002,1.600400e+002
2.698700e+002,1.631300e+002,1,1,2.767300e+002,1.594300e+002
1.496900e+002,1.628000e+002,0,0,-1.000000e+000,-1.000000e+000
2.770700e+002,1.638100e+002,0,0,-1.000000e+000,-1.000000e+000
6.206400e+002,1.657900e+002,1,1,6.317200e+002,1.633800e+002
1.504000e+002,1.665800e+002,0,0,-1.000000e+000,-1.000000e+000
2.657200e+002,1.667100e+002,0,0,-1.000000e+000,-1.000000e+000
2.524800e+002,1.676100e+002,0,0,-1.000000e+000,-1.000000e+000
5.887500e+002,1.676500e+002,0,0,-1.000000e+000,-1.000000e+000
2.616200e+002,1.678100e+002,0,0,-1.000000e+000,-1.000000e+000
2.583800e+002,1.687600e+002,0,0,-1.000000e+000,-1.000000e+000
5.790500e+002,1.706100e+002,0,0,-1.000000e+000,-1.000000e+000
5.960300e+002,1.791100e+002,0,0,-1.000000e+000,-1.000000e+000
2.307400e+002,1.801600e+002,0,0,-1.000000e+000,-1.000000e+000
5.661000e+002,1.819400e+002,0,0,-1.000000e+000,-1.000000e+000
1.946100e+002,1.823700e+002,0,0,-1.000000e+000,-1.000000e+000
5.894600e+002,1.826200e+002,0,0,-1.000000e+000,-1.000000e+000
2.001900e+002,1.834200e+002,0,0,-1.000000e+000,-1.000000e+000
5.637700e+002,1.835400e+002,0,0,-1.000000e+000,-1.000000e+000
5.288900e+002,1.849300e+002,0,0,-1.000000e+000,-1.000000e+000
2.160300e+002,1.863700e+002,0,0,-1.000000e+000,-1.000000e+000
2.115600e+002,1.873000e+002,1,0,2.240200e+002,1.819000e+002
5.783100e+002,1.886800e+002,0,0,-1.000000e+000,-1.000000e+000
5.689300e+002,1.894100e+002,0,0,-1.000000e+000,-1.000000e+000
5.689300e+002,1.894100e+002,0,0,-1.000000e+000,-1.000000e+000
5.757700e+002,1.898800e+002,0,0,-1.000000e+000,-1.000000e+000
1.911700e+002,1.905900e+002,0,0,-1.000000e+000,-1.000000e+000
4.211800e+002,1.906400e+002,0,0,-1.000000e+000,-1.000000e+000
1.877300e+002,1.913500e+002,0,0,-1.000000e+000,-1.000000e+000
5.725200e+002,1.913300e+002,0,0,-1.000000e+000,-1.000000e+000
5.675400e+002,1.919800e+002,1,1,5.773600e+002,1.899200e+002
5.675400e+002,1.919800e+002,0,0,-1.000000e+000,-1.000000e+000
6.347100e+002,1.922200e+002,0,0,-1.000000e+000,-1.000000e+000
5.619200e+002,1.930500e+002,0,0,-1.000000e+000,-1.000000e+000
1.765400e+002,1.943900e+002,0,0,-1.000000e+000,-1.000000e+000
1.676300e+002,1.965100e+002,0,0,-1.000000e+000,-1.000000e+000
6.255400e+002,1.976600e+002,0,0,-1.000000e+000,-1.000000e+000
6.255400e+002,1.976600e+002,0,0,-1.000000e+000,-1.000000e+000
5.705200e+002,1.986700e+002,1,1,5.796200e+002,1.968200e+002
5.705200e+002,1.986700e+002,0,0,-1.000000e+000,-1.000000e+000
5.757400e+002,2.020500e+002,0,0,-1.000000e+000,-1.000000e+000
6.058300e+002,2.018800e+002,0,0,-1.000000e+000,-1.000000e+000
6.058300e+002,2.018800e+002,0,0,-1.000000e+000,-1.000000e+000
5.914500e+002,2.070200e+002,1,1,6.012300e+002,2.054000e+002
6.073300e+002,2.087200e+002,0,0,-1.000000e+000,-1.000000e+000
4.788400e+002,2.092200e+002,1,1,4.863800e+002,2.069600e+002
4.788400e+002,2.092200e+002,1,1,4.863800e+002,2.069600e+002
5.900200e+002,2.094600e+002,1,1,5.991400e+002,2.077300e+002
6.047000e+002,2.104000e+002,0,0,-1.000000e+000,-1.000000e+000
6.015700e+002,2.125100e+002,1,1,6.122600e+002,2.097800e+002
2.482500e+002,2.143900e+002,0,0,-1.000000e+000,-1.000000e+000
2.764700e+002,2.198900e+002,0,0,-1.000000e+000,-1.000000e+000
1.701300e+002,2.224800e+002,0,0,-1.000000e+000,-1.000000e+000
1.701300e+002,2.224800e+002,0,0,-1.000000e+000,-1.000000e+000
5.852400e+002,2.226800e+002,0,0,-1.000000e+000,-1.000000e+000
5.405800e+002,2.230800e+002,1,1,5.485600e+002,2.214000e+002
6.084500e+002,2.235000e+002,0,0,-1.000000e+000,-1.000000e+000
5.954200e+002,2.256200e+002,0,0,-1.000000e+000,-1.000000e+000
1.604100e+002,2.273100e+002,0,0,-1.000000e+000,-1.000000e+000
2.449500e+002,2.285500e+002,0,0,-1.000000e+000,-1.000000e+000
2.008500e+002,2.327200e+002,1,1,2.067200e+002,2.290200e+002
2.389500e+002,2.413100e+002,0,0,-1.000000e+000,-1.000000e+000
1.575600e+002,2.457200e+002,1,0,1.545700e+002,2.443800e+002
1.499600e+002,2.481800e+002,0,0,-1.000000e+000,-1.000000e+000
1.703400e+002,2.490100e+002,1,1,1.749900e+002,2.458600e+002
1.703400e+002,2.490100e+002,0,0,-1.000000e+000,-1.000000e+000
1.444800e+002,2.498100e+002,0,0,-1.000000e+000,-1.000000e+000
2.577400e+002,2.499900e+002,0,0,-1.000000e+000,-1.000000e+000
2.604600e+002,2.530700e+002,0,0,-1.000000e+000,-1.000000e+000
2.613000e+002,2.576400e+002,0,0,-1.000000e+000,-1.000000e+000
2.658000e+002,2.591500e+002,0,0,-1.000000e+000,-1.000000e+000
3.205400e+002,2.589000e+002,0,0,-1.000000e+000,-1.000000e+000
4.552700e+002,2.598000e+002,0,0,-1.000000e+000,-1.000000e+000
4.552700e+002,2.598000e+002,0,0,-1.000000e+000,-1.000000e+000
3.189900e+002,2.611500e+002,1,0,3.140500e+002,2.485200e+002
3.925600e+002,2.623500e+002,1,0,4.269900e+002,2.530500e+002
1.523500e+002,2.636100e+002,0,0,-1.000000e+000,-1.000000e+000
1.523500e+002,2.636100e+002,0,0,-1.000000e+000,-1.000000e+000
3.216100e+002,2.635100e+002,0,0,-1.000000e+000,-1.000000e+000
2.674400e+002,2.648300e+002,0,0,-1.000000e+000,-1.000000e+000
1.049400e+002,2.679800e+002,0,0,-1.000000e+000,-1.000000e+000
4.814700e+002,2.679000e+002,0,0,-1.000000e+000,-1.000000e+000
2.746200e+002,2.690700e+002,0,0,-1.000000e+000,-1.000000e+000
2.730200e+002,2.717400e+002,0,0,-1.000000e+000,-1.000000e+000
9.835000e+001,2.725400e+002,0,0,-1.000000e+000,-1.000000e+000
4.806700e+002,2.731200e+002,0,0,-1.000000e+000,-1.000000e+000
8.074000e+001,2.752400e+002,0,0,-1.000000e+000,-1.000000e+000
2.666800e+002,2.750100e+002,0,0,-1.000000e+000,-1.000000e+000
7.569000e+001,2.765300e+002,0,0,-1.000000e+000,-1.000000e+000
7.918000e+001,2.780600e+002,0,0,-1.000000e+000,-1.000000e+000
6.301000e+001,2.800800e+002,0,0,-1.000000e+000,-1.000000e+000
7.144000e+001,2.801400e+002,0,0,-1.000000e+000,-1.000000e+000
3.556400e+002,2.817300e+002,0,0,-1.000000e+000,-1.000000e+000
3.556400e+002,2.817300e+002,0,0,-1.000000e+000,-1.000000e+000
5.417000e+001,2.824400e+002,0,0,-1.000000e+000,-1.000000e+000
5.287000e+001,2.853500e+002,0,0,-1.000000e+000,-1.000000e+000
3.828000e+001,2.870900e+002,0,0,-1.000000e+000,-1.000000e+000
7.090000e+000,2.875500e+002,1,1,1.142000e+001,2.831600e+002
4.506100e+002,2.880700e+002,0,0,-1.000000e+000,-1.000000e+000
4.634100e+002,2.910600e+002,1,0,4.249800e+002,3.021500e+002
5.143000e+002,2.920500e+002,0,0,-1.000000e+000,-1.000000e+000
2.379800e+002,2.934700e+002,0,0,-1.000000e+000,-1.000000e+000
1.249900e+002,2.942400e+002,0,0,-1.000000e+000,-1.000000e+000
2.125100e+002,2.991500e+002,0,0,-1.000000e+000,-1.000000e+000
5.368800e+002,2.995600e+002,0,0,-1.000000e+000,-1.000000e+000
5.291200e+002,3.004900e+002,0,0,-1.000000e+000,-1.000000e+000
6.341000e+002,3.009100e+002,0,0,-1.000000e+000,-1.000000e+000
6.093900e+002,3.020500e+002,1,0,5.916400e+002,3.144700e+002
5.329100e+002,3.027200e+002,0,0,-1.000000e+000,-1.000000e+000
5.485300e+002,3.060300e+002,0,0,-1.000000e+000,-1.000000e+000
6.201000e+002,3.085300e+002,0,0,-1.000000e+000,-1.000000e+000
5.865200e+002,3.110700e+002,0,0,-1.000000e+000,-1.000000e+000
1.709700e+002,3.115400e+002,0,0,-1.000000e+000,-1.000000e+000
1.709700e+002,3.115400e+002,0,0,-1.000000e+000,-1.000000e+000
5.833200e+002,3.126200e+002,1,0,5.358600e+002,3.394700e+002
5.613300e+002,3.134900e+002,0,0,-1.000000e+000,-1.000000e+000
5.857500e+002,3.139700e+002,1,0,5.592800e+002,3.305300e+002
1.641100e+002,3.159200e+002,0,0,-1.000000e+000,-1.000000e+000
1.641100e+002,3.159200e+002,0,0,-1.000000e+000,-1.000000e+000
1.773900e+002,3.164300e+002,0,0,-1.000000e+000,-1.000000e+000
1.773900e+002,3.164300e+002,0,0,-1.000000e+000,-1.000000e+000
5.805100e+002,3.166900e+002,0,0,-1.000000e+000,-1.000000e+000
1.143200e+002,3.169900e+002,0,0,-1.000000e+000,-1.000000e+000
2.094300e+002,3.168900e+002,0,0,-1.000000e+000,-1.000000e+000
4.243000e+001,3.197100e+002,0,0,-1.000000e+000,-1.000000e+000
5.654400e+002,3.215500e+002,1,1,5.720300e+002,3.210700e+002
5.949500e+002,3.220000e+002,1,0,6.284800e+002,3.084100e+002
1.281400e+002,3.225600e+002,1,1,1.315800e+002,3.190900e+002
1.281400e+002,3.225600e+002,1,1,1.315800e+002,3.190900e+002
1.559900e+002,3.229400e+002,0,0,-1.000000e+000,-1.000000e+000
1.383500e+002,3.238700e+002,0,0,-1.000000e+000,-1.000000e+000
1.308900e+002,3.243200e+002,0,0,-1.000000e+000,-1.000000e+000
3.230300e+002,3.249200e+002,0,0,-1.000000e+000,-1.000000e+000
3.227300e+002,3.274900e+002,0,0,-1.000000e+000,-1.000000e+000
1.909700e+002,3.284700e+002,0,0,-1.000000e+000,-1.000000e+000
2.198300e+002,3.291000e+002,0,0,-1.000000e+000,-1.000000e+000
1.970300e+002,3.295000e+002,0,0,-1.000000e+000,-1.000000e+000
1.970300e+002,3.295000e+002,0,0,-1.000000e+000,-1.000000e+000
3.303500e+002,3.296000e+002,1,1,3.340900e+002,3.274700e+002
1.386800e+002,3.306700e+002,0,0,-1.000000e+000,-1.000000e+000
1.386800e+002,3.306700e+002,0,0,-1.000000e+000,-1.000000e+000
1.310300e+002,3.310300e+002,0,0,-1.000000e+000,-1.000000e+000
1.996400e+002,3.310600e+002,0,0,-1.000000e+000,-1.000000e+000
1.830700e+002,3.329700e+002,0,0,-1.000000e+000,-1.000000e+000
5.454600e+002,3.343700e+002,0,0,-1.000000e+000,-1.000000e+000
1.563900e+002,3.348000e+002,0,0,-1.000000e+000,-1.000000e+000
1.608400e+002,3.349000e+002,0,0,-1.000000e+000,-1.000000e+000
1.768700e+002,3.347800e+002,0,0,-1.000000e+000,-1.000000e+000
1.311700e+002,3.352900e+002,0,0,-1.000000e+000,-1.000000e+000
2.255900e+002,3.356200e+002,0,0,-1.000000e+000,-1.000000e+000
1.225600e+002,3.360000e+002,0,0,-1.000000e+000,-1.000000e+000
1.491700e+002,3.358900e+002,0,0,-1.000000e+000,-1.000000e+000
1.932000e+002,3.360300e+002,0,0,-1.000000e+000,-1.000000e+000
1.133300e+002,3.362800e+002,0,0,-1.000000e+000,-1.000000e+000
1.456000e+002,3.364300e+002,0,0,-1.000000e+000,-1.000000e+000
5.364400e+002,3.365900e+002,0,0,-1.000000e+000,-1.000000e+000
1.012200e+002,3.379500e+002,0,0,-1.000000e+000,-1.000000e+000
1.012200e+002,3.379500e+002,0,0,-1.000000e+000,-1.000000e+000
1.681200e+002,3.397700e+002,0,0,-1.000000e+000,-1.000000e+000
1.374900e+002,3.406900e+002,0,0,-1.000000e+000,-1.000000e+000
1.010400e+002,3.413800e+002,0,0,-1.000000e+000,-1.000000e+000
9.318000e+001,3.426300e+002,0,0,-1.000000e+000,-1.000000e+000
9.318000e+001,3.426300e+002,0,0,-1.000000e+000,-1.000000e+000
1.400200e+002,3.424600e+002,0,0,-1.000000e+000,-1.000000e+000
2.152100e+002,3.426300e+002,0,0,-1.000000e+000,-1.000000e+000
2.152100e+002,3.426300e+002,0,0,-1.000000e+000,-1.000000e+000
2.112400e+002,3.455500e+002,0,0,-1.000000e+000,-1.000000e+000
2.112400e+002,3.455500e+002,0,0,-1.000000e+000,-1.000000e+000
9.287000e+001,3.459400e+002,1,0,4.803000e+001,3.699900e+002
8.480000e+001,3.474000e+002,0,0,-1.000000e+000,-1.000000e+000
8.480000e+001,3.474000e+002,0,0,-1.000000e+000,-1.000000e+000
6.529000e+001,3.485000e+002,0,0,-1.000000e+000,-1.000000e+000
1.773700e+002,3.493400e+002,1,0,1.539500e+002,3.628300e+002
1.659000e+002,3.507100e+002,0,0,-1.000000e+000,-1.000000e+000
1.659000e+002,3.507100e+002,0,0,-1.000000e+000,-1.000000e+000
1.330600e+002,3.523300e+002,0,0,-1.000000e+000,-1.000000e+000
1.686400e+002,3.522900e+002,1,1,1.716900e+002,3.493100e+002
9.552000e+001,3.563000e+002,0,0,-1.000000e+000,-1.000000e+000
9.552000e+001,3.563000e+002,0,0,-1.000000e+000,-1.000000e+000
9.552000e+001,3.563000e+002,0,0,-1.000000e+000,-1.000000e+000
8.635000e+001,3.570400e+002,0,0,-1.000000e+000,-1.000000e+000
1.969500e+002,3.582900e+002,1,0,1.761000e+002,3.716000e+002
1.222700e+002,3.587600e+002,0,0,-1.000000e+000,-1.000000e+000
6.343000e+001,3.596500e+002,0,0,-1.000000e+000,-1.000000e+000
6.343000e+001,3.596500e+002,0,0,-1.000000e+000,-1.000000e+000
1.259200e+002,3.617500e+002,0,0,-1.000000e+000,-1.000000e+000
9.990000e+001,3.626100e+002,0,0,-1.000000e+000,-1.000000e+000
4.827500e+002,3.631200e+002,1,0,5.293400e+002,3.425500e+002
8.992000e+001,3.638900e+002,0,0,-1.000000e+000,-1.000000e+000
9.754000e+001,3.644400e+002,0,0,-1.000000e+000,-1.000000e+000
9.763000e+001,3.682300e+002,0,0,-1.000000e+000,-1.000000e+000
5.465000e+001,3.684100e+002,1,0,6.651000e+001,3.593600e+002
1.057500e+002,3.685400e+002,0,0,-1.000000e+000,-1.000000e+000
8.899000e+001,3.695000e+002,0,0,-1.000000e+000,-1.000000e+000
4.569000e+001,3.699800e+002,0,0,-1.000000e+000,-1.000000e+000
4.569000e+001,3.699800e+002,1,1,4.811000e+001,3.660900e+002
6.957000e+001,3.716200e+002,0,0,-1.000000e+000,-1.000000e+000
6.957000e+001,3.716200e+002,0,0,-1.000000e+000,-1.000000e+000
1.176600e+002,3.713500e+002,1,1,1.202200e+002,3.680200e+002
5.396000e+001,3.728900e+002,0,0,-1.000000e+000,-1.000000e+000
4.542000e+001,3.736900e+002,0,0,-1.000000e+000,-1.000000e+000
1.314400e+002,3.749000e+002,0,0,-1.000000e+000,-1.000000e+000
4.977000e+001,3.758200e+002,0,0,-1.000000e+000,-1.000000e+000
1.666800e+002,3.761900e+002,1,0,1.645700e+002,3.766100e+002
1.666800e+002,3.761900e+002,0,0,-1.000000e+000,-1.000000e+000
1.088900e+002,3.763200e+002,0,0,-1.000000e+000,-1.000000e+000
4.552000e+002,3.764600e+002,1,0,4.401600e+002,3.850400e+002
1.090900e+002,3.797400e+002,0,0,-1.000000e+000,-1.000000e+000
7.137000e+001,3.801100e+002,0,0,-1.000000e+000,-1.000000e+000
9.296000e+001,3.821000e+002,0,0,-1.000000e+000,-1.000000e+000
1.007700e+002,3.818600e+002,0,0,-1.000000e+000,-1.000000e+000
4.329000e+001,3.824500e+002,0,0,-1.000000e+000,-1.000000e+000
4.426700e+002,3.827500e+002,1,0,4.524900e+002,3.795200e+002
7.106000e+001,3.843800e+002,0,0,-1.000000e+000,-1.000000e+000
7.106000e+001,3.843800e+002,0,0,-1.000000e+000,-1.000000e+000
5.094000e+001,3.860600e+002,0,0,-1.000000e+000,-1.000000e+000
4.782400e+002,3.862900e+002,0,0,-1.000000e+000,-1.000000e+000
2.204000e+001,3.870100e+002,0,0,-1.000000e+000,-1.000000e+000
9.168000e+001,3.871800e+002,0,0,-1.000000e+000,-1.000000e+000
5.323000e+001,3.912300e+002,0,0,-1.000000e+000,-1.000000e+000
4.181000e+001,3.912500e+002,0,0,-1.000000e+000,-1.000000e+000
1.432000e+002,3.925500e+002,0,0,-1.000000e+000,-1.000000e+000
1.432000e+002,3.925500e+002,0,0,-1.000000e+000,-1.000000e+000
1.403100e+002,3.945000e+002,0,0,-1.000000e+000,-1.000000e+000
1.403100e+002,3.945000e+002,0,0,-1.000000e+000,-1.000000e+000
8.311000e+001,3.957800e+002,0,0,-1.000000e+000,-1.000000e+000
7.409000e+001,3.987200e+002,0,0,-1.000000e+000,-1.000000e+000
4.148200e+002,3.984200e+002,1,0,4.557300e+002,3.803200e+002
6.870000e+000,4.002700e+002,0,0,-1.000000e+000,-1.000000e+000
1.320000e+002,4.003500e+002,0,0,-1.000000e+000,-1.000000e+000
1.320000e+002,4.003500e+002,0,0,-1.000000e+000,-1.000000e+000
5.264000e+001,4.015000e+002,0,0,-1.000000e+000,-1.000000e+000
3.389000e+001,4.026800e+002,0,0,-1.000000e+000,-1.000000e+000
3.990200e+002,4.035300e+002,0,0,-1.000000e+000,-1.000000e+000
6.498000e+001,4.044200e+002,0,0,-1.000000e+000,-1.000000e+000
5.320000e+001,4.053000e+002,0,0,-1.000000e+000,-1.000000e+000
1.274600e+002,4.063800e+002,0,0,-1.000000e+000,-1.000000e+000
4.296000e+001,4.071100e+002,0,0,-1.000000e+000,-1.000000e+000
6.440000e+001,4.076400e+002,0,0,-1.000000e+000,-1.000000e+000
1.197400e+002,4.089800e+002,0,0,-1.000000e+000,-1.000000e+000
1.197400e+002,4.089800e+002,0,0,-1.000000e+000,-1.000000e+000
4.191700e+002,4.130600e+002,0,0,-1.000000e+000,-1.000000e+000
5.106000e+001,4.159000e+002,0,0,-1.000000e+000,-1.000000e+000
1.088200e+002,4.164300e+002,1,1,1.142100e+002,4.108800e+002
1.088200e+002,4.164300e+002,0,0,-1.000000e+000,-1.000000e+000
3.718300e+002,4.164700e+002,0,0,-1.000000e+000,-1.000000e+000
4.560000e+001,4.200100e+002,0,0,-1.000000e+000,-1.000000e+000
2.012000e+001,4.203600e+002,0,0,-1.000000e+000,-1.000000e+000
2.012000e+001,4.203600e+002,0,0,-1.000000e+000,-1.000000e+000
3.564000e+001,4.226100e+002,0,0,-1.000000e+000,-1.000000e+000
9.570000e+001,4.254900e+002,0,0,-1.000000e+000,-1.000000e+000
9.570000e+001,4.254900e+002,0,0,-1.000000e+000,-1.000000e+000
1.342000e+001,4.257700e+002,0,0,-1.000000e+000,-1.000000e+000
9.268000e+001,4.275200e+002,0,0,-1.000000e+000,-1.000000e+000
9.268000e+001,4.275200e+002,0,0,-1.000000e+000,-1.000000e+000
3.883000e+002,4.281600e+002,0,0,-1.000000e+000,-1.000000e+000
2.550000e+001,4.288900e+002,0,0,-1.000000e+000,-1.000000e+000
9.036000e+001,4.291900e+002,0,0,-1.000000e+000,-1.000000e+000
4.732000e+001,4.298900e+002,0,0,-1.000000e+000,-1.000000e+000
5.262000e+001,4.321200e+002,0,0,-1.000000e+000,-1.000000e+000
3.431700e+002,4.325900e+002,1,0,3.141500e+002,4.459500e+002
8.544000e+001,4.353900e+002,1,0,4.515000e+001,4.583100e+002
7.784000e+001,4.372700e+002,0,0,-1.000000e+000,-1.000000e+000
7.784000e+001,4.372700e+002,1,0,4.232000e+001,4.569600e+002
1.462000e+001,4.386400e+002,0,0,-1.000000e+000,-1.000000e+000
3.230300e+002,4.394500e+002,0,0,-1.000000e+000,-1.000000e+000
7.705000e+001,4.405800e+002,0,0,-1.000000e+000,-1.000000e+000
6.888000e+001,4.431800e+002,0,0,-1.000000e+000,-1.000000e+000
6.888000e+001,4.431800e+002,0,0,-1.000000e+000,-1.000000e+000
7.404000e+001,4.429000e+002,0,0,-1.000000e+000,-1.000000e+000
6.573000e+001,4.451400e+002,0,0,-1.000000e+000,-1.000000e+000
6.573000e+001,4.451400e+002,0,0,-1.000000e+000,-1.000000e+000
3.143900e+002,4.460100e+002,0,0,-1.000000e+000,-1.000000e+000
6.334000e+001,4.466500e+002,0,0,-1.000000e+000,-1.000000e+000
6.334000e+001,4.466500e+002,0,0,-1.000000e+000,-1.000000e+000
3.910000e+000,4.492200e+002,0,0,-1.000000e+000,-1.000000e+000
5.281000e+001,4.504700e+002,0,0,-1.000000e+000,-1.000000e+000
2.991300e+002,4.506600e+002,1,0,2.501700e+002,4.720300e+002
3.029100e+002,4.514600e+002,0,0,-1.000000e+000,-1.000000e+000
5.890000e+001,4.524000e+002,0,0,-1.000000e+000,-1.000000e+000
5.434000e+001,4.552900e+002,0,0,-1.000000e+000,-1.000000e+000
5.068000e+001,4.577900e+002,0,0,-1.000000e+000,-1.000000e+000
4.227000e+001,4.598200e+002,0,0,-1.000000e+000,-1.000000e+000
4.227000e+001,4.598200e+002,0,0,-1.000000e+000,-1.000000e+000
2.762600e+002,4.609400e+002,0,0,-1.000000e+000,-1.000000e+000
2.731400e+002,4.623600e+002,0,0,-1.000000e+000,-1.000000e+000
3.648000e+001,4.633200e+002,0,0,-1.000000e+000,-1.000000e+000
3.648000e+001,4.633200e+002,0,0,-1.000000e+000,-1.000000e+000
3.246000e+001,4.687200e+002,0,0,-1.000000e+000,-1.000000e+000
2.638400e+002,4.693200e+002,1,0,2.613100e+002,4.695700e+002
2.602600e+002,4.710600e+002,0,0,-1.000000e+000,-1.000000e+000
2.771000e+001,4.715500e+002,0,0,-1.000000e+000,-1.000000e+000
2.513300e+002,4.750200e+002,0,0,-1.000000e+000,-1.000000e+000
3.906100e+002,4.822000e+001,0,0,-1.000000e+000,-1.000000e+000
4.165100e+002,5.462000e+001,1,1,4.250500e+002,5.071000e+001
4.165100e+002,5.462000e+001,1,1,4.250500e+002,5.071000e+001
4.507600e+002,7.998000e+001,0,0,-1.000000e+000,-1.000000e+000
5.307400e+002,1.016200e+002,0,0,-1.000000e+000,-1.000000e+000
6.202300e+002,1.083700e+002,0,0,-1.000000e+000,-1.000000e+000
1.434500e+002,1.105700e+002,1,1,1.484600e+002,1.055700e+002
1.434500e+002,1.105700e+002,1,1,1.484600e+002,1.055700e+002
3.910300e+002,1.131700e+002,1,1,3.993400e+002,1.092000e+002
6.155300e+002,1.168800e+002,1,1,6.263600e+002,1.144800e+002
4.050500e+002,1.204900e+002,0,0,-1.000000e+000,-1.000000e+000
5.129000e+001,1.265600e+002,0,0,-1.000000e+000,-1.000000e+000
4.578600e+002,1.298200e+002,0,0,-1.000000e+000,-1.000000e+000
3.918400e+002,1.305600e+002,0,0,-1.000000e+000,-1.000000e+000
5.279800e+002,1.358800e+002,1,1,5.373300e+002,1.330300e+002
4.787300e+002,1.376100e+002,0,0,-1.000000e+000,-1.000000e+000
4.014800e+002,1.391700e+002,1,1,4.093000e+002,1.358100e+002
4.035700e+002,1.414100e+002,0,0,-1.000000e+000,-1.000000e+000
5.274700e+002,1.446800e+002,1,1,5.365800e+002,1.420800e+002
5.155500e+002,1.461300e+002,0,0,-1.000000e+000,-1.000000e+000
4.989100e+002,1.487000e+002,0,0,-1.000000e+000,-1.000000e+000
3.581000e+002,1.531000e+002,0,0,-1.000000e+000,-1.000000e+000
3.052800e+002,1.538300e+002,1,1,3.123700e+002,1.501900e+002
6.122000e+002,1.545000e+002,0,0,-1.000000e+000,-1.000000e+000
3.601200e+002,1.573500e+002,0,0,-1.000000e+000,-1.000000e+000
6.115000e+002,1.579400e+002,0,0,-1.000000e+000,-1.000000e+000
3.704100e+002,1.589600e+002,0,0,-1.000000e+000,-1.000000e+000
5.309900e+002,1.610200e+002,0,0,-1.000000e+000,-1.000000e+000
5.904900e+002,1.636500e+002,1,1,6.001300e+002,1.615300e+002
1.536300e+002,1.685000e+002,0,0,-1.000000e+000,-1.000000e+000
3.961700e+002,1.711300e+002,0,0,-1.000000e+000,-1.000000e+000
3.525600e+002,1.737100e+002,0,0,-1.000000e+000,-1.000000e+000
5.629500e+002,1.744700e+002,0,0,-1.000000e+000,-1.000000e+000
5.699500e+002,1.758500e+002,0,0,-1.000000e+000,-1.000000e+000
5.480500e+002,1.802400e+002,0,0,-1.000000e+000,-1.000000e+000
1.561700e+002,1.892300e+002,0,0,-1.000000e+000,-1.000000e+000
1.662200e+002,1.892300e+002,1,1,1.709300e+002,1.856600e+002
1.662200e+002,1.892300e+002,0,0,-1.000000e+000,-1.000000e+000
6.248100e+002,1.945400e+002,1,1,6.349500e+002,1.926300e+002
6.248100e+002,1.945400e+002,0,0,-1.000000e+000,-1.000000e+000
4.392300e+002,1.948600e+002,1,0,4.288300e+002,1.834000e+002
5.802100e+002,2.004300e+002,1,1,5.892500e+002,1.985900e+002
6.063700e+002,2.053800e+002,0,0,-1.000000e+000,-1.000000e+000
6.116300e+002,2.059800e+002,0,0,-1.000000e+000,-1.000000e+000
1.584800e+002,2.100500e+002,0,0,-1.000000e+000,-1.000000e+000
5.980000e+002,2.102200e+002,1,1,6.073500e+002,2.084300e+002
4.486700e+002,2.115600e+002,0,0,-1.000000e+000,-1.000000e+000
1.558800e+002,2.123500e+002,0,0,-1.000000e+000,-1.000000e+000
5.981600e+002,2.138400e+002,0,0,-1.000000e+000,-1.000000e+000
4.744400e+002,2.148300e+002,1,1,4.814800e+002,2.127900e+002
2.514900e+002,2.163600e+002,1,1,2.575700e+002,2.126400e+002
2.737700e+002,2.173900e+002,0,0,-1.000000e+000,-1.000000e+000
2.791300e+002,2.184000e+002,0,0,-1.000000e+000,-1.000000e+000
2.795200e+002,2.231300e+002,0,0,-1.000000e+000,-1.000000e+000
1.708900e+002,2.279000e+002,1,1,1.754000e+002,2.237600e+002
2.521000e+002,2.298600e+002,1,1,2.575900e+002,2.261500e+002
2.480500e+002,2.304800e+002,0,0,-1.000000e+000,-1.000000e+000
4.807000e+002,2.380900e+002,0,0,-1.000000e+000,-1.000000e+000
2.522600e+002,2.385500e+002,0,0,-1.000000e+000,-1.000000e+000
4.636600e+002,2.434100e+002,0,0,-1.000000e+000,-1.000000e+000
4.547600e+002,2.461700e+002,0,0,-1.000000e+000,-1.000000e+000
4.386300e+002,2.509600e+002,0,0,-1.000000e+000,-1.000000e+000
2.728600e+002,2.716100e+002,0,0,-1.000000e+000,-1.000000e+000
3.424900e+002,2.729000e+002,0,0,-1.000000e+000,-1.000000e+000
8.901000e+001,2.755900e+002,0,0,-1.000000e+000,-1.000000e+000
4.770300e+002,2.767500e+002,1,1,4.834700e+002,2.756300e+002
3.496900e+002,2.845200e+002,1,1,3.538000e+002,2.825700e+002
3.496900e+002,2.845200e+002,0,0,-1.000000e+000,-1.000000e+000
3.990000e+000,2.890900e+002,0,0,-1.000000e+000,-1.000000e+000
2.001300e+002,2.950600e+002,0,0,-1.000000e+000,-1.000000e+000
1.932800e+002,2.999500e+002,0,0,-1.000000e+000,-1.000000e+000
1.464600e+002,3.024000e+002,1,1,1.502700e+002,2.989900e+002
6.027900e+002,3.024800e+002,0,0,-1.000000e+000,-1.000000e+000
5.710700e+002,3.177800e+002,1,1,5.783100e+002,3.170300e+002
1.810800e+002,3.197000e+002,1,0,1.901500e+002,3.201900e+002
1.595300e+002,3.226000e+002,0,0,-1.000000e+000,-1.000000e+000
1.867600e+002,3.236600e+002,0,0,-1.000000e+000,-1.000000e+000
1.867600e+002,3.236600e+002,0,0,-1.000000e+000,-1.000000e+000
5.882800e+002,3.255300e+002,0,0,-1.000000e+000,-1.000000e+000
1.274300e+002,3.259400e+002,0,0,-1.000000e+000,-1.000000e+000
1.951700e+002,3.286600e+002,0,0,-1.000000e+000,-1.000000e+000
1.277800e+002,3.296600e+002,0,0,-1.000000e+000,-1.000000e+000
1.347200e+002,3.293700e+002,0,0,-1.000000e+000,-1.000000e+000
1.504200e+002,3.306200e+002,1,1,1.541800e+002,3.271600e+002
1.550700e+002,3.302700e+002,0,0,-1.000000e+000,-1.000000e+000
1.126700e+002,3.317600e+002,1,1,1.160100e+002,3.283300e+002
1.278000e+002,3.333600e+002,1,0,1.036700e+002,3.455500e+002
1.413100e+002,3.332900e+002,0,0,-1.000000e+000,-1.000000e+000
1.413100e+002,3.332900e+002,0,0,-1.000000e+000,-1.000000e+000
1.372300e+002,3.340100e+002,0,0,-1.000000e+000,-1.000000e+000
1.124300e+002,3.356200e+002,0,0,-1.000000e+000,-1.000000e+000
1.643600e+002,3.369900e+002,0,0,-1.000000e+000,-1.000000e+000
1.799000e+002,3.368800e+002,1,1,1.832200e+002,3.338200e+002
1.799000e+002,3.368800e+002,1,1,1.832200e+002,3.338200e+002
1.063800e+002,3.378800e+002,0,0,-1.000000e+000,-1.000000e+000
1.116600e+002,3.392100e+002,1,1,1.154100e+002,3.355600e+002
1.013900e+002,3.486100e+002,0,0,-1.000000e+000,-1.000000e+000
6.827000e+001,3.502600e+002,0,0,-1.000000e+000,-1.000000e+000
8.441000e+001,3.510200e+002,0,0,-1.000000e+000,-1.000000e+000
1.038400e+002,3.512900e+002,0,0,-1.000000e+000,-1.000000e+000
1.038400e+002,3.512900e+002,0,0,-1.000000e+000,-1.000000e+000
1.038400e+002,3.512900e+002,0,0,-1.000000e+000,-1.000000e+000
7.658000e+001,3.526300e+002,1,1,7.931000e+001,3.488600e+002
7.658000e+001,3.526300e+002,0,0,-1.000000e+000,-1.000000e+000
9.477000e+001,3.525600e+002,0,0,-1.000000e+000,-1.000000e+000
9.255000e+001,3.540400e+002,0,0,-1.000000e+000,-1.000000e+000
1.066300e+002,3.538000e+002,1,1,1.092900e+002,3.501000e+002
1.653400e+002,3.538800e+002,0,0,-1.000000e+000,-1.000000e+000
7.612000e+001,3.566800e+002,0,0,-1.000000e+000,-1.000000e+000
8.714000e+001,3.612700e+002,0,0,-1.000000e+000,-1.000000e+000
1.394500e+002,3.631400e+002,0,0,-1.000000e+000,-1.000000e+000
6.310000e+001,3.633900e+002,0,0,-1.000000e+000,-1.000000e+000
1.142900e+002,3.635300e+002,0,0,-1.000000e+000,-1.000000e+000
7.522000e+001,3.642100e+002,0,0,-1.000000e+000,-1.000000e+000
5.503000e+001,3.649800e+002,0,0,-1.000000e+000,-1.000000e+000
5.503000e+001,3.649800e+002,1,1,5.746000e+001,3.610800e+002
5.503000e+001,3.649800e+002,0,0,-1.000000e+000,-1.000000e+000
1.175400e+002,3.659400e+002,1,1,1.203000e+002,3.626600e+002
7.856000e+001,3.663200e+002,0,0,-1.000000e+000,-1.000000e+000
7.856000e+001,3.663200e+002,0,0,-1.000000e+000,-1.000000e+000
1.003900e+002,3.669000e+002,0,0,-1.000000e+000,-1.000000e+000
1.003900e+002,3.669000e+002,0,0,-1.000000e+000,-1.000000e+000
6.344000e+001,3.672900e+002,0,0,-1.000000e+000,-1.000000e+000
1.373100e+002,3.687500e+002,1,1,1.399000e+002,3.655400e+002
1.373100e+002,3.687500e+002,1,1,1.399000e+002,3.655400e+002
9.210000e+001,3.724900e+002,0,0,-1.000000e+000,-1.000000e+000
9.210000e+001,3.724900e+002,0,0,-1.000000e+000,-1.000000e+000
1.206800e+002,3.735800e+002,0,0,-1.000000e+000,-1.000000e+000
1.206800e+002,3.735800e+002,1,1,1.233700e+002,3.701600e+002
1.206800e+002,3.735800e+002,1,1,1.233700e+002,3.701600e+002
5.816000e+001,3.741800e+002,0,0,-1.000000e+000,-1.000000e+000
9.761000e+001,3.739200e+002,0,0,-1.000000e+000,-1.000000e+000
3.654000e+001,3.755000e+002,1,1,3.911000e+001,3.716200e+002
4.929700e+002,3.759900e+002,0,0,-1.000000e+000,-1.000000e+000
6.087000e+001,3.769200e+002,0,0,-1.000000e+000,-1.000000e+000
6.087000e+001,3.769200e+002,0,0,-1.000000e+000,-1.000000e+000
6.087000e+001,3.769200e+002,0,0,-1.000000e+000,-1.000000e+000
4.577000e+001,3.774100e+002,1,1,4.860000e+001,3.735700e+002
8.335000e+001,3.776300e+002,0,0,-1.000000e+000,-1.000000e+000
1.362500e+002,3.772400e+002,0,0,-1.000000e+000,-1.000000e+000
1.117900e+002,3.781700e+002,0,0,-1.000000e+000,-1.000000e+000
8.908000e+001,3.790500e+002,0,0,-1.000000e+000,-1.000000e+000
8.908000e+001,3.790500e+002,0,0,-1.000000e+000,-1.000000e+000
6.380000e+001,3.795600e+002,1,0,7.508000e+001,3.708400e+002
4.858000e+001,3.798200e+002,1,1,5.108000e+001,3.760500e+002
3.694000e+001,3.808800e+002,0,0,-1.000000e+000,-1.000000e+000
1.214300e+002,3.813200e+002,0,0,-1.000000e+000,-1.000000e+000
1.167500e+002,3.819400e+002,0,0,-1.000000e+000,-1.000000e+000
5.171000e+001,3.824600e+002,0,0,-1.000000e+000,-1.000000e+000
5.171000e+001,3.824600e+002,0,0,-1.000000e+000,-1.000000e+000
5.171000e+001,3.824600e+002,0,0,-1.000000e+000,-1.000000e+000
2.252000e+001,3.834800e+002,0,0,-1.000000e+000,-1.000000e+000
2.252000e+001,3.834800e+002,1,1,2.486000e+001,3.794900e+002
3.482000e+001,3.840700e+002,0,0,-1.000000e+000,-1.000000e+000
1.247200e+002,3.849700e+002,0,0,-1.000000e+000,-1.000000e+000
8.366000e+001,3.872500e+002,0,0,-1.000000e+000,-1.000000e+000
4.233000e+001,3.877200e+002,0,0,-1.000000e+000,-1.000000e+000
1.250000e+001,3.888200e+002,0,0,-1.000000e+000,-1.000000e+000
1.250000e+001,3.888200e+002,0,0,-1.000000e+000,-1.000000e+000
6.584000e+001,3.888900e+002,0,0,-1.000000e+000,-1.000000e+000
6.584000e+001,3.888900e+002,0,0,-1.000000e+000,-1.000000e+000
6.584000e+001,3.888900e+002,0,0,-1.000000e+000,-1.000000e+000
3.051000e+001,3.902700e+002,1,1,3.277000e+001,3.863500e+002
1.222000e+001,3.927800e+002,0,0,-1.000000e+000,-1.000000e+000
8.327000e+001,3.929000e+002,0,0,-1.000000e+000,-1.000000e+000
3.309000e+001,3.935000e+002,0,0,-1.000000e+000,-1.000000e+000
3.309000e+001,3.935000e+002,0,0,-1.000000e+000,-1.000000e+000
5.641000e+001,3.940800e+002,0,0,-1.000000e+000,-1.000000e+000
5.641000e+001,3.940800e+002,0,0,-1.000000e+000,-1.000000e+000
2.740000e+000,3.944900e+002,0,0,-1.000000e+000,-1.000000e+000
2.214000e+001,3.948800e+002,0,0,-1.000000e+000,-1.000000e+000
6.249000e+001,3.957700e+002,0,0,-1.000000e+000,-1.000000e+000
6.249000e+001,3.957700e+002,0,0,-1.000000e+000,-1.000000e+000
1.199000e+001,3.971800e+002,1,1,1.438000e+001,3.930200e+002
3.134000e+001,3.970700e+002,0,0,-1.000000e+000,-1.000000e+000
4.391000e+001,3.969000e+002,0,0,-1.000000e+000,-1.000000e+000
6.548000e+001,3.984100e+002,0,0,-1.000000e+000,-1.000000e+000
2.352000e+001,3.991900e+002,0,0,-1.000000e+000,-1.000000e+000
7.750000e+001,4.010600e+002,1,1,7.975000e+001,3.974900e+002
7.403000e+001,4.017400e+002,0,0,-1.000000e+000,-1.000000e+000
5.638000e+001,4.041600e+002,0,0,-1.000000e+000,-1.000000e+000
1.364000e+001,4.048800e+002,0,0,-1.000000e+000,-1.000000e+000
1.364000e+001,4.048800e+002,0,0,-1.000000e+000,-1.000000e+000
3.737000e+001,4.056300e+002,0,0,-1.000000e+000,-1.000000e+000
3.737000e+001,4.056300e+002,0,0,-1.000000e+000,-1.000000e+000
2.476000e+001,4.085100e+002,0,0,-1.000000e+000,-1.000000e+000
4.680000e+001,4.099000e+002,0,0,-1.000000e+000,-1.000000e+000
3.355000e+001,4.132100e+002,0,0,-1.000000e+000,-1.000000e+000
3.701000e+001,4.159300e+002,0,0,-1.000000e+000,-1.000000e+000
2.360000e+001,4.194000e+002,0,0,-1.000000e+000,-1.000000e+000
4.490000e+000,4.206800e+002,0,0,-1.000000e+000,-1.000000e+000
2.340000e+001,4.235500e+002,0,0,-1.000000e+000,-1.000000e+000
3.588100e+002,4.255100e+002,0,0,-1.000000e+000,-1.000000e+000
3.490000e+001,4.261100e+002,0,0,-1.000000e+000,-1.000000e+000
1.543000e+001,4.352100e+002,0,0,-1.000000e+000,-1.000000e+000
2.163000e+001,4.456400e+002,0,0,-1.000000e+000,-1.000000e+000
4.745000e+001,4.565900e+002,0,0,-1.000000e+000,-1.000000e+000
4.745000e+001,4.565900e+002,0,0,-1.000000e+000,-1.000000e+000
3.199100e+002,4.608500e+002,1,1,3.215300e+002,4.604200e+002
3.199100e+002,4.608500e+002,0,0,-1.000000e+000,-1.000000e+000
6.199000e+002,4.069000e+001,0,0,-1.000000e+000,-1.000000e+000
6.199000e+002,4.069000e+001,1,1,6.318500e+002,3.613000e+001
5.379900e+002,4.930000e+001,1,1,5.476900e+002,4.474000e+001
6.224000e+002,9.448000e+001,0,0,-1.000000e+000,-1.000000e+000
6.224000e+002,9.448000e+001,0,0,-1.000000e+000,-1.000000e+000
1.354300e+002,1.080300e+002,0,0,-1.000000e+000,-1.000000e+000
1.474400e+002,1.130600e+002,0,0,-1.000000e+000,-1.000000e+000
4.506100e+002,1.308600e+002,0,0,-1.000000e+000,-1.000000e+000
4.714200e+002,1.346100e+002,0,0,-1.000000e+000,-1.000000e+000
4.927200e+002,1.428300e+002,1,1,5.016300e+002,1.401000e+002
5.310100e+002,1.471200e+002,1,1,5.401700e+002,1.453100e+002
1.478900e+002,1.510100e+002,0,0,-1.000000e+000,-1.000000e+000
5.907600e+002,1.523800e+002,0,0,-1.000000e+000,-1.000000e+000
3.582800e+002,1.531400e+002,0,0,-1.000000e+000,-1.000000e+000
5.979800e+002,1.597100e+002,1,1,6.086900e+002,1.571700e+002
1.647900e+002,1.652300e+002,0,0,-1.000000e+000,-1.000000e+000
5.534900e+002,1.660600e+002,1,1,5.619500e+002,1.638400e+002
3.811100e+002,1.678700e+002,0,0,-1.000000e+000,-1.000000e+000
3.811100e+002,1.678700e+002,0,0,-1.000000e+000,-1.000000e+000
5.322400e+002,1.867700e+002,1,1,5.408100e+002,1.841000e+002
5.264400e+002,1.891100e+002,1,1,5.345000e+002,1.869100e+002
5.712300e+002,1.945900e+002,1,1,5.802800e+002,1.925800e+002
5.712300e+002,1.945900e+002,1,1,5.802800e+002,1.925800e+002
2.555800e+002,1.953800e+002,0,0,-1.000000e+000,-1.000000e+000
5.605600e+002,1.964400e+002,0,0,-1.000000e+000,-1.000000e+000
2.515500e+002,1.978400e+002,0,0,-1.000000e+000,-1.000000e+000
6.117300e+002,2.017100e+002,0,0,-1.000000e+000,-1.000000e+000
4.588900e+002,2.050300e+002,0,0,-1.000000e+000,-1.000000e+000
5.588400e+002,2.088400e+002,0,0,-1.000000e+000,-1.000000e+000
2.273300e+002,2.203300e+002,0,0,-1.000000e+000,-1.000000e+000
2.273300e+002,2.203300e+002,0,0,-1.000000e+000,-1.000000e+000
1.545000e+002,2.569300e+002,1,1,1.595300e+002,2.532300e+002
4.791500e+002,2.628500e+002,0,0,-1.000000e+000,-1.000000e+000
3.287700e+002,2.709400e+002,1,1,3.343100e+002,2.692800e+002
3.571600e+002,2.777000e+002,1,1,3.616400e+002,2.752700e+002
4.779900e+002,2.810800e+002,0,0,-1.000000e+000,-1.000000e+000
4.345700e+002,2.867600e+002,1,1,4.409000e+002,2.845600e+002
2.314900e+002,2.941400e+002,0,0,-1.000000e+000,-1.000000e+000
2.133000e+001,2.950900e+002,1,1,2.578000e+001,2.904400e+002
3.766800e+002,3.026200e+002,1,1,3.817800e+002,3.004500e+002
1.685700e+002,3.147200e+002,1,1,1.724200e+002,3.115800e+002
1.616100e+002,3.191200e+002,1,1,1.651800e+002,3.159000e+002
1.741800e+002,3.188500e+002,1,1,1.776100e+002,3.155400e+002
1.676600e+002,3.233200e+002,1,1,1.712800e+002,3.203500e+002
1.676600e+002,3.233200e+002,1,1,1.712800e+002,3.203500e+002
1.814800e+002,3.239300e+002,1,1,1.850400e+002,3.206800e+002
1.496100e+002,3.255400e+002,1,1,1.526800e+002,3.221400e+002
1.594100e+002,3.274200e+002,1,1,1.627800e+002,3.242800e+002
1.880100e+002,3.280900e+002,1,1,1.915800e+002,3.250400e+002
1.880100e+002,3.280900e+002,1,1,1.915800e+002,3.250400e+002
1.747700e+002,3.287400e+002,0,0,-1.000000e+000,-1.000000e+000
1.747700e+002,3.287400e+002,1,1,1.776600e+002,3.254300e+002
1.192300e+002,3.304400e+002,0,0,-1.000000e+000,-1.000000e+000
1.192300e+002,3.304400e+002,0,0,-1.000000e+000,-1.000000e+000
1.245700e+002,3.306200e+002,0,0,-1.000000e+000,-1.000000e+000
1.817300e+002,3.327700e+002,1,1,1.847200e+002,3.296200e+002
1.945900e+002,3.325400e+002,1,1,1.980100e+002,3.294800e+002
1.945900e+002,3.325400e+002,1,1,1.980100e+002,3.294800e+002
1.665300e+002,3.327900e+002,1,1,1.694800e+002,3.293700e+002
3.304600e+002,3.336100e+002,0,0,-1.000000e+000,-1.000000e+000
1.366200e+002,3.342400e+002,0,0,-1.000000e+000,-1.000000e+000
1.366200e+002,3.342400e+002,1,1,1.395400e+002,3.308500e+002
1.737500e+002,3.372900e+002,1,1,1.765800e+002,3.342000e+002
1.284700e+002,3.387800e+002,1,1,1.317600e+002,3.354600e+002
1.235200e+002,3.408100e+002,1,1,1.264700e+002,3.373300e+002
1.235200e+002,3.408100e+002,0,0,-1.000000e+000,-1.000000e+000
9.967000e+001,3.416200e+002,0,0,-1.000000e+000,-1.000000e+000
9.967000e+001,3.416200e+002,1,1,1.026200e+002,3.381300e+002
5.453700e+002,3.419200e+002,1,0,5.461100e+002,3.581200e+002
1.777800e+002,3.457300e+002,1,1,1.813500e+002,3.430900e+002
9.103000e+001,3.463900e+002,0,0,-1.000000e+000,-1.000000e+000
9.103000e+001,3.463900e+002,0,0,-1.000000e+000,-1.000000e+000
8.269000e+001,3.513300e+002,1,1,8.610000e+001,3.474700e+002
1.522800e+002,3.522700e+002,1,1,1.549000e+002,3.489000e+002
7.953000e+001,3.553200e+002,0,0,-1.000000e+000,-1.000000e+000
1.101000e+002,3.571600e+002,1,1,1.130300e+002,3.537600e+002
1.508800e+002,3.615200e+002,1,1,1.537400e+002,3.583500e+002
1.017500e+002,3.621000e+002,0,0,-1.000000e+000,-1.000000e+000
1.017500e+002,3.621000e+002,0,0,-1.000000e+000,-1.000000e+000
6.155000e+001,3.637200e+002,0,0,-1.000000e+000,-1.000000e+000
6.155000e+001,3.637200e+002,0,0,-1.000000e+000,-1.000000e+000
5.257000e+001,3.688100e+002,0,0,-1.000000e+000,-1.000000e+000
5.257000e+001,3.688100e+002,0,0,-1.000000e+000,-1.000000e+000
1.032100e+002,3.722100e+002,0,0,-1.000000e+000,-1.000000e+000
1.267600e+002,3.748000e+002,0,0,-1.000000e+000,-1.000000e+000
1.062100e+002,3.797200e+002,0,0,-1.000000e+000,-1.000000e+000
1.062100e+002,3.797200e+002,0,0,-1.000000e+000,-1.000000e+000
2.831000e+001,3.828500e+002,0,0,-1.000000e+000,-1.000000e+000
7.988000e+001,3.834200e+002,0,0,-1.000000e+000,-1.000000e+000
7.988000e+001,3.834200e+002,1,1,8.219000e+001,3.799000e+002
9.730000e+001,3.850100e+002,1,1,9.951000e+001,3.815300e+002
9.730000e+001,3.850100e+002,1,1,9.951000e+001,3.815300e+002
1.058300e+002,3.889000e+002,1,1,1.078700e+002,3.856400e+002
1.058300e+002,3.889000e+002,1,1,1.078700e+002,3.856400e+002
7.073000e+001,3.891700e+002,0,0,-1.000000e+000,-1.000000e+000
9.519000e+001,3.896000e+002,1,1,9.735000e+001,3.861400e+002
8.810000e+001,3.905500e+002,0,0,-1.000000e+000,-1.000000e+000
1.152400e+002,3.906300e+002,0,0,-1.000000e+000,-1.000000e+000
7.460000e+001,3.925100e+002,0,0,-1.000000e+000,-1.000000e+000
8.623000e+001,3.950900e+002,1,1,8.840000e+001,3.916400e+002
4.675000e+001,3.994900e+002,1,1,4.887000e+001,3.956600e+002
6.827000e+001,4.066900e+002,0,0,-1.000000e+000,-1.000000e+000
2.739000e+001,4.111300e+002,1,0,4.887000e+001,3.956600e+002
2.739000e+001,4.111300e+002,0,0,-1.000000e+000,-1.000000e+000
3.420000e+000,4.112800e+002,0,0,-1.000000e+000,-1.000000e+000
3.420000e+000,4.112800e+002,0,0,-1.000000e+000,-1.000000e+000
5.858000e+001,4.125500e+002,1,1,6.064000e+001,4.090900e+002
1.528000e+001,4.149200e+002,0,0,-1.000000e+000,-1.000000e+000
1.528000e+001,4.149200e+002,0,0,-1.000000e+000,-1.000000e+000
4.906000e+001,4.183700e+002,1,1,5.081000e+001,4.149300e+002
4.906000e+001,4.183700e+002,1,1,5.081000e+001,4.149300e+002
7.126000e+001,4.189800e+002,0,0,-1.000000e+000,-1.000000e+000
7.126000e+001,4.189800e+002,0,0,-1.000000e+000,-1.000000e+000
2.684000e+001,4.220100e+002,0,0,-1.000000e+000,-1.000000e+000
7.400000e+000,4.235100e+002,0,0,-1.000000e+000,-1.000000e+000
7.400000e+000,4.235100e+002,0,0,-1.000000e+000,-1.000000e+000
3.904000e+001,4.248100e+002,1,1,4.084000e+001,4.213200e+002
4.842000e+001,4.250800e+002,1,1,5.005000e+001,4.216900e+002
4.842000e+001,4.250800e+002,1,1,5.005000e+001,4.216900e+002
1.683000e+001,4.284200e+002,1,1,1.854000e+001,4.244900e+002
2.901000e+001,4.313000e+002,0,0,-1.000000e+000,-1.000000e+000
2.901000e+001,4.313000e+002,0,0,-1.000000e+000,-1.000000e+000
3.621000e+001,4.336600e+002,1,1,3.767000e+001,4.299800e+002
3.621000e+001,4.336600e+002,1,1,3.767000e+001,4.299800e+002
6.079100e+002,1.964000e+001,0,0,-1.000000e+000,-1.000000e+000
6.079100e+002,1.964000e+001,0,0,-1.000000e+000,-1.000000e+000
6.243100e+002,4.394000e+001,0,0,-1.000000e+000,-1.000000e+000
5.514700e+002,5.624000e+001,1,1,5.610300e+002,5.239000e+001
5.514700e+002,5.624000e+001,1,1,5.610300e+002,5.239000e+001
5.277300e+002,1.285800e+002,1,1,5.368800e+002,1.259100e+002
4.018800e+002,1.380600e+002,0,0,-1.000000e+000,-1.000000e+000
4.942300e+002,1.377200e+002,0,0,-1.000000e+000,-1.000000e+000
5.238100e+002,1.404600e+002,1,1,5.328200e+002,1.377500e+002
6.119900e+002,1.399000e+002,0,0,-1.000000e+000,-1.000000e+000
5.310200e+002,1.565900e+002,0,0,-1.000000e+000,-1.000000e+000
5.785100e+002,1.581300e+002,1,1,5.881200e+002,1.557300e+002
1.651700e+002,1.647300e+002,1,0,1.723200e+002,1.580200e+002
6.157700e+002,1.723200e+002,1,1,6.261400e+002,1.702000e+002
3.507000e+002,1.725700e+002,1,1,3.574900e+002,1.688800e+002
5.466200e+002,1.821600e+002,1,1,5.550600e+002,1.799400e+002
5.591000e+002,2.089400e+002,0,0,-1.000000e+000,-1.000000e+000
5.991900e+002,2.181700e+002,1,1,6.082000e+002,2.165900e+002
1.712600e+002,2.199300e+002,0,0,-1.000000e+000,-1.000000e+000
2.295100e+002,2.318000e+002,1,1,2.352500e+002,2.283200e+002
2.295100e+002,2.318000e+002,1,1,2.352500e+002,2.283200e+002
4.871200e+002,2.438400e+002,1,1,4.942200e+002,2.420500e+002
4.789600e+002,2.579800e+002,1,1,4.851700e+002,2.562900e+002
3.797400e+002,2.660400e+002,0,0,-1.000000e+000,-1.000000e+000
1.167900e+002,2.692700e+002,1,1,1.229300e+002,2.631900e+002
1.167900e+002,2.692700e+002,0,0,-1.000000e+000,-1.000000e+000
4.339500e+002,2.871500e+002,0,0,-1.000000e+000,-1.000000e+000
3.768800e+002,3.026300e+002,0,0,-1.000000e+000,-1.000000e+000
5.714300e+002,3.171100e+002,0,0,-1.000000e+000,-1.000000e+000
1.317600e+002,3.257000e+002,1,1,1.352000e+002,3.224300e+002
1.317600e+002,3.257000e+002,1,1,1.352000e+002,3.224300e+002
1.244600e+002,3.305600e+002,0,0,-1.000000e+000,-1.000000e+000
2.018300e+002,3.338900e+002,0,0,-1.000000e+000,-1.000000e+000
1.429400e+002,3.395700e+002,1,1,1.460300e+002,3.362400e+002
1.429400e+002,3.395700e+002,1,1,1.460300e+002,3.362400e+002
1.815800e+002,3.414500e+002,0,0,-1.000000e+000,-1.000000e+000
1.049800e+002,3.415800e+002,1,1,1.081500e+002,3.379500e+002
1.352800e+002,3.442300e+002,1,1,1.381700e+002,3.409100e+002
9.679000e+001,3.463300e+002,0,0,-1.000000e+000,-1.000000e+000
8.857000e+001,3.512200e+002,1,1,9.157000e+001,3.475600e+002
9.857000e+001,3.512800e+002,0,0,-1.000000e+000,-1.000000e+000
1.556000e+002,3.586500e+002,1,1,1.584500e+002,3.554900e+002
1.556000e+002,3.586500e+002,1,1,1.584500e+002,3.554900e+002
1.622900e+002,3.596400e+002,1,1,1.652000e+002,3.567100e+002
1.020100e+002,3.621200e+002,0,0,-1.000000e+000,-1.000000e+000
1.020100e+002,3.621200e+002,0,0,-1.000000e+000,-1.000000e+000
6.743000e+001,3.634800e+002,0,0,-1.000000e+000,-1.000000e+000
1.430900e+002,3.667400e+002,1,1,1.457300e+002,3.637600e+002
9.452000e+001,3.678600e+002,0,0,-1.000000e+000,-1.000000e+000
9.452000e+001,3.678600e+002,0,0,-1.000000e+000,-1.000000e+000
8.592000e+001,3.730600e+002,0,0,-1.000000e+000,-1.000000e+000
8.592000e+001,3.730600e+002,1,1,8.850000e+001,3.696400e+002
1.335200e+002,3.728300e+002,1,1,1.369600e+002,3.689500e+002
1.335200e+002,3.728300e+002,0,0,-1.000000e+000,-1.000000e+000
4.930000e+001,3.736200e+002,1,1,5.203000e+001,3.699700e+002
1.143300e+002,3.744600e+002,1,1,1.169600e+002,3.712400e+002
1.143300e+002,3.744600e+002,1,1,1.169600e+002,3.712400e+002
7.706000e+001,3.784600e+002,0,0,-1.000000e+000,-1.000000e+000
7.706000e+001,3.784600e+002,1,1,7.959000e+001,3.748900e+002
9.486000e+001,3.774800e+002,0,0,-1.000000e+000,-1.000000e+000
9.486000e+001,3.774800e+002,0,0,-1.000000e+000,-1.000000e+000
1.236100e+002,3.793000e+002,0,0,-1.000000e+000,-1.000000e+000
1.236100e+002,3.793000e+002,0,0,-1.000000e+000,-1.000000e+000
1.306800e+002,3.798700e+002,0,0,-1.000000e+000,-1.000000e+000
8.585000e+001,3.826600e+002,0,0,-1.000000e+000,-1.000000e+000
6.845000e+001,3.838600e+002,0,0,-1.000000e+000,-1.000000e+000
6.845000e+001,3.838600e+002,1,1,7.071000e+001,3.802000e+002
1.205500e+002,3.869100e+002,1,1,1.228100e+002,3.830200e+002
1.936000e+001,3.877400e+002,1,1,2.142000e+001,3.837100e+002
7.744000e+001,3.883000e+002,0,0,-1.000000e+000,-1.000000e+000
7.744000e+001,3.883000e+002,1,1,7.973000e+001,3.847700e+002
5.895000e+001,3.892900e+002,0,0,-1.000000e+000,-1.000000e+000
5.895000e+001,3.892900e+002,0,0,-1.000000e+000,-1.000000e+000
3.900000e+001,3.915200e+002,0,0,-1.000000e+000,-1.000000e+000
3.900000e+001,3.915200e+002,1,1,4.108000e+001,3.876200e+002
9.860000e+000,3.931900e+002,0,0,-1.000000e+000,-1.000000e+000
1.661000e+001,3.930700e+002,0,0,-1.000000e+000,-1.000000e+000
1.020200e+002,3.929000e+002,1,1,1.046300e+002,3.897100e+002
6.822000e+001,3.936400e+002,1,1,7.048000e+001,3.901600e+002
6.822000e+001,3.936400e+002,0,0,-1.000000e+000,-1.000000e+000
4.982000e+001,3.948700e+002,0,0,-1.000000e+000,-1.000000e+000
7.934000e+001,3.961100e+002,0,0,-1.000000e+000,-1.000000e+000
2.934000e+001,3.970300e+002,0,0,-1.000000e+000,-1.000000e+000
2.934000e+001,3.970300e+002,0,0,-1.000000e+000,-1.000000e+000
5.897000e+001,3.992800e+002,1,1,6.104000e+001,3.958700e+002
4.048000e+001,4.006500e+002,0,0,-1.000000e+000,-1.000000e+000
4.048000e+001,4.006500e+002,0,0,-1.000000e+000,-1.000000e+000
7.040000e+001,4.018600e+002,1,1,7.242000e+001,3.983000e+002
4.948000e+001,4.050600e+002,0,0,-1.000000e+000,-1.000000e+000
3.020000e+001,4.062300e+002,0,0,-1.000000e+000,-1.000000e+000
6.092000e+001,4.076500e+002,0,0,-1.000000e+000,-1.000000e+000
4.025000e+001,4.113800e+002,1,1,4.207000e+001,4.073800e+002
2.078000e+001,4.124100e+002,0,0,-1.000000e+000,-1.000000e+000
5.163000e+001,4.133800e+002,1,1,5.337000e+001,4.099500e+002
3.016000e+001,4.170800e+002,0,0,-1.000000e+000,-1.000000e+000
3.016000e+001,4.170800e+002,0,0,-1.000000e+000,-1.000000e+000
4.219000e+001,4.198800e+002,1,1,4.396000e+001,4.161600e+002
2.054000e+001,4.231800e+002,1,0,5.153000e+001,4.014900e+002
2.054000e+001,4.231800e+002,0,0,-1.000000e+000,-1.000000e+000
4.836000e+001,4.249900e+002,0,0,-1.000000e+000,-1.000000e+000
4.836000e+001,4.249900e+002,0,0,-1.000000e+000,-1.000000e+000
3.246000e+001,4.263500e+002,0,0,-1.000000e+000,-1.000000e+000
3.246000e+001,4.263500e+002,1,1,3.388000e+001,4.225900e+002
2.134000e+001,4.324000e+002,1,1,2.310000e+001,4.286500e+002
1.062000e+001,4.510400e+002,1,1,1.171000e+001,4.470000e+002
6.210900e+002,7.453000e+001,0,0,-1.000000e+000,-1.000000e+000
6.184200e+002,1.038700e+002,1,1,6.293600e+002,1.011300e+002
3.880900e+002,1.257400e+002,1,1,3.958500e+002,1.227300e+002
4.506500e+002,1.321100e+002,0,0,-1.000000e+000,-1.000000e+000
3.880100e+002,1.333000e+002,1,1,3.972900e+002,1.298300e+002
6.140600e+002,1.595300e+002,1,1,6.248700e+002,1.573400e+002
5.567300e+002,1.661600e+002,0,0,-1.000000e+000,-1.000000e+000
3.783000e+002,1.674600e+002,0,0,-1.000000e+000,-1.000000e+000
3.783000e+002,1.674600e+002,0,0,-1.000000e+000,-1.000000e+000
5.572100e+002,1.728800e+002,0,0,-1.000000e+000,-1.000000e+000
5.646300e+002,1.776700e+002,1,1,5.736300e+002,1.755700e+002
2.580900e+002,1.961400e+002,0,0,-1.000000e+000,-1.000000e+000
4.641000e+002,2.019100e+002,1,1,4.708400e+002,1.999600e+002
4.765600e+002,2.243200e+002,0,0,-1.000000e+000,-1.000000e+000
2.234000e+002,2.256500e+002,1,1,2.292700e+002,2.220000e+002
2.234000e+002,2.256500e+002,1,1,2.292700e+002,2.220000e+002
2.204800e+002,2.320100e+002,0,0,-1.000000e+000,-1.000000e+000
1.746500e+002,2.393100e+002,1,1,1.791700e+002,2.360000e+002
4.623000e+002,2.453600e+002,0,0,-1.000000e+000,-1.000000e+000
4.304200e+002,2.544400e+002,1,1,4.360100e+002,2.524000e+002
1.551600e+002,2.794500e+002,0,0,-1.000000e+000,-1.000000e+000
1.918100e+002,3.005900e+002,0,0,-1.000000e+000,-1.000000e+000
5.698800e+002,3.222600e+002,0,0,-1.000000e+000,-1.000000e+000
1.266100e+002,3.355800e+002,1,1,1.298100e+002,3.323400e+002
1.698800e+002,3.541900e+002,1,1,1.728000e+002,3.510400e+002
9.045000e+001,3.569100e+002,1,1,9.326000e+001,3.532400e+002
8.130000e+001,3.612100e+002,1,1,8.405000e+001,3.575700e+002
7.320000e+001,3.668700e+002,0,0,-1.000000e+000,-1.000000e+000
5.794000e+001,3.680200e+002,0,0,-1.000000e+000,-1.000000e+000
5.794000e+001,3.680200e+002,0,0,-1.000000e+000,-1.000000e+000
1.408600e+002,3.728300e+002,1,1,1.434700e+002,3.698300e+002
4.699100e+002,3.740600e+002,0,0,-1.000000e+000,-1.000000e+000
5.532000e+001,3.772500e+002,1,1,5.770000e+001,3.735300e+002
1.125400e+002,3.861400e+002,1,1,1.149700e+002,3.828000e+002
1.125400e+002,3.861400e+002,1,1,1.149700e+002,3.828000e+002
1.091700e+002,3.931400e+002,1,1,1.114100e+002,3.897800e+002
2.748000e+001,3.944300e+002,1,1,2.949000e+001,3.904200e+002
6.460000e+000,3.984800e+002,0,0,-1.000000e+000,-1.000000e+000
1.757000e+001,3.999000e+002,1,1,1.965000e+001,3.961300e+002
7.670000e+000,4.055900e+002,1,1,9.610000e+000,4.017600e+002
1.078000e+001,4.183500e+002,1,1,1.260000e+001,4.142100e+002
5.471000e+001,4.227500e+002,1,1,5.621000e+001,4.191500e+002
4.344000e+001,4.301200e+002,1,1,4.501000e+001,4.265200e+002
4.344000e+001,4.301200e+002,1,1,4.501000e+001,4.265200e+002
5.235000e+001,4.296000e+002,1,1,5.420000e+001,4.260300e+002
3.124000e+001,4.382400e+002,0,0,-1.000000e+000,-1.000000e+000
3.124000e+001,4.382400e+002,1,1,3.277000e+001,4.344800e+002
3.950000e+001,4.380600e+002,1,1,4.097000e+001,4.342500e+002
1.794000e+001,4.464200e+002,1,1,1.933000e+001,4.425300e+002
2.692000e+001,4.466400e+002,1,1,2.826000e+001,4.426200e+002
5.220800e+002,8.010000e+000,0,0,-1.000000e+000,-1.000000e+000
6.165600e+002,4.406000e+001,0,0,-1.000000e+000,-1.000000e+000
5.308500e+002,1.386400e+002,1,1,5.399900e+002,1.362500e+002
5.308500e+002,1.386400e+002,0,0,-1.000000e+000,-1.000000e+000
3.497800e+002,1.716700e+002,0,0,-1.000000e+000,-1.000000e+000
2.585100e+002,1.963500e+002,0,0,-1.000000e+000,-1.000000e+000
5.657500e+002,1.996700e+002,1,1,5.746700e+002,1.976400e+002
5.244400e+002,2.201600e+002,1,1,5.326400e+002,2.181500e+002
2.308800e+002,2.220500e+002,1,1,2.354200e+002,2.179400e+002
2.476300e+002,2.335600e+002,1,1,2.532800e+002,2.302100e+002
2.476300e+002,2.335600e+002,1,1,2.532800e+002,2.302100e+002
2.325900e+002,2.355900e+002,1,1,2.379800e+002,2.320300e+002
3.809400e+002,2.669200e+002,0,0,-1.000000e+000,-1.000000e+000
4.818100e+002,2.793800e+002,1,1,4.886100e+002,2.770100e+002
1.484800e+002,2.879100e+002,0,0,-1.000000e+000,-1.000000e+000
2.198300e+002,3.011900e+002,1,1,2.246200e+002,2.982300e+002
5.395200e+002,3.584500e+002,0,0,-1.000000e+000,-1.000000e+000
7.130000e+000,4.568400e+002,1,1,7.270000e+000,4.519000e+002
5.242900e+002,4.051000e+001,1,1,5.339300e+002,3.649000e+001
6.157800e+002,4.474000e+001,0,0,-1.000000e+000,-1.000000e+000
5.525000e+002,4.685000e+001,1,1,5.605100e+002,4.365000e+001
5.540800e+002,5.801000e+001,1,1,5.639400e+002,5.435000e+001
1.396500e+002,1.150200e+002,1,1,1.436200e+002,1.117000e+002
1.396500e+002,1.150200e+002,1,1,1.436200e+002,1.117000e+002
4.504600e+002,1.346600e+002,0,0,-1.000000e+000,-1.000000e+000
5.039200e+002,1.446300e+002,1,1,5.123700e+002,1.418900e+002
5.129500e+002,1.437800e+002,1,1,5.228600e+002,1.409100e+002
1.676000e+002,1.617300e+002,0,0,-1.000000e+000,-1.000000e+000
3.731000e+002,1.668000e+002,0,0,-1.000000e+000,-1.000000e+000
3.731000e+002,1.668000e+002,0,0,-1.000000e+000,-1.000000e+000
5.757100e+002,1.792200e+002,1,1,5.849900e+002,1.772400e+002
4.646600e+002,2.005600e+002,0,0,-1.000000e+000,-1.000000e+000
5.591200e+002,2.193600e+002,1,1,5.681900e+002,2.167000e+002
3.816600e+002,2.672900e+002,0,0,-1.000000e+000,-1.000000e+000
3.236200e+002,2.704400e+002,0,0,-1.000000e+000,-1.000000e+000
4.756300e+002,2.699600e+002,1,1,4.823100e+002,2.679400e+002
2.444400e+002,2.754600e+002,1,1,2.493500e+002,2.721100e+002
1.320300e+002,2.934800e+002,1,1,1.364500e+002,2.898500e+002
2.205000e+002,3.012500e+002,0,0,-1.000000e+000,-1.000000e+000
3.810500e+002,3.036300e+002,0,0,-1.000000e+000,-1.000000e+000
5.428500e+002,3.405200e+002,0,0,-1.000000e+000,-1.000000e+000
1.621200e+002,3.453200e+002,1,1,1.653100e+002,3.421500e+002
1.811400e+002,3.558900e+002,0,0,-1.000000e+000,-1.000000e+000
1.811400e+002,3.558900e+002,0,0,-1.000000e+000,-1.000000e+000
2.281000e+001,4.604000e+002,1,1,2.351000e+001,4.570200e+002
6.073000e+002,1.307800e+002,1,1,6.159600e+002,1.278600e+002
6.216900e+002,1.314000e+002,0,0,-1.000000e+000,-1.000000e+000
5.733400e+002,1.525800e+002,1,1,5.869900e+002,1.501800e+002
2.635600e+002,1.977400e+002,0,0,-1.000000e+000,-1.000000e+000
2.629300e+002,2.138600e+002,1,1,2.681700e+002,2.102500e+002
2.450700e+002,2.223500e+002,1,1,2.513600e+002,2.188300e+002
2.366100e+002,2.236000e+002,1,1,2.424100e+002,2.201000e+002
1.437200e+002,2.396200e+002,0,0,-1.000000e+000,-1.000000e+000
1.634400e+002,2.591800e+002,1,1,1.686200e+002,2.554900e+002
1.384300e+002,2.783800e+002,1,1,1.429900e+002,2.745400e+002
3.553500e+002,2.792000e+002,1,1,3.597700e+002,2.768600e+002
3.384200e+002,3.130000e+002,1,1,3.428700e+002,3.101000e+002
5.191000e+001,3.194300e+002,1,1,5.618000e+001,3.155800e+002
5.612100e+002,3.328600e+002,1,1,5.680600e+002,3.327300e+002
2.129600e+002,3.335300e+002,1,1,2.164000e+002,3.305100e+002
1.475400e+002,1.015200e+002,1,1,1.521400e+002,9.751000e+001
3.711400e+002,1.300900e+002,1,1,3.796200e+002,1.266100e+002
5.692400e+002,1.676400e+002,1,1,5.785100e+002,1.654300e+002
5.454900e+002,1.722300e+002,1,1,5.514800e+002,1.698300e+002
4.758500e+002,2.136700e+002,1,1,4.831200e+002,2.116100e+002
4.758500e+002,2.136700e+002,1,1,4.831200e+002,2.116100e+002
4.640700e+002,2.311300e+002,0,0,-1.000000e+000,-1.000000e+000
4.640700e+002,2.311300e+002,1,1,4.699800e+002,2.294000e+002
4.907800e+002,2.572400e+002,1,1,4.972000e+002,2.556400e+002
1.524200e+002,2.748800e+002,1,1,1.574700e+002,2.715000e+002
2.048700e+002,3.007600e+002,1,1,2.092300e+002,2.977200e+002
4.497100e+002,1.405300e+002,1,1,4.583700e+002,1.370200e+002
1.756700e+002,1.552900e+002,1,1,1.806600e+002,1.515400e+002
5.426100e+002,1.720800e+002,0,0,-1.000000e+000,-1.000000e+000
5.712500e+002,1.898300e+002,1,1,5.804200e+002,1.884000e+002
4.636600e+002,2.314500e+002,0,0,-1.000000e+000,-1.000000e+000
1.466500e+002,2.342600e+002,1,1,1.514100e+002,2.305500e+002
1.248500e+002,2.594000e+002,1,1,1.308400e+002,2.556500e+002
2.461700e+002,3.055700e+002,1,1,2.508800e+002,3.026600e+002
2.461700e+002,3.055700e+002,1,1,2.508800e+002,3.026600e+002
3.247000e+001,3.288400e+002,1,1,3.666000e+001,3.244600e+002
4.076400e+002,1.273500e+002,1,1,4.154600e+002,1.238900e+002
3.908100e+002,1.550200e+002,0,0,-1.000000e+000,-1.000000e+000
3.421100e+002,1.638600e+002,1,1,3.490600e+002,1.605700e+002
1.030100e+002,3.242000e+002,1,1,1.074000e+002,3.201500e+002
5.731900e+002,3.576000e+001,0,0,-1.000000e+000,-1.000000e+000
5.246300e+002,1.699400e+002,1,1,5.297500e+002,1.674200e+002
1.771000e+002,1.784500e+002,1,1,1.817000e+002,1.749900e+002
1.771000e+002,1.784500e+002,1,1,1.817000e+002,1.749900e+002
2.375200e+002,1.936200e+002,1,1,2.423100e+002,1.904900e+002
2.375200e+002,1.936200e+002,1,1,2.423100e+002,1.904900e+002
2.731700e+002,2.373900e+002,1,1,2.782800e+002,2.341600e+002
1.062200e+002,2.912300e+002,1,1,1.108700e+002,2.872800e+002
5.575000e+001,3.056200e+002,1,1,5.952000e+001,3.021200e+002
1.396400e+002,3.101000e+002,1,1,1.448300e+002,3.065900e+002
2.442900e+002,3.348000e+002,1,1,2.479600e+002,3.321000e+002
4.779100e+002,1.207600e+002,0,0,-1.000000e+000,-1.000000e+000
5.192200e+002,1.699900e+002,0,0,-1.000000e+000,-1.000000e+000
2.943300e+002,2.084700e+002,0,0,-1.000000e+000,-1.000000e+000
5.257600e+002,2.115900e+002,1,1,5.320600e+002,2.102900e+002
5.844600e+002,2.942300e+002,1,1,5.910200e+002,2.968600e+002
1.352400e+002,2.192400e+002,1,0,1.477000e+002,2.197700e+002
2.165600e+002,2.596600e+002,1,1,2.220000e+002,2.563900e+002
4.453500e+002,2.735700e+002,1,1,4.515400e+002,2.718200e+002
5.672700e+002,1.222900e+002,0,0,-1.000000e+000,-1.000000e+000
4.840700e+002,1.675800e+002,1,1,4.921600e+002,1.646900e+002
3.326700e+002,2.246600e+002,1,1,3.367300e+002,2.209400e+002
3.326700e+002,2.246600e+002,1,1,3.367300e+002,2.209400e+002
4.939500e+002,3.957400e+002,1,1,5.002800e+002,3.950000e+002
2.888700e+002,3.013800e+002,1,1,2.936000e+002,2.988800e+002