4.328600e+002,1.314000e+001,1,1,4.381700e+002,1.176000e+001
5.450900e+002,1.499000e+001,1,0,5.462900e+002,1.443000e+001
5.003600e+002,1.730000e+001,0,0,-1.000000e+000,-1.000000e+000
4.316400e+002,2.472000e+001,0,0,-1.000000e+000,-1.000000e+000
4.311100e+002,3.141000e+001,0,0,-1.000000e+000,-1.000000e+000
6.100800e+002,3.885000e+001,0,0,-1.000000e+000,-1.000000e+000
6.230400e+002,4.220000e+001,0,0,-1.000000e+000,-1.000000e+000
4.281700e+002,6.257000e+001,1,1,4.334900e+002,6.160000e+001
4.276300e+002,6.593000e+001,1,1,4.330400e+002,6.599000e+001
6.351500e+002,6.611000e+001,0,0,-1.000000e+000,-1.000000e+000
4.277600e+002,6.975000e+001,0,0,-1.000000e+000,-1.000000e+000
4.266400e+002,7.767000e+001,0,0,-1.000000e+000,-1.000000e+000
4.264800e+002,8.124000e+001,0,0,-1.000000e+000,-1.000000e+000
4.259500e+002,8.599000e+001,0,0,-1.000000e+000,-1.000000e+000
1.241400e+002,8.686000e+001,1,0,8.662000e+001,9.188000e+001
1.176200e+002,8.749000e+001,0,0,-1.000000e+000,-1.000000e+000
1.097900e+002,8.854000e+001,0,0,-1.000000e+000,-1.000000e+000
8.107000e+001,9.156000e+001,0,0,-1.000000e+000,-1.000000e+000
5.026400e+002,9.288000e+001,0,0,-1.000000e+000,-1.000000e+000
5.442000e+001,9.433000e+001,0,0,-1.000000e+000,-1.000000e+000
4.223800e+002,9.570000e+001,0,0,-1.000000e+000,-1.000000e+000
3.982000e+001,9.590000e+001,0,0,-1.000000e+000,-1.000000e+000
4.540100e+002,9.709000e+001,0,0,-1.000000e+000,-1.000000e+000
8.140000e+000,9.957000e+001,1,0,1.970000e+001,9.951000e+001
1.147900e+002,1.016400e+002,0,0,-1.000000e+000,-1.000000e+000
1.273300e+002,1.028900e+002,1,1,1.269300e+002,1.039400e+002
1.273300e+002,1.028900e+002,1,1,1.269300e+002,1.039400e+002
5.150500e+002,1.194000e+002,0,0,-1.000000e+000,-1.000000e+000
4.196900e+002,1.235800e+002,1,1,4.241900e+002,1.234600e+002
4.674400e+002,1.239400e+002,0,0,-1.000000e+000,-1.000000e+000
4.610800e+002,1.246400e+002,0,0,-1.000000e+000,-1.000000e+000
4.642300e+002,1.245300e+002,0,0,-1.000000e+000,-1.000000e+000
4.798600e+002,1.250700e+002,0,0,-1.000000e+000,-1.000000e+000
4.798600e+002,1.250700e+002,0,0,-1.000000e+000,-1.000000e+000
4.741500e+002,1.257700e+002,0,0,-1.000000e+000,-1.000000e+000
4.661100e+002,1.270200e+002,1,0,4.974400e+002,1.235500e+002
4.661100e+002,1.270200e+002,0,0,-1.000000e+000,-1.000000e+000
3.715300e+002,1.349800e+002,0,0,-1.000000e+000,-1.000000e+000
4.264500e+002,1.415700e+002,0,0,-1.000000e+000,-1.000000e+000
3.986600e+002,1.451000e+002,0,0,-1.000000e+000,-1.000000e+000
4.961500e+002,1.448000e+002,1,1,5.026500e+002,1.453700e+002
5.556400e+002,1.450000e+002,0,0,-1.000000e+000,-1.000000e+000
4.919600e+002,1.456200e+002,0,0,-1.000000e+000,-1.000000e+000
4.950900e+002,1.468000e+002,1,0,5.201800e+002,1.573700e+002
5.682100e+002,1.479800e+002,0,0,-1.000000e+000,-1.000000e+000
4.067500e+002,1.493400e+002,1,0,3.982300e+002,1.523600e+002
5.053700e+002,1.524300e+002,0,0,-1.000000e+000,-1.000000e+000
3.839700e+002,1.528800e+002,0,0,-1.000000e+000,-1.000000e+000
1.324000e+002,1.544400e+002,0,0,-1.000000e+000,-1.000000e+000
4.117000e+002,1.555400e+002,0,0,-1.000000e+000,-1.000000e+000
5.133000e+002,1.564500e+002,1,0,5.458100e+002,1.714300e+002
1.329600e+002,1.581400e+002,0,0,-1.000000e+000,-1.000000e+000
2.232300e+002,1.579500e+002,1,1,2.260400e+002,1.588100e+002
4.105600e+002,1.577600e+002,0,0,-1.000000e+000,-1.000000e+000
5.756800e+002,1.594100e+002,0,0,-1.000000e+000,-1.000000e+000
1.481500e+002,1.647300e+002,1,1,1.487200e+002,1.655900e+002
3.525300e+002,1.651100e+002,0,0,-1.000000e+000,-1.000000e+000
3.797800e+002,1.662600e+002,1,1,3.843500e+002,1.674300e+002
5.387300e+002,1.671800e+002,0,0,-1.000000e+000,-1.000000e+000
3.865300e+002,1.711600e+002,0,0,-1.000000e+000,-1.000000e+000
2.545300e+002,1.716600e+002,0,0,-1.000000e+000,-1.000000e+000
2.440400e+002,1.735800e+002,1,0,2.560600e+002,1.728000e+002
1.963300e+002,1.837600e+002,0,0,-1.000000e+000,-1.000000e+000
2.399900e+002,1.838400e+002,0,0,-1.000000e+000,-1.000000e+000
5.789000e+002,1.913300e+002,0,0,-1.000000e+000,-1.000000e+000
4.271400e+002,1.965900e+002,0,0,-1.000000e+000,-1.000000e+000
1.519200e+002,1.971400e+002,0,0,-1.000000e+000,-1.000000e+000
2.688000e+002,1.976100e+002,1,0,2.344300e+002,1.864400e+002
4.316900e+002,2.024200e+002,0,0,-1.000000e+000,-1.000000e+000
4.239400e+002,2.046400e+002,0,0,-1.000000e+000,-1.000000e+000
4.366600e+002,2.061700e+002,0,0,-1.000000e+000,-1.000000e+000
4.410100e+002,2.059300e+002,0,0,-1.000000e+000,-1.000000e+000
1.406400e+002,2.084800e+002,0,0,-1.000000e+000,-1.000000e+000
1.520100e+002,2.087800e+002,0,0,-1.000000e+000,-1.000000e+000
4.318700e+002,2.087100e+002,0,0,-1.000000e+000,-1.000000e+000
4.346100e+002,2.114100e+002,1,1,4.360200e+002,2.113300e+002
4.504200e+002,2.125600e+002,0,0,-1.000000e+000,-1.000000e+000
5.876600e+002,2.129300e+002,0,0,-1.000000e+000,-1.000000e+000
5.638400e+002,2.172300e+002,0,0,-1.000000e+000,-1.000000e+000
4.408100e+002,2.175100e+002,0,0,-1.000000e+000,-1.000000e+000
4.529200e+002,2.174800e+002,0,0,-1.000000e+000,-1.000000e+000
1.530400e+002,2.180300e+002,0,0,-1.000000e+000,-1.000000e+000
4.398700e+002,2.197000e+002,0,0,-1.000000e+000,-1.000000e+000
4.575900e+002,2.205700e+002,0,0,-1.000000e+000,-1.000000e+000
6.335200e+002,2.212200e+002,0,0,-1.000000e+000,-1.000000e+000
2.496600e+002,2.225900e+002,1,1,2.515700e+002,2.241000e+002
6.252600e+002,2.246500e+002,0,0,-1.000000e+000,-1.000000e+000
1.538600e+002,2.251100e+002,0,0,-1.000000e+000,-1.000000e+000
1.538600e+002,2.251100e+002,0,0,-1.000000e+000,-1.000000e+000
1.400800e+002,2.258100e+002,0,0,-1.000000e+000,-1.000000e+000
4.470400e+002,2.270500e+002,0,0,-1.000000e+000,-1.000000e+000
5.196500e+002,2.272300e+002,0,0,-1.000000e+000,-1.000000e+000
4.721900e+002,2.278000e+002,0,0,-1.000000e+000,-1.000000e+000
6.196800e+002,2.293900e+002,0,0,-1.000000e+000,-1.000000e+000
1.753100e+002,2.328400e+002,1,1,1.783100e+002,2.341600e+002
2.217100e+002,2.341300e+002,1,1,2.248000e+002,2.351100e+002
2.320900e+002,2.343300e+002,0,0,-1.000000e+000,-1.000000e+000
2.502300e+002,2.350400e+002,0,0,-1.000000e+000,-1.000000e+000
1.903700e+002,2.371400e+002,0,0,-1.000000e+000,-1.000000e+000
2.497400e+002,2.376700e+002,0,0,-1.000000e+000,-1.000000e+000
5.758500e+002,2.380200e+002,0,0,-1.000000e+000,-1.000000e+000
4.630200e+002,2.392500e+002,0,0,-1.000000e+000,-1.000000e+000
6.205100e+002,2.394900e+002,1,1,6.285100e+002,2.423400e+002
2.740100e+002,2.401400e+002,0,0,-1.000000e+000,-1.000000e+000
4.654500e+002,2.448000e+002,0,0,-1.000000e+000,-1.000000e+000
1.563300e+002,2.459400e+002,0,0,-1.000000e+000,-1.000000e+000
4.711100e+002,2.469900e+002,0,0,-1.000000e+000,-1.000000e+000
1.342600e+002,2.494400e+002,0,0,-1.000000e+000,-1.000000e+000
1.300700e+002,2.502800e+002,0,0,-1.000000e+000,-1.000000e+000
1.238300e+002,2.515100e+002,1,1,1.246900e+002,2.528800e+002
4.719700e+002,2.514200e+002,0,0,-1.000000e+000,-1.000000e+000
5.587900e+002,2.520500e+002,0,0,-1.000000e+000,-1.000000e+000
2.819100e+002,2.545900e+002,0,0,-1.000000e+000,-1.000000e+000
2.852900e+002,2.656700e+002,1,0,2.880200e+002,2.738900e+002
4.873900e+002,2.664400e+002,0,0,-1.000000e+000,-1.000000e+000
1.639200e+002,2.681400e+002,0,0,-1.000000e+000,-1.000000e+000
1.639200e+002,2.681400e+002,0,0,-1.000000e+000,-1.000000e+000
2.894300e+002,2.679000e+002,0,0,-1.000000e+000,-1.000000e+000
2.909100e+002,2.711800e+002,0,0,-1.000000e+000,-1.000000e+000
1.548200e+002,2.736200e+002,1,1,1.562800e+002,2.747400e+002
4.896000e+002,2.756900e+002,0,0,-1.000000e+000,-1.000000e+000
2.943200e+002,2.772200e+002,0,0,-1.000000e+000,-1.000000e+000
4.807000e+002,2.775200e+002,0,0,-1.000000e+000,-1.000000e+000
1.650000e+001,2.796800e+002,0,0,-1.000000e+000,-1.000000e+000
4.673900e+002,2.804800e+002,0,0,-1.000000e+000,-1.000000e+000
8.080000e+000,2.811200e+002,1,0,4.248000e+001,2.761000e+002
2.965400e+002,2.812900e+002,0,0,-1.000000e+000,-1.000000e+000
3.814600e+002,2.927300e+002,0,0,-1.000000e+000,-1.000000e+000
4.261300e+002,2.923600e+002,0,0,-1.000000e+000,-1.000000e+000
1.311100e+002,2.936100e+002,0,0,-1.000000e+000,-1.000000e+000
4.784600e+002,2.952800e+002,0,0,-1.000000e+000,-1.000000e+000
4.570400e+002,2.974300e+002,0,0,-1.000000e+000,-1.000000e+000
3.597500e+002,2.980000e+002,0,0,-1.000000e+000,-1.000000e+000
3.304400e+002,3.008100e+002,0,0,-1.000000e+000,-1.000000e+000
3.703900e+002,3.008400e+002,0,0,-1.000000e+000,-1.000000e+000
1.938800e+002,3.023500e+002,0,0,-1.000000e+000,-1.000000e+000
1.202400e+002,3.069500e+002,0,0,-1.000000e+000,-1.000000e+000
3.341400e+002,3.085900e+002,0,0,-1.000000e+000,-1.000000e+000
9.478000e+001,3.096900e+002,1,1,9.452000e+001,3.114500e+002
1.418400e+002,3.115700e+002,1,1,1.416600e+002,3.135900e+002
1.418400e+002,3.115700e+002,1,1,1.416600e+002,3.135900e+002
3.332100e+002,3.135300e+002,0,0,-1.000000e+000,-1.000000e+000
4.976700e+002,3.135400e+002,0,0,-1.000000e+000,-1.000000e+000
4.976700e+002,3.135400e+002,0,0,-1.000000e+000,-1.000000e+000
3.367500e+002,3.150400e+002,0,0,-1.000000e+000,-1.000000e+000
3.321000e+002,3.160300e+002,0,0,-1.000000e+000,-1.000000e+000
4.310700e+002,3.221300e+002,0,0,-1.000000e+000,-1.000000e+000
1.890800e+002,3.226800e+002,0,0,-1.000000e+000,-1.000000e+000
5.087200e+002,3.229400e+002,0,0,-1.000000e+000,-1.000000e+000
5.087200e+002,3.229400e+002,0,0,-1.000000e+000,-1.000000e+000
4.610000e+002,3.240700e+002,0,0,-1.000000e+000,-1.000000e+000
1.343600e+002,3.262000e+002,0,0,-1.000000e+000,-1.000000e+000
1.301000e+002,3.269500e+002,0,0,-1.000000e+000,-1.000000e+000
4.591000e+002,3.290100e+002,0,0,-1.000000e+000,-1.000000e+000
1.789000e+002,3.295500e+002,0,0,-1.000000e+000,-1.000000e+000
4.563300e+002,3.295900e+002,0,0,-1.000000e+000,-1.000000e+000
8.617000e+001,3.309900e+002,1,1,8.494000e+001,3.330600e+002
8.617000e+001,3.309900e+002,0,0,-1.000000e+000,-1.000000e+000
9.814000e+001,3.330100e+002,0,0,-1.000000e+000,-1.000000e+000
8.569000e+001,3.343800e+002,0,0,-1.000000e+000,-1.000000e+000
1.164300e+002,3.343300e+002,0,0,-1.000000e+000,-1.000000e+000
5.225300e+002,3.344500e+002,0,0,-1.000000e+000,-1.000000e+000
5.225300e+002,3.344500e+002,0,0,-1.000000e+000,-1.000000e+000
7.663000e+001,3.349800e+002,0,0,-1.000000e+000,-1.000000e+000
7.663000e+001,3.349800e+002,0,0,-1.000000e+000,-1.000000e+000
8.199000e+001,3.357500e+002,1,1,8.068000e+001,3.378300e+002
1.223200e+002,3.377700e+002,0,0,-1.000000e+000,-1.000000e+000
1.069000e+002,3.392000e+002,0,0,-1.000000e+000,-1.000000e+000
1.338500e+002,3.404800e+002,0,0,-1.000000e+000,-1.000000e+000
1.834300e+002,3.406300e+002,0,0,-1.000000e+000,-1.000000e+000
2.163700e+002,3.406000e+002,1,0,2.254900e+002,3.139400e+002
1.116900e+002,3.446600e+002,1,1,1.104900e+002,3.472200e+002
5.266000e+001,3.453100e+002,0,0,-1.000000e+000,-1.000000e+000
5.266000e+001,3.453100e+002,0,0,-1.000000e+000,-1.000000e+000
2.578200e+002,3.457600e+002,1,1,2.574200e+002,3.487300e+002
1.137300e+002,3.472200e+002,0,0,-1.000000e+000,-1.000000e+000
1.455000e+002,3.469900e+002,0,0,-1.000000e+000,-1.000000e+000
1.048500e+002,3.480900e+002,0,0,-1.000000e+000,-1.000000e+000
1.428100e+002,3.483900e+002,0,0,-1.000000e+000,-1.000000e+000
5.223000e+001,3.488100e+002,0,0,-1.000000e+000,-1.000000e+000
4.295000e+001,3.496700e+002,0,0,-1.000000e+000,-1.000000e+000
1.515700e+002,3.498600e+002,0,0,-1.000000e+000,-1.000000e+000
1.575400e+002,3.500700e+002,0,0,-1.000000e+000,-1.000000e+000
3.156000e+001,3.514500e+002,1,1,3.014000e+001,3.534300e+002
9.470000e+000,3.522000e+002,0,0,-1.000000e+000,-1.000000e+000
7.396000e+001,3.531700e+002,0,0,-1.000000e+000,-1.000000e+000
1.331400e+002,3.528000e+002,1,1,1.315800e+002,3.555400e+002
1.511300e+002,3.529500e+002,1,1,1.495900e+002,3.559000e+002
3.266000e+001,3.540800e+002,0,0,-1.000000e+000,-1.000000e+000
3.266000e+001,3.540800e+002,0,0,-1.000000e+000,-1.000000e+000
1.484900e+002,3.544200e+002,1,1,1.469200e+002,3.569000e+002
1.489000e+001,3.549600e+002,0,0,-1.000000e+000,-1.000000e+000
3.791000e+001,3.547300e+002,0,0,-1.000000e+000,-1.000000e+000
2.266000e+001,3.584600e+002,0,0,-1.000000e+000,-1.000000e+000
8.246000e+001,3.597100e+002,0,0,-1.000000e+000,-1.000000e+000
3.044100e+002,3.596600e+002,0,0,-1.000000e+000,-1.000000e+000
5.567900e+002,3.598900e+002,0,0,-1.000000e+000,-1.000000e+000
3.036500e+002,3.619200e+002,0,0,-1.000000e+000,-1.000000e+000
5.599800e+002,3.625900e+002,0,0,-1.000000e+000,-1.000000e+000
6.431000e+001,3.655900e+002,0,0,-1.000000e+000,-1.000000e+000
1.124800e+002,3.655400e+002,0,0,-1.000000e+000,-1.000000e+000
1.124800e+002,3.655400e+002,0,0,-1.000000e+000,-1.000000e+000
1.124800e+002,3.655400e+002,0,0,-1.000000e+000,-1.000000e+000
1.307200e+002,3.659600e+002,1,1,1.287500e+002,3.683400e+002
1.177400e+002,3.670000e+002,0,0,-1.000000e+000,-1.000000e+000
1.177400e+002,3.670000e+002,0,0,-1.000000e+000,-1.000000e+000
4.015000e+001,3.687500e+002,0,0,-1.000000e+000,-1.000000e+000
6.390000e+001,3.686800e+002,1,1,6.181000e+001,3.713500e+002
6.896000e+001,3.705300e+002,1,1,6.709000e+001,3.733700e+002
1.067400e+002,3.716300e+002,0,0,-1.000000e+000,-1.000000e+000
7.207000e+001,3.744900e+002,1,1,6.959000e+001,3.769300e+002
5.555000e+001,3.763400e+002,0,0,-1.000000e+000,-1.000000e+000
1.485400e+002,3.770500e+002,0,0,-1.000000e+000,-1.000000e+000
1.485400e+002,3.770500e+002,0,0,-1.000000e+000,-1.000000e+000
1.509500e+002,3.783900e+002,0,0,-1.000000e+000,-1.000000e+000
8.940000e+000,3.797700e+002,1,1,7.000000e+000,3.819800e+002
8.940000e+000,3.797700e+002,0,0,-1.000000e+000,-1.000000e+000
5.880600e+002,3.816600e+002,0,0,-1.000000e+000,-1.000000e+000
1.339100e+002,3.819600e+002,0,0,-1.000000e+000,-1.000000e+000
8.426000e+001,3.823900e+002,0,0,-1.000000e+000,-1.000000e+000
2.347000e+001,3.836900e+002,0,0,-1.000000e+000,-1.000000e+000
5.134000e+001,3.841300e+002,0,0,-1.000000e+000,-1.000000e+000
5.134000e+001,3.841300e+002,0,0,-1.000000e+000,-1.000000e+000
5.134000e+001,3.841300e+002,0,0,-1.000000e+000,-1.000000e+000
3.734000e+001,3.890000e+002,0,0,-1.000000e+000,-1.000000e+000
6.098000e+001,3.916400e+002,0,0,-1.000000e+000,-1.000000e+000
8.580000e+000,3.936700e+002,0,0,-1.000000e+000,-1.000000e+000
1.144900e+002,3.945300e+002,0,0,-1.000000e+000,-1.000000e+000
1.144900e+002,3.945300e+002,0,0,-1.000000e+000,-1.000000e+000
3.910000e+000,3.956100e+002,0,0,-1.000000e+000,-1.000000e+000
1.144300e+002,3.973700e+002,0,0,-1.000000e+000,-1.000000e+000
5.450400e+002,3.975700e+002,0,0,-1.000000e+000,-1.000000e+000
5.230000e+000,4.009200e+002,0,0,-1.000000e+000,-1.000000e+000
4.472000e+001,4.012200e+002,0,0,-1.000000e+000,-1.000000e+000
2.602000e+001,4.029100e+002,1,0,1.193000e+001,4.110800e+002
5.297400e+002,4.030800e+002,0,0,-1.000000e+000,-1.000000e+000
3.860000e+000,4.140700e+002,0,0,-1.000000e+000,-1.000000e+000
6.979000e+001,4.205800e+002,0,0,-1.000000e+000,-1.000000e+000
4.639100e+002,4.265400e+002,0,0,-1.000000e+000,-1.000000e+000
4.425300e+002,4.341100e+002,0,0,-1.000000e+000,-1.000000e+000
3.843000e+001,4.370800e+002,1,0,4.511000e+001,4.345000e+002
3.219000e+001,4.375500e+002,0,0,-1.000000e+000,-1.000000e+000
3.219000e+001,4.375500e+002,0,0,-1.000000e+000,-1.000000e+000
4.166800e+002,4.429200e+002,0,0,-1.000000e+000,-1.000000e+000
4.133700e+002,4.441200e+002,0,0,-1.000000e+000,-1.000000e+000
4.046100e+002,4.447100e+002,0,0,-1.000000e+000,-1.000000e+000
4.710000e+000,4.514000e+002,0,0,-1.000000e+000,-1.000000e+000
4.710000e+000,4.514000e+002,0,0,-1.000000e+000,-1.000000e+000
1.018000e+001,4.513800e+002,0,0,-1.000000e+000,-1.000000e+000
3.654800e+002,4.605300e+002,1,0,3.402000e+002,4.745100e+002
3.274100e+002,4.706200e+002,0,0,-1.000000e+000,-1.000000e+000
4.336000e+002,6.930000e+000,0,0,-1.000000e+000,-1.000000e+000
4.324600e+002,1.798000e+001,0,0,-1.000000e+000,-1.000000e+000
4.317000e+002,2.765000e+001,1,1,4.370400e+002,2.720000e+001
5.402200e+002,3.003000e+001,0,0,-1.000000e+000,-1.000000e+000
5.924700e+002,4.452000e+001,0,0,-1.000000e+000,-1.000000e+000
4.292900e+002,5.182000e+001,0,0,-1.000000e+000,-1.000000e+000
4.273500e+002,7.274000e+001,0,0,-1.000000e+000,-1.000000e+000
5.175700e+002,8.771000e+001,0,0,-1.000000e+000,-1.000000e+000
5.175700e+002,8.771000e+001,0,0,-1.000000e+000,-1.000000e+000
4.254700e+002,9.198000e+001,0,0,-1.000000e+000,-1.000000e+000
4.251100e+002,9.655000e+001,0,0,-1.000000e+000,-1.000000e+000
4.282200e+002,9.937000e+001,1,1,4.338000e+002,9.932000e+001
4.237300e+002,1.106100e+002,0,0,-1.000000e+000,-1.000000e+000
4.232100e+002,1.169000e+002,0,0,-1.000000e+000,-1.000000e+000
1.324100e+002,1.241500e+002,0,0,-1.000000e+000,-1.000000e+000
1.330700e+002,1.307300e+002,0,0,-1.000000e+000,-1.000000e+000
1.333400e+002,1.361100e+002,0,0,-1.000000e+000,-1.000000e+000
4.207200e+002,1.370600e+002,1,1,4.261300e+002,1.377300e+002
4.261400e+002,1.529800e+002,1,1,4.316200e+002,1.533900e+002
5.092900e+002,1.543800e+002,0,0,-1.000000e+000,-1.000000e+000
1.357200e+002,1.563400e+002,0,0,-1.000000e+000,-1.000000e+000
5.198200e+002,1.565500e+002,1,1,5.255800e+002,1.571100e+002
3.793800e+002,1.632200e+002,0,0,-1.000000e+000,-1.000000e+000
5.328900e+002,1.635700e+002,0,0,-1.000000e+000,-1.000000e+000
5.643800e+002,1.685300e+002,0,0,-1.000000e+000,-1.000000e+000
5.744000e+002,1.682600e+002,1,1,5.816900e+002,1.691700e+002
3.299000e+002,1.906900e+002,1,1,3.327200e+002,1.914800e+002
5.857500e+002,1.954400e+002,0,0,-1.000000e+000,-1.000000e+000
1.518500e+002,2.002100e+002,1,1,1.526800e+002,2.015500e+002
2.534000e+002,2.019500e+002,0,0,-1.000000e+000,-1.000000e+000
6.296200e+002,2.039200e+002,0,0,-1.000000e+000,-1.000000e+000
2.509100e+002,2.048500e+002,1,1,2.527900e+002,2.059200e+002
6.343500e+002,2.049500e+002,0,0,-1.000000e+000,-1.000000e+000
6.231500e+002,2.069900e+002,0,0,-1.000000e+000,-1.000000e+000
6.303200e+002,2.068000e+002,0,0,-1.000000e+000,-1.000000e+000
6.196200e+002,2.265900e+002,0,0,-1.000000e+000,-1.000000e+000
6.066100e+002,2.279800e+002,1,1,6.142900e+002,2.306000e+002
6.066100e+002,2.279800e+002,1,1,6.142900e+002,2.306000e+002
6.102200e+002,2.301200e+002,0,0,-1.000000e+000,-1.000000e+000
6.102200e+002,2.301200e+002,0,0,-1.000000e+000,-1.000000e+000
2.000500e+002,2.352000e+002,1,1,2.028600e+002,2.362300e+002
6.153600e+002,2.351700e+002,1,1,6.233500e+002,2.381200e+002
6.153600e+002,2.351700e+002,0,0,-1.000000e+000,-1.000000e+000
1.441400e+002,2.370200e+002,0,0,-1.000000e+000,-1.000000e+000
2.437500e+002,2.386900e+002,0,0,-1.000000e+000,-1.000000e+000
4.984500e+002,2.402900e+002,0,0,-1.000000e+000,-1.000000e+000
1.564900e+002,2.431300e+002,1,1,1.570200e+002,2.445300e+002
4.924000e+002,2.463900e+002,1,1,4.966700e+002,2.488300e+002
6.344500e+002,2.490000e+002,0,0,-1.000000e+000,-1.000000e+000
2.803800e+002,2.509300e+002,0,0,-1.000000e+000,-1.000000e+000
1.533100e+002,2.528800e+002,0,0,-1.000000e+000,-1.000000e+000
6.339600e+002,2.628800e+002,0,0,-1.000000e+000,-1.000000e+000
1.020700e+002,2.661100e+002,1,1,1.040500e+002,2.669600e+002
1.020700e+002,2.661100e+002,1,1,1.040500e+002,2.669600e+002
1.060400e+002,2.667400e+002,1,1,1.069900e+002,2.679800e+002
4.874900e+002,2.984600e+002,0,0,-1.000000e+000,-1.000000e+000
1.731700e+002,3.089900e+002,1,1,1.732200e+002,3.114600e+002
3.261100e+002,3.160000e+002,1,1,3.251000e+002,3.195000e+002
3.261100e+002,3.160000e+002,0,0,-1.000000e+000,-1.000000e+000
1.354100e+002,3.233000e+002,0,0,-1.000000e+000,-1.000000e+000
1.354100e+002,3.233000e+002,0,0,-1.000000e+000,-1.000000e+000
4.798200e+002,3.246000e+002,0,0,-1.000000e+000,-1.000000e+000
4.308100e+002,3.251000e+002,0,0,-1.000000e+000,-1.000000e+000
1.264700e+002,3.273600e+002,0,0,-1.000000e+000,-1.000000e+000
1.264700e+002,3.273600e+002,1,1,1.256500e+002,3.297800e+002
1.370200e+002,3.309300e+002,0,0,-1.000000e+000,-1.000000e+000
1.177000e+002,3.312600e+002,0,0,-1.000000e+000,-1.000000e+000
1.177000e+002,3.312600e+002,1,1,1.165700e+002,3.337300e+002
1.456400e+002,3.349500e+002,0,0,-1.000000e+000,-1.000000e+000
1.456400e+002,3.349500e+002,1,1,1.441300e+002,3.369200e+002
8.468000e+001,3.382400e+002,1,1,8.276000e+001,3.406900e+002
9.278000e+001,3.384100e+002,0,0,-1.000000e+000,-1.000000e+000
6.737000e+001,3.394600e+002,0,0,-1.000000e+000,-1.000000e+000
1.247900e+002,3.403300e+002,0,0,-1.000000e+000,-1.000000e+000
1.247900e+002,3.403300e+002,0,0,-1.000000e+000,-1.000000e+000
9.500000e+001,3.416600e+002,1,1,9.347000e+001,3.437000e+002
7.567000e+001,3.424500e+002,0,0,-1.000000e+000,-1.000000e+000
6.643000e+001,3.432700e+002,1,1,6.534000e+001,3.460200e+002
7.461000e+001,3.462300e+002,0,0,-1.000000e+000,-1.000000e+000
8.556000e+001,3.458600e+002,0,0,-1.000000e+000,-1.000000e+000
8.556000e+001,3.458600e+002,0,0,-1.000000e+000,-1.000000e+000
8.556000e+001,3.458600e+002,0,0,-1.000000e+000,-1.000000e+000
1.305000e+002,3.467800e+002,0,0,-1.000000e+000,-1.000000e+000
1.305000e+002,3.467800e+002,0,0,-1.000000e+000,-1.000000e+000
1.590400e+002,3.474400e+002,0,0,-1.000000e+000,-1.000000e+000
5.201000e+001,3.488300e+002,0,0,-1.000000e+000,-1.000000e+000
7.566000e+001,3.504300e+002,0,0,-1.000000e+000,-1.000000e+000
5.146000e+001,3.527500e+002,0,0,-1.000000e+000,-1.000000e+000
7.601000e+001,3.560500e+002,0,0,-1.000000e+000,-1.000000e+000
4.047000e+001,3.577200e+002,0,0,-1.000000e+000,-1.000000e+000
2.747000e+001,3.592000e+002,0,0,-1.000000e+000,-1.000000e+000
7.887000e+001,3.597100e+002,0,0,-1.000000e+000,-1.000000e+000
3.152000e+001,3.616400e+002,0,0,-1.000000e+000,-1.000000e+000
3.908000e+001,3.622100e+002,0,0,-1.000000e+000,-1.000000e+000
6.700000e+000,3.655900e+002,0,0,-1.000000e+000,-1.000000e+000
6.700000e+000,3.655900e+002,1,1,4.600000e+000,3.675000e+002
6.700000e+000,3.655900e+002,0,0,-1.000000e+000,-1.000000e+000
2.913000e+001,3.664800e+002,1,1,2.660000e+001,3.689700e+002
6.197900e+002,3.670800e+002,0,0,-1.000000e+000,-1.000000e+000
1.615000e+001,3.685700e+002,0,0,-1.000000e+000,-1.000000e+000
1.009500e+002,3.699500e+002,1,1,9.968000e+001,3.727400e+002
4.402000e+001,3.726000e+002,0,0,-1.000000e+000,-1.000000e+000
5.380000e+001,3.730400e+002,1,0,3.035000e+001,3.851200e+002
5.380000e+001,3.730400e+002,0,0,-1.000000e+000,-1.000000e+000
5.300000e+000,3.732900e+002,0,0,-1.000000e+000,-1.000000e+000
9.761000e+001,3.817600e+002,0,0,-1.000000e+000,-1.000000e+000
3.241000e+001,3.819200e+002,0,0,-1.000000e+000,-1.000000e+000
3.241000e+001,3.819200e+002,0,0,-1.000000e+000,-1.000000e+000
5.752600e+002,3.830500e+002,1,1,5.777100e+002,3.886700e+002
5.752600e+002,3.830500e+002,0,0,-1.000000e+000,-1.000000e+000
1.912000e+001,3.988500e+002,0,0,-1.000000e+000,-1.000000e+000
1.912000e+001,3.988500e+002,0,0,-1.000000e+000,-1.000000e+000
7.710000e+000,4.037900e+002,0,0,-1.000000e+000,-1.000000e+000
7.710000e+000,4.037900e+002,0,0,-1.000000e+000,-1.000000e+000
3.958000e+001,4.072000e+002,0,0,-1.000000e+000,-1.000000e+000
5.210000e+000,4.108000e+002,0,0,-1.000000e+000,-1.000000e+000
4.965700e+002,2.094000e+001,0,0,-1.000000e+000,-1.000000e+000
4.965700e+002,2.094000e+001,0,0,-1.000000e+000,-1.000000e+000
4.322800e+002,2.241000e+001,1,1,4.375800e+002,2.054000e+001
5.992500e+002,3.687000e+001,1,1,6.083900e+002,3.573000e+001
4.602400e+002,5.943000e+001,0,0,-1.000000e+000,-1.000000e+000
4.602400e+002,5.943000e+001,0,0,-1.000000e+000,-1.000000e+000
1.180800e+002,1.005800e+002,1,1,1.178700e+002,1.017300e+002
5.811700e+002,1.464400e+002,1,1,5.885000e+002,1.473600e+002
4.343000e+002,1.510000e+002,0,0,-1.000000e+000,-1.000000e+000
3.229100e+002,1.595400e+002,1,1,3.268600e+002,1.601700e+002
5.734500e+002,1.745300e+002,1,1,5.806500e+002,1.754200e+002
5.729100e+002,1.804300e+002,1,1,5.800900e+002,1.817200e+002
4.010100e+002,1.823800e+002,1,1,4.054500e+002,1.836100e+002
4.010100e+002,1.823800e+002,1,1,4.054500e+002,1.836100e+002
5.875800e+002,1.919600e+002,1,1,5.946000e+002,1.938300e+002
5.979000e+002,1.929600e+002,0,0,-1.000000e+000,-1.000000e+000
6.015700e+002,2.128900e+002,1,1,6.087300e+002,2.144400e+002
2.301700e+002,2.246800e+002,0,0,-1.000000e+000,-1.000000e+000
2.301700e+002,2.246800e+002,0,0,-1.000000e+000,-1.000000e+000
4.801400e+002,2.328000e+002,0,0,-1.000000e+000,-1.000000e+000
2.051500e+002,2.373900e+002,1,1,2.082500e+002,2.389200e+002
6.260400e+002,2.381300e+002,1,1,6.335700e+002,2.406100e+002
5.585200e+002,2.527400e+002,0,0,-1.000000e+000,-1.000000e+000
4.357600e+002,2.869300e+002,0,0,-1.000000e+000,-1.000000e+000
3.357700e+002,3.091300e+002,0,0,-1.000000e+000,-1.000000e+000
1.232000e+002,3.304200e+002,0,0,-1.000000e+000,-1.000000e+000
7.668000e+001,3.310600e+002,1,1,7.511000e+001,3.332300e+002
1.367400e+002,3.313600e+002,0,0,-1.000000e+000,-1.000000e+000
1.085400e+002,3.364700e+002,1,1,1.070300e+002,3.384300e+002
1.428100e+002,3.377100e+002,0,0,-1.000000e+000,-1.000000e+000
5.887000e+001,3.452500e+002,1,1,5.721000e+001,3.473200e+002
1.401100e+002,3.482600e+002,1,1,1.387100e+002,3.506400e+002
1.401100e+002,3.482600e+002,1,1,1.387100e+002,3.506400e+002
1.461600e+002,3.485900e+002,0,0,-1.000000e+000,-1.000000e+000
1.461600e+002,3.485900e+002,0,0,-1.000000e+000,-1.000000e+000
8.261000e+001,3.488700e+002,0,0,-1.000000e+000,-1.000000e+000
1.369400e+002,3.528800e+002,1,1,1.353000e+002,3.556200e+002
1.828000e+001,3.585400e+002,0,0,-1.000000e+000,-1.000000e+000
1.828000e+001,3.585400e+002,0,0,-1.000000e+000,-1.000000e+000
1.318000e+002,3.621800e+002,1,1,1.306300e+002,3.652700e+002
2.118000e+001,3.629400e+002,1,1,1.932000e+001,3.650100e+002
1.223000e+001,3.654100e+002,1,1,1.066000e+001,3.672600e+002
1.809000e+001,3.715100e+002,0,0,-1.000000e+000,-1.000000e+000
8.020000e+000,3.759800e+002,1,1,5.530000e+000,3.781900e+002
9.833000e+001,3.771900e+002,1,1,9.626000e+001,3.799600e+002
9.833000e+001,3.771900e+002,1,1,9.626000e+001,3.799600e+002
5.827300e+002,3.793500e+002,0,0,-1.000000e+000,-1.000000e+000
9.081000e+001,3.871100e+002,1,1,8.859000e+001,3.897400e+002
6.162000e+001,3.873300e+002,0,0,-1.000000e+000,-1.000000e+000
6.162000e+001,3.873300e+002,0,0,-1.000000e+000,-1.000000e+000
6.162000e+001,3.873300e+002,0,0,-1.000000e+000,-1.000000e+000
7.848000e+001,3.931000e+002,0,0,-1.000000e+000,-1.000000e+000
6.051000e+001,3.966000e+002,1,1,5.764000e+001,3.993600e+002
3.164000e+001,3.981200e+002,0,0,-1.000000e+000,-1.000000e+000
6.468000e+001,3.999100e+002,0,0,-1.000000e+000,-1.000000e+000
5.099000e+001,4.065100e+002,0,0,-1.000000e+000,-1.000000e+000
7.610000e+000,4.133200e+002,0,0,-1.000000e+000,-1.000000e+000
5.803600e+002,1.542100e+002,0,0,-1.000000e+000,-1.000000e+000
5.803600e+002,1.542100e+002,0,0,-1.000000e+000,-1.000000e+000
5.712300e+002,1.631900e+002,1,1,5.786900e+002,1.640700e+002
3.816400e+002,1.637200e+002,1,1,3.848500e+002,1.643000e+002
3.816400e+002,1.637200e+002,0,0,-1.000000e+000,-1.000000e+000
5.781000e+002,1.719900e+002,1,1,5.849900e+002,1.733500e+002
5.731400e+002,1.748900e+002,0,0,-1.000000e+000,-1.000000e+000
4.004800e+002,1.822400e+002,0,0,-1.000000e+000,-1.000000e+000
4.004800e+002,1.822400e+002,0,0,-1.000000e+000,-1.000000e+000
5.595000e+002,2.217900e+002,1,1,5.649500e+002,2.242000e+002
2.310400e+002,2.252800e+002,0,0,-1.000000e+000,-1.000000e+000
2.310400e+002,2.252800e+002,0,0,-1.000000e+000,-1.000000e+000
6.173000e+002,2.303300e+002,1,1,6.244400e+002,2.324500e+002
6.173000e+002,2.303300e+002,1,1,6.244400e+002,2.324500e+002
2.346800e+002,2.359000e+002,1,1,2.369100e+002,2.371700e+002
2.050500e+002,2.377900e+002,0,0,-1.000000e+000,-1.000000e+000
5.996100e+002,2.438300e+002,0,0,-1.000000e+000,-1.000000e+000
5.582300e+002,2.530700e+002,0,0,-1.000000e+000,-1.000000e+000
1.351500e+002,2.823500e+002,0,0,-1.000000e+000,-1.000000e+000
3.084100e+002,2.989200e+002,0,0,-1.000000e+000,-1.000000e+000
3.290700e+002,3.089200e+002,1,1,3.290200e+002,3.118100e+002
3.277000e+001,3.144800e+002,0,0,-1.000000e+000,-1.000000e+000
4.304800e+002,3.255900e+002,0,0,-1.000000e+000,-1.000000e+000
1.281400e+002,3.362000e+002,1,1,1.273300e+002,3.387700e+002
1.281400e+002,3.362000e+002,1,1,1.273300e+002,3.387700e+002
3.590800e+002,3.378500e+002,0,0,-1.000000e+000,-1.000000e+000
7.994000e+001,3.389300e+002,0,0,-1.000000e+000,-1.000000e+000
1.182800e+002,3.399600e+002,1,1,1.171200e+002,3.422900e+002
1.336900e+002,3.428500e+002,1,1,1.327200e+002,3.453400e+002
1.336900e+002,3.428500e+002,1,1,1.327200e+002,3.453400e+002
1.486800e+002,3.436200e+002,1,1,1.477200e+002,3.461000e+002
1.486800e+002,3.436200e+002,0,0,-1.000000e+000,-1.000000e+000
1.242400e+002,3.464300e+002,1,1,1.227900e+002,3.490200e+002
6.992000e+001,3.483800e+002,0,0,-1.000000e+000,-1.000000e+000
4.929000e+001,3.492300e+002,1,1,4.774000e+001,3.510700e+002
8.171000e+001,3.490200e+002,0,0,-1.000000e+000,-1.000000e+000
1.547200e+002,3.499000e+002,1,1,1.534200e+002,3.526100e+002
1.547200e+002,3.499000e+002,1,1,1.534200e+002,3.526100e+002
9.670000e+001,3.514600e+002,1,1,9.498000e+001,3.537100e+002
9.670000e+001,3.514600e+002,1,1,9.498000e+001,3.537100e+002
1.301500e+002,3.524800e+002,1,1,1.286000e+002,3.549600e+002
3.926000e+001,3.535400e+002,0,0,-1.000000e+000,-1.000000e+000
8.714000e+001,3.560300e+002,1,1,8.525000e+001,3.583000e+002
8.714000e+001,3.560300e+002,1,1,8.525000e+001,3.583000e+002
1.522700e+002,3.565100e+002,0,0,-1.000000e+000,-1.000000e+000
1.277000e+001,3.651400e+002,0,0,-1.000000e+000,-1.000000e+000
5.683000e+001,3.682000e+002,1,1,5.477000e+001,3.706000e+002
1.140500e+002,3.702200e+002,1,1,1.115900e+002,3.728500e+002
4.659000e+001,3.729100e+002,0,0,-1.000000e+000,-1.000000e+000
4.659000e+001,3.729100e+002,1,1,4.414000e+001,3.751400e+002
6.475000e+001,3.737700e+002,1,1,6.278000e+001,3.761500e+002
1.042800e+002,3.748000e+002,0,0,-1.000000e+000,-1.000000e+000
3.632000e+001,3.779300e+002,1,1,3.430000e+001,3.805600e+002
5.540000e+001,3.787700e+002,0,0,-1.000000e+000,-1.000000e+000
5.831200e+002,3.789600e+002,1,1,5.871400e+002,3.837800e+002
8.726000e+001,3.826400e+002,1,1,8.569000e+001,3.852000e+002
4.503000e+001,3.837700e+002,0,0,-1.000000e+000,-1.000000e+000
4.503000e+001,3.837700e+002,0,0,-1.000000e+000,-1.000000e+000
5.504000e+001,3.880000e+002,1,1,5.257000e+001,3.904800e+002
3.404000e+001,3.886800e+002,1,1,3.139000e+001,3.913200e+002
3.404000e+001,3.886800e+002,1,1,3.139000e+001,3.913200e+002
4.610000e+000,3.928200e+002,0,0,-1.000000e+000,-1.000000e+000
4.473000e+001,3.928800e+002,1,1,4.194000e+001,3.952900e+002
4.473000e+001,3.928800e+002,1,1,4.194000e+001,3.952900e+002
2.317000e+001,3.937800e+002,1,1,2.050000e+001,3.961200e+002
3.366000e+001,3.978600e+002,1,1,3.092000e+001,4.002700e+002
3.366000e+001,3.978600e+002,1,1,3.092000e+001,4.002700e+002
1.307000e+001,3.988700e+002,1,1,9.600000e+000,4.015800e+002
1.307000e+001,3.988700e+002,0,0,-1.000000e+000,-1.000000e+000
2.954000e+001,4.024400e+002,1,1,2.670000e+001,4.051100e+002
2.264000e+001,4.028500e+002,0,0,-1.000000e+000,-1.000000e+000
2.264000e+001,4.028500e+002,1,1,1.964000e+001,4.054000e+002
2.264000e+001,4.028500e+002,1,1,1.964000e+001,4.054000e+002
1.166000e+001,4.082000e+002,0,0,-1.000000e+000,-1.000000e+000
1.166000e+001,4.082000e+002,0,0,-1.000000e+000,-1.000000e+000
1.166000e+001,4.082000e+002,0,0,-1.000000e+000,-1.000000e+000
7.520000e+000,4.133700e+002,0,0,-1.000000e+000,-1.000000e+000
5.932300e+002,6.421000e+001,1,1,6.005400e+002,6.412000e+001
4.674100e+002,1.448500e+002,0,0,-1.000000e+000,-1.000000e+000
5.750400e+002,1.510900e+002,1,1,5.821700e+002,1.518700e+002
5.769400e+002,1.854200e+002,1,1,5.839900e+002,1.872100e+002
3.262700e+002,1.950600e+002,0,0,-1.000000e+000,-1.000000e+000
5.989600e+002,1.975300e+002,0,0,-1.000000e+000,-1.000000e+000
5.996900e+002,2.051500e+002,1,1,6.060800e+002,2.072600e+002
2.255000e+002,2.299500e+002,1,1,2.282900e+002,2.308200e+002
2.255000e+002,2.299500e+002,1,1,2.282900e+002,2.308200e+002
4.257500e+002,2.900700e+002,1,1,4.270700e+002,2.937100e+002
4.856000e+002,2.976100e+002,1,1,4.881000e+002,3.011100e+002
3.624300e+002,2.985800e+002,1,1,3.643600e+002,3.034400e+002
1.678000e+002,3.103200e+002,1,1,1.678200e+002,3.127900e+002
8.903000e+001,3.342200e+002,0,0,-1.000000e+000,-1.000000e+000
8.903000e+001,3.342200e+002,0,0,-1.000000e+000,-1.000000e+000
8.027000e+001,3.459800e+002,1,1,7.867000e+001,3.480400e+002
4.526000e+001,3.530500e+002,1,1,4.336000e+001,3.548400e+002
4.526000e+001,3.530500e+002,1,1,4.336000e+001,3.548400e+002
4.558000e+001,3.607700e+002,1,1,4.370000e+001,3.631100e+002
3.540000e+001,3.655700e+002,1,1,3.352000e+001,3.676200e+002
2.489000e+001,3.687400e+002,1,1,2.282000e+001,3.710500e+002
2.489000e+001,3.687400e+002,1,1,2.282000e+001,3.710500e+002
1.207200e+002,3.713700e+002,1,1,1.184700e+002,3.741100e+002
1.436000e+001,3.748100e+002,1,1,1.219000e+001,3.768100e+002
1.111700e+002,3.763200e+002,1,1,1.088200e+002,3.792700e+002
2.597000e+001,3.828800e+002,0,0,-1.000000e+000,-1.000000e+000
1.497000e+001,3.877000e+002,0,0,-1.000000e+000,-1.000000e+000
7.606000e+001,3.882900e+002,1,1,7.338000e+001,3.911100e+002
7.606000e+001,3.882900e+002,1,1,7.338000e+001,3.911100e+002
8.392000e+001,3.888200e+002,1,1,8.121000e+001,3.915900e+002
6.332000e+001,3.943600e+002,1,1,6.063000e+001,3.969000e+002
7.095000e+001,3.954100e+002,1,1,6.834000e+001,3.983700e+002
5.947200e+002,3.985300e+002,0,0,-1.000000e+000,-1.000000e+000
4.952000e+001,4.008800e+002,1,1,4.662000e+001,4.034000e+002
4.952000e+001,4.008800e+002,1,1,4.662000e+001,4.034000e+002
5.786000e+001,4.018700e+002,0,0,-1.000000e+000,-1.000000e+000
3.645000e+001,4.071300e+002,1,1,3.295000e+001,4.099600e+002
3.645000e+001,4.071300e+002,1,1,3.295000e+001,4.099600e+002
4.450000e+001,4.084500e+002,1,1,4.113000e+001,4.107700e+002
5.892500e+002,1.515000e+001,1,1,5.978300e+002,1.437000e+001
5.959300e+002,4.193000e+001,1,1,6.047400e+002,4.100000e+001
4.228000e+002,1.351300e+002,1,1,4.281700e+002,1.355800e+002
4.199900e+002,1.431800e+002,1,1,4.257400e+002,1.437100e+002
5.781800e+002,1.619700e+002,1,1,5.855300e+002,1.630000e+002
5.849000e+002,2.159100e+002,1,1,5.912600e+002,2.183900e+002
1.560100e+002,2.206300e+002,1,1,1.565100e+002,2.221000e+002
6.101100e+002,2.362500e+002,1,1,6.176300e+002,2.389000e+002
2.471500e+002,2.412700e+002,1,1,2.493100e+002,2.425300e+002
2.471500e+002,2.412700e+002,1,1,2.493100e+002,2.425300e+002
2.330300e+002,2.426800e+002,1,1,2.355900e+002,2.441000e+002
2.446600e+002,2.498200e+002,1,1,2.470200e+002,2.509900e+002
5.974600e+002,2.521900e+002,1,0,6.064500e+002,2.588300e+002
5.804000e+001,3.566500e+002,1,1,5.670000e+001,3.587500e+002
5.808200e+002,3.848100e+002,0,0,-1.000000e+000,-1.000000e+000
5.889200e+002,1.548000e+001,0,0,-1.000000e+000,-1.000000e+000
6.105700e+002,7.405000e+001,1,1,6.184100e+002,7.413000e+001
4.202600e+002,1.437400e+002,0,0,-1.000000e+000,-1.000000e+000
5.631900e+002,1.652100e+002,1,1,5.696100e+002,1.656500e+002
5.474800e+002,1.668700e+002,1,1,5.539000e+002,1.677600e+002
3.937400e+002,1.804600e+002,1,1,3.984300e+002,1.817800e+002
3.937400e+002,1.804600e+002,1,1,3.984300e+002,1.817800e+002
6.088300e+002,2.114200e+002,0,0,-1.000000e+000,-1.000000e+000
4.814600e+002,2.297700e+002,1,1,4.846900e+002,2.316000e+002
4.919900e+002,2.612600e+002,1,1,4.949300e+002,2.646800e+002
4.649900e+002,2.834500e+002,0,0,-1.000000e+000,-1.000000e+000
1.088000e+002,2.960900e+002,1,1,1.101500e+002,2.973100e+002
3.650000e+002,3.001100e+002,1,1,3.650600e+002,3.037900e+002
1.943500e+002,3.167600e+002,1,1,1.956500e+002,3.192300e+002
1.181500e+002,3.595300e+002,1,1,1.162600e+002,3.619000e+002
6.054800e+002,6.249000e+001,1,1,6.128200e+002,6.204000e+001
1.221000e+002,1.086600e+002,1,1,1.216700e+002,1.101200e+002
1.221000e+002,1.086600e+002,1,1,1.216700e+002,1.101200e+002
2.523700e+002,2.164400e+002,1,1,2.536900e+002,2.174500e+002
2.379100e+002,2.289400e+002,1,1,2.414900e+002,2.302400e+002
1.352200e+002,2.375100e+002,1,1,1.375400e+002,2.397800e+002
4.967100e+002,2.422000e+002,0,0,-1.000000e+000,-1.000000e+000
5.994400e+002,2.565300e+002,0,0,-1.000000e+000,-1.000000e+000
4.849700e+002,2.694600e+002,0,0,-1.000000e+000,-1.000000e+000
4.849700e+002,2.694600e+002,0,0,-1.000000e+000,-1.000000e+000
1.195400e+002,2.796400e+002,1,1,1.207000e+002,2.809800e+002
2.300600e+002,2.871200e+002,1,1,2.311100e+002,2.890700e+002
4.246400e+002,3.287900e+002,1,1,4.262800e+002,3.323800e+002
3.640700e+002,3.392100e+002,0,0,-1.000000e+000,-1.000000e+000
5.470100e+002,4.020100e+002,1,1,5.493900e+002,4.080900e+002
1.320700e+002,9.474000e+001,1,1,1.314900e+002,9.566000e+001
4.905700e+002,1.531100e+002,0,0,-1.000000e+000,-1.000000e+000
6.257700e+002,1.967800e+002,0,0,-1.000000e+000,-1.000000e+000
1.473100e+002,2.929200e+002,1,1,1.483600e+002,2.947900e+002
4.987400e+002,2.952800e+002,1,1,5.014900e+002,2.986700e+002
3.334000e+002,3.106400e+002,1,1,3.328000e+002,3.142400e+002
1.795800e+002,3.121200e+002,1,1,1.797100e+002,3.141100e+002
1.795800e+002,3.121200e+002,1,1,1.797100e+002,3.141100e+002
2.043000e+001,3.157200e+002,1,1,2.083000e+001,3.176000e+002
8.708000e+001,3.201800e+002,0,0,-1.000000e+000,-1.000000e+000
3.122400e+002,3.423100e+002,1,1,3.116000e+002,3.452000e+002
2.912200e+002,3.513000e+002,1,1,2.917800e+002,3.551900e+002
5.705400e+002,3.959700e+002,1,1,5.739600e+002,4.019200e+002
4.027700e+002,1.378900e+002,0,0,-1.000000e+000,-1.000000e+000
5.199500e+002,1.492800e+002,0,0,-1.000000e+000,-1.000000e+000
6.128400e+002,2.025400e+002,0,0,-1.000000e+000,-1.000000e+000
6.135600e+002,2.266700e+002,0,0,-1.000000e+000,-1.000000e+000
1.313400e+002,2.354900e+002,1,1,1.315600e+002,2.364100e+002
1.105600e+002,2.581400e+002,1,1,1.112600e+002,2.593700e+002
4.744000e+002,2.666600e+002,1,1,4.741100e+002,2.688400e+002
4.744000e+002,2.666600e+002,1,1,4.741100e+002,2.688400e+002
1.329600e+002,2.776800e+002,1,1,1.336100e+002,2.793200e+002
5.004300e+002,2.961300e+002,0,0,-1.000000e+000,-1.000000e+000
2.188800e+002,3.241700e+002,1,1,2.184300e+002,3.265700e+002
3.129400e+002,3.382600e+002,1,1,3.122400e+002,3.413600e+002
1.754700e+002,3.492000e+002,1,1,1.747100e+002,3.515200e+002
4.422900e+002,1.387800e+002,1,1,4.482400e+002,1.390300e+002
4.903500e+002,2.465200e+002,0,0,-1.000000e+000,-1.000000e+000
4.903500e+002,2.465200e+002,0,0,-1.000000e+000,-1.000000e+000
4.715900e+002,2.657900e+002,0,0,-1.000000e+000,-1.000000e+000
4.715900e+002,2.657900e+002,0,0,-1.000000e+000,-1.000000e+000
1.959200e+002,3.398400e+002,0,0,-1.000000e+000,-1.000000e+000
3.623400e+002,1.741000e+002,1,1,3.667300e+002,1.751000e+002
1.618500e+002,1.791300e+002,1,1,1.628800e+002,1.801800e+002
1.618500e+002,1.791300e+002,1,1,1.628800e+002,1.801800e+002
4.686600e+002,2.654100e+002,0,0,-1.000000e+000,-1.000000e+000
4.686600e+002,2.654100e+002,0,0,-1.000000e+000,-1.000000e+000
8.344000e+001,2.898900e+002,1,1,8.460000e+001,2.914000e+002
6.097000e+001,3.297300e+002,1,1,5.950000e+001,3.319100e+002
5.953600e+002,3.626600e+002,0,0,-1.000000e+000,-1.000000e+000
2.275800e+002,2.033100e+002,1,1,2.290800e+002,2.043900e+002
5.584600e+002,1.966300e+002,1,1,5.644800e+002,1.979100e+002
5.515400e+002,2.478600e+002,1,1,5.588900e+002,2.495700e+002
4.468900e+002,3.120200e+002,1,1,4.525300e+002,3.155800e+002
2.029700e+002,2.693500e+002,1,1,2.038400e+002,2.709500e+002
5.094700e+002,1.893000e+002,1,1,5.128600e+002,1.902700e+002
3.283700e+002,2.465800e+002,1,1,3.261400e+002,2.478100e+002
2.644200e+002,3.276500e+002,1,1,2.647300e+002,3.298300e+002
1.248100e+002,3.348400e+002,1,1,1.235100e+002,3.389600e+002