6.185100e+002,3.570000e+000,0,0,-1.000000e+000,-1.000000e+000
6.079100e+002,5.030000e+000,0,0,-1.000000e+000,-1.000000e+000
4.566100e+002,1.155000e+001,0,0,-1.000000e+000,-1.000000e+000
3.997300e+002,1.458000e+001,1,0,3.984900e+002,6.065000e+001
5.504100e+002,2.332000e+001,0,0,-1.000000e+000,-1.000000e+000
6.314200e+002,2.543000e+001,1,0,6.308600e+002,7.000000e+001
6.122900e+002,2.925000e+001,0,0,-1.000000e+000,-1.000000e+000
6.255200e+002,2.936000e+001,0,0,-1.000000e+000,-1.000000e+000
6.145100e+002,3.135000e+001,0,0,-1.000000e+000,-1.000000e+000
6.055900e+002,3.308000e+001,0,0,-1.000000e+000,-1.000000e+000
5.826400e+002,3.770000e+001,0,0,-1.000000e+000,-1.000000e+000
5.546800e+002,4.045000e+001,0,0,-1.000000e+000,-1.000000e+000
5.601700e+002,4.204000e+001,0,0,-1.000000e+000,-1.000000e+000
6.322500e+002,5.790000e+001,0,0,-1.000000e+000,-1.000000e+000
5.586700e+002,6.972000e+001,0,0,-1.000000e+000,-1.000000e+000
5.555400e+002,7.960000e+001,0,0,-1.000000e+000,-1.000000e+000
6.297000e+002,7.980000e+001,0,0,-1.000000e+000,-1.000000e+000
1.474000e+002,9.147000e+001,1,0,1.077700e+002,9.903000e+001
1.284400e+002,9.448000e+001,0,0,-1.000000e+000,-1.000000e+000
1.233900e+002,9.547000e+001,0,0,-1.000000e+000,-1.000000e+000
4.864000e+002,9.657000e+001,0,0,-1.000000e+000,-1.000000e+000
4.864000e+002,9.657000e+001,0,0,-1.000000e+000,-1.000000e+000
1.116200e+002,9.742000e+001,0,0,-1.000000e+000,-1.000000e+000
1.220000e+002,9.819000e+001,1,0,7.369000e+001,1.069400e+002
5.473200e+002,1.003700e+002,1,0,5.406400e+002,8.988000e+001
8.163000e+001,1.024000e+002,0,0,-1.000000e+000,-1.000000e+000
4.653700e+002,1.043600e+002,0,0,-1.000000e+000,-1.000000e+000
1.373000e+002,1.059400e+002,1,0,9.637000e+001,1.135400e+002
4.807000e+001,1.082100e+002,1,0,3.301000e+001,1.108700e+002
4.592700e+002,1.084400e+002,0,0,-1.000000e+000,-1.000000e+000
4.592700e+002,1.084400e+002,0,0,-1.000000e+000,-1.000000e+000
4.450000e+001,1.089800e+002,0,0,-1.000000e+000,-1.000000e+000
4.564600e+002,1.089500e+002,0,0,-1.000000e+000,-1.000000e+000
4.564600e+002,1.089500e+002,0,0,-1.000000e+000,-1.000000e+000
1.314700e+002,1.093800e+002,0,0,-1.000000e+000,-1.000000e+000
3.901000e+001,1.098800e+002,0,0,-1.000000e+000,-1.000000e+000
5.537400e+002,1.102000e+002,0,0,-1.000000e+000,-1.000000e+000
3.957700e+002,1.117200e+002,0,0,-1.000000e+000,-1.000000e+000
3.957700e+002,1.117200e+002,0,0,-1.000000e+000,-1.000000e+000
5.465000e+002,1.119300e+002,0,0,-1.000000e+000,-1.000000e+000
4.397500e+002,1.127400e+002,0,0,-1.000000e+000,-1.000000e+000
3.928800e+002,1.130600e+002,0,0,-1.000000e+000,-1.000000e+000
6.254300e+002,1.152900e+002,1,1,6.248400e+002,1.215800e+002
3.160000e+000,1.159800e+002,0,0,-1.000000e+000,-1.000000e+000
5.400700e+002,1.161200e+002,0,0,-1.000000e+000,-1.000000e+000
3.775300e+002,1.165600e+002,0,0,-1.000000e+000,-1.000000e+000
4.082300e+002,1.166700e+002,0,0,-1.000000e+000,-1.000000e+000
4.233200e+002,1.165200e+002,0,0,-1.000000e+000,-1.000000e+000
7.526000e+001,1.171300e+002,1,0,2.677000e+001,1.253300e+002
3.741100e+002,1.173600e+002,0,0,-1.000000e+000,-1.000000e+000
4.201900e+002,1.175100e+002,0,0,-1.000000e+000,-1.000000e+000
4.201900e+002,1.175100e+002,0,0,-1.000000e+000,-1.000000e+000
3.450800e+002,1.234000e+002,0,0,-1.000000e+000,-1.000000e+000
3.404300e+002,1.245000e+002,0,0,-1.000000e+000,-1.000000e+000
6.310400e+002,1.249700e+002,0,0,-1.000000e+000,-1.000000e+000
3.509100e+002,1.269600e+002,1,1,3.476100e+002,1.316900e+002
3.509100e+002,1.269600e+002,0,0,-1.000000e+000,-1.000000e+000
5.260000e+002,1.269700e+002,0,0,-1.000000e+000,-1.000000e+000
1.479000e+001,1.278200e+002,0,0,-1.000000e+000,-1.000000e+000
1.081000e+001,1.286800e+002,1,0,5.956000e+001,1.199700e+002
6.239200e+002,1.286000e+002,1,1,6.233300e+002,1.336200e+002
3.999800e+002,1.294500e+002,0,0,-1.000000e+000,-1.000000e+000
5.159000e+002,1.295600e+002,0,0,-1.000000e+000,-1.000000e+000
1.654000e+001,1.301600e+002,0,0,-1.000000e+000,-1.000000e+000
5.095300e+002,1.310900e+002,0,0,-1.000000e+000,-1.000000e+000
4.074100e+002,1.314400e+002,0,0,-1.000000e+000,-1.000000e+000
4.362300e+002,1.320500e+002,1,1,4.327100e+002,1.360100e+002
5.061500e+002,1.319100e+002,0,0,-1.000000e+000,-1.000000e+000
5.540500e+002,1.320700e+002,0,0,-1.000000e+000,-1.000000e+000
6.233400e+002,1.319900e+002,0,0,-1.000000e+000,-1.000000e+000
4.040900e+002,1.323800e+002,0,0,-1.000000e+000,-1.000000e+000
4.962000e+002,1.347600e+002,0,0,-1.000000e+000,-1.000000e+000
6.124700e+002,1.366400e+002,0,0,-1.000000e+000,-1.000000e+000
2.791800e+002,1.385400e+002,1,0,2.600800e+002,1.454100e+002
3.829200e+002,1.383800e+002,0,0,-1.000000e+000,-1.000000e+000
5.345100e+002,1.386500e+002,0,0,-1.000000e+000,-1.000000e+000
6.124200e+002,1.390600e+002,0,0,-1.000000e+000,-1.000000e+000
3.791600e+002,1.394500e+002,0,0,-1.000000e+000,-1.000000e+000
5.261200e+002,1.453600e+002,0,0,-1.000000e+000,-1.000000e+000
3.449200e+002,1.474300e+002,0,0,-1.000000e+000,-1.000000e+000
5.151600e+002,1.473400e+002,0,0,-1.000000e+000,-1.000000e+000
6.133800e+002,1.476200e+002,0,0,-1.000000e+000,-1.000000e+000
5.171100e+002,1.495000e+002,0,0,-1.000000e+000,-1.000000e+000
5.378400e+002,1.495100e+002,0,0,-1.000000e+000,-1.000000e+000
5.991300e+002,1.498500e+002,0,0,-1.000000e+000,-1.000000e+000
3.240600e+002,1.524300e+002,0,0,-1.000000e+000,-1.000000e+000
5.375900e+002,1.538700e+002,0,0,-1.000000e+000,-1.000000e+000
3.643600e+002,1.551800e+002,0,0,-1.000000e+000,-1.000000e+000
2.198200e+002,1.571900e+002,0,0,-1.000000e+000,-1.000000e+000
5.521300e+002,1.573800e+002,1,1,5.501200e+002,1.633000e+002
5.780100e+002,1.578300e+002,0,0,-1.000000e+000,-1.000000e+000
5.570000e+002,1.583300e+002,0,0,-1.000000e+000,-1.000000e+000
5.540700e+002,1.594000e+002,0,0,-1.000000e+000,-1.000000e+000
5.537100e+002,1.622500e+002,0,0,-1.000000e+000,-1.000000e+000
5.636200e+002,1.630400e+002,0,0,-1.000000e+000,-1.000000e+000
2.563300e+002,1.662100e+002,0,0,-1.000000e+000,-1.000000e+000
3.883300e+002,1.699600e+002,0,0,-1.000000e+000,-1.000000e+000
2.476700e+002,1.709900e+002,1,1,2.382400e+002,1.764800e+002
2.320800e+002,1.723200e+002,0,0,-1.000000e+000,-1.000000e+000
3.963100e+002,1.736700e+002,1,0,3.796200e+002,1.444700e+002
6.080400e+002,1.790400e+002,0,0,-1.000000e+000,-1.000000e+000
5.952700e+002,1.813500e+002,0,0,-1.000000e+000,-1.000000e+000
6.016100e+002,1.823500e+002,0,0,-1.000000e+000,-1.000000e+000
5.516200e+002,1.827600e+002,0,0,-1.000000e+000,-1.000000e+000
5.898400e+002,1.884700e+002,0,0,-1.000000e+000,-1.000000e+000
2.705500e+002,1.891200e+002,0,0,-1.000000e+000,-1.000000e+000
2.660300e+002,1.899900e+002,0,0,-1.000000e+000,-1.000000e+000
5.859100e+002,1.904300e+002,0,0,-1.000000e+000,-1.000000e+000
2.712000e+002,1.915900e+002,0,0,-1.000000e+000,-1.000000e+000
1.757200e+002,1.935900e+002,0,0,-1.000000e+000,-1.000000e+000
5.723000e+002,1.935600e+002,0,0,-1.000000e+000,-1.000000e+000
6.027900e+002,2.080700e+002,0,0,-1.000000e+000,-1.000000e+000
4.828100e+002,2.097600e+002,0,0,-1.000000e+000,-1.000000e+000
6.002900e+002,2.103800e+002,0,0,-1.000000e+000,-1.000000e+000
6.362100e+002,2.129600e+002,1,0,6.179700e+002,2.299400e+002
2.523300e+002,2.136400e+002,0,0,-1.000000e+000,-1.000000e+000
5.465800e+002,2.193600e+002,0,0,-1.000000e+000,-1.000000e+000
6.187000e+002,2.256100e+002,0,0,-1.000000e+000,-1.000000e+000
2.451900e+002,2.285100e+002,0,0,-1.000000e+000,-1.000000e+000
2.040100e+002,2.318100e+002,1,1,1.973100e+002,2.361500e+002
2.428900e+002,2.381400e+002,0,0,-1.000000e+000,-1.000000e+000
2.405100e+002,2.386400e+002,0,0,-1.000000e+000,-1.000000e+000
1.705800e+002,2.488800e+002,0,0,-1.000000e+000,-1.000000e+000
1.685000e+002,2.521700e+002,0,0,-1.000000e+000,-1.000000e+000
4.296500e+002,2.554500e+002,0,0,-1.000000e+000,-1.000000e+000
1.516500e+002,2.569400e+002,0,0,-1.000000e+000,-1.000000e+000
4.345400e+002,2.577500e+002,0,0,-1.000000e+000,-1.000000e+000
4.883700e+002,2.609400e+002,1,1,4.835300e+002,2.689500e+002
4.044500e+002,2.615800e+002,0,0,-1.000000e+000,-1.000000e+000
4.604400e+002,2.613200e+002,0,0,-1.000000e+000,-1.000000e+000
1.152900e+002,2.646500e+002,0,0,-1.000000e+000,-1.000000e+000
1.775200e+002,2.644300e+002,1,1,1.684000e+002,2.705100e+002
1.775200e+002,2.644300e+002,0,0,-1.000000e+000,-1.000000e+000
4.592800e+002,2.710700e+002,0,0,-1.000000e+000,-1.000000e+000
4.909200e+002,2.709200e+002,0,0,-1.000000e+000,-1.000000e+000
3.582100e+002,2.760400e+002,0,0,-1.000000e+000,-1.000000e+000
5.013700e+002,2.770400e+002,0,0,-1.000000e+000,-1.000000e+000
2.547100e+002,2.794800e+002,0,0,-1.000000e+000,-1.000000e+000
4.977400e+002,2.817200e+002,0,0,-1.000000e+000,-1.000000e+000
5.985000e+001,2.825400e+002,0,0,-1.000000e+000,-1.000000e+000
3.570900e+002,2.825800e+002,0,0,-1.000000e+000,-1.000000e+000
4.646500e+002,2.847600e+002,0,0,-1.000000e+000,-1.000000e+000
4.556500e+002,2.873300e+002,0,0,-1.000000e+000,-1.000000e+000
4.580000e+002,2.894200e+002,0,0,-1.000000e+000,-1.000000e+000
2.173300e+002,2.905700e+002,0,0,-1.000000e+000,-1.000000e+000
4.550700e+002,2.903600e+002,0,0,-1.000000e+000,-1.000000e+000
1.980800e+002,2.974900e+002,0,0,-1.000000e+000,-1.000000e+000
5.379600e+002,2.983400e+002,0,0,-1.000000e+000,-1.000000e+000
5.278900e+002,2.995800e+002,0,0,-1.000000e+000,-1.000000e+000
5.540600e+002,3.079400e+002,0,0,-1.000000e+000,-1.000000e+000
1.388100e+002,3.088200e+002,0,0,-1.000000e+000,-1.000000e+000
1.388100e+002,3.088200e+002,0,0,-1.000000e+000,-1.000000e+000
1.124800e+002,3.169600e+002,0,0,-1.000000e+000,-1.000000e+000
2.898900e+002,3.206800e+002,0,0,-1.000000e+000,-1.000000e+000
2.858400e+002,3.219100e+002,0,0,-1.000000e+000,-1.000000e+000
1.261000e+002,3.227900e+002,0,0,-1.000000e+000,-1.000000e+000
3.444500e+002,3.255900e+002,0,0,-1.000000e+000,-1.000000e+000
1.367500e+002,3.270300e+002,0,0,-1.000000e+000,-1.000000e+000
1.349300e+002,3.281300e+002,0,0,-1.000000e+000,-1.000000e+000
8.369000e+001,3.319200e+002,0,0,-1.000000e+000,-1.000000e+000
2.823000e+002,3.412300e+002,1,0,2.673500e+002,3.495200e+002
9.012000e+001,3.426400e+002,0,0,-1.000000e+000,-1.000000e+000
1.731500e+002,3.539600e+002,1,1,1.616700e+002,3.604700e+002
6.536000e+001,3.676300e+002,0,0,-1.000000e+000,-1.000000e+000
3.191000e+001,3.719200e+002,1,1,1.937000e+001,3.764000e+002
1.610700e+002,3.795500e+002,0,0,-1.000000e+000,-1.000000e+000
1.610700e+002,3.795500e+002,0,0,-1.000000e+000,-1.000000e+000
4.425400e+002,3.910600e+002,0,0,-1.000000e+000,-1.000000e+000
1.430600e+002,3.916500e+002,0,0,-1.000000e+000,-1.000000e+000
1.430600e+002,3.916500e+002,0,0,-1.000000e+000,-1.000000e+000
4.370400e+002,3.935600e+002,0,0,-1.000000e+000,-1.000000e+000
3.680000e+002,4.256000e+002,0,0,-1.000000e+000,-1.000000e+000
2.244000e+001,4.336800e+002,0,0,-1.000000e+000,-1.000000e+000
3.494300e+002,4.340700e+002,0,0,-1.000000e+000,-1.000000e+000
3.195300e+002,4.447100e+002,0,0,-1.000000e+000,-1.000000e+000
2.999200e+002,4.534300e+002,0,0,-1.000000e+000,-1.000000e+000
4.288000e+001,4.569100e+002,0,0,-1.000000e+000,-1.000000e+000
4.288000e+001,4.569100e+002,0,0,-1.000000e+000,-1.000000e+000
4.591000e+001,4.579800e+002,0,0,-1.000000e+000,-1.000000e+000
4.304000e+001,4.596700e+002,0,0,-1.000000e+000,-1.000000e+000
3.453000e+001,4.619900e+002,0,0,-1.000000e+000,-1.000000e+000
3.453000e+001,4.619900e+002,0,0,-1.000000e+000,-1.000000e+000
1.980000e+001,4.705600e+002,0,0,-1.000000e+000,-1.000000e+000
1.980000e+001,4.705600e+002,0,0,-1.000000e+000,-1.000000e+000
2.514000e+001,4.705500e+002,1,0,5.758000e+001,4.487800e+002
1.793000e+001,4.744700e+002,0,0,-1.000000e+000,-1.000000e+000
1.476000e+001,4.757500e+002,0,0,-1.000000e+000,-1.000000e+000
6.076300e+002,1.448000e+001,0,0,-1.000000e+000,-1.000000e+000
5.811200e+002,1.855000e+001,0,0,-1.000000e+000,-1.000000e+000
4.923200e+002,2.105000e+001,0,0,-1.000000e+000,-1.000000e+000
5.626900e+002,2.146000e+001,0,0,-1.000000e+000,-1.000000e+000
5.572400e+002,2.228000e+001,0,0,-1.000000e+000,-1.000000e+000
5.434100e+002,2.411000e+001,1,1,5.451100e+002,2.773000e+001
5.913500e+002,4.300000e+001,0,0,-1.000000e+000,-1.000000e+000
5.695300e+002,4.752000e+001,0,0,-1.000000e+000,-1.000000e+000
5.648300e+002,4.846000e+001,0,0,-1.000000e+000,-1.000000e+000
4.253600e+002,5.223000e+001,0,0,-1.000000e+000,-1.000000e+000
4.253600e+002,5.223000e+001,0,0,-1.000000e+000,-1.000000e+000
5.603800e+002,5.299000e+001,0,0,-1.000000e+000,-1.000000e+000
3.992400e+002,9.054000e+001,0,0,-1.000000e+000,-1.000000e+000
6.355500e+002,9.385000e+001,0,0,-1.000000e+000,-1.000000e+000
6.351500e+002,9.871000e+001,0,0,-1.000000e+000,-1.000000e+000
6.351500e+002,9.871000e+001,1,0,6.319200e+002,1.241300e+002
5.413000e+002,1.004400e+002,0,0,-1.000000e+000,-1.000000e+000
3.988800e+002,1.111100e+002,0,0,-1.000000e+000,-1.000000e+000
2.434000e+001,1.121100e+002,0,0,-1.000000e+000,-1.000000e+000
6.323900e+002,1.174100e+002,0,0,-1.000000e+000,-1.000000e+000
6.323900e+002,1.174100e+002,1,1,6.319200e+002,1.241300e+002
4.669000e+002,1.286600e+002,0,0,-1.000000e+000,-1.000000e+000
5.544900e+002,1.284700e+002,0,0,-1.000000e+000,-1.000000e+000
4.160000e+000,1.296700e+002,0,0,-1.000000e+000,-1.000000e+000
4.725800e+002,1.305400e+002,0,0,-1.000000e+000,-1.000000e+000
1.009000e+001,1.315100e+002,0,0,-1.000000e+000,-1.000000e+000
4.881700e+002,1.367600e+002,0,0,-1.000000e+000,-1.000000e+000
4.026600e+002,1.397200e+002,0,0,-1.000000e+000,-1.000000e+000
5.377800e+002,1.440200e+002,0,0,-1.000000e+000,-1.000000e+000
5.377800e+002,1.440200e+002,1,1,5.358400e+002,1.500800e+002
5.093500e+002,1.448800e+002,0,0,-1.000000e+000,-1.000000e+000
5.237800e+002,1.482800e+002,0,0,-1.000000e+000,-1.000000e+000
3.643300e+002,1.519200e+002,1,1,3.631200e+002,1.573400e+002
6.250400e+002,1.542000e+002,0,0,-1.000000e+000,-1.000000e+000
3.652400e+002,1.558000e+002,0,0,-1.000000e+000,-1.000000e+000
5.716100e+002,1.599100e+002,0,0,-1.000000e+000,-1.000000e+000
5.404100e+002,1.607700e+002,0,0,-1.000000e+000,-1.000000e+000
6.333600e+002,1.656900e+002,0,0,-1.000000e+000,-1.000000e+000
6.333600e+002,1.656900e+002,0,0,-1.000000e+000,-1.000000e+000
4.007900e+002,1.690900e+002,0,0,-1.000000e+000,-1.000000e+000
5.808500e+002,1.724000e+002,0,0,-1.000000e+000,-1.000000e+000
5.898000e+002,1.738100e+002,0,0,-1.000000e+000,-1.000000e+000
5.725500e+002,1.748500e+002,0,0,-1.000000e+000,-1.000000e+000
3.251500e+002,1.784700e+002,0,0,-1.000000e+000,-1.000000e+000
2.880200e+002,1.855500e+002,0,0,-1.000000e+000,-1.000000e+000
5.797200e+002,1.899300e+002,0,0,-1.000000e+000,-1.000000e+000
5.797200e+002,1.899300e+002,0,0,-1.000000e+000,-1.000000e+000
5.759400e+002,1.953900e+002,0,0,-1.000000e+000,-1.000000e+000
5.759400e+002,1.953900e+002,0,0,-1.000000e+000,-1.000000e+000
2.548000e+002,1.970600e+002,0,0,-1.000000e+000,-1.000000e+000
5.811200e+002,1.993900e+002,0,0,-1.000000e+000,-1.000000e+000
5.811200e+002,1.993900e+002,0,0,-1.000000e+000,-1.000000e+000
6.175400e+002,2.065100e+002,0,0,-1.000000e+000,-1.000000e+000
4.859700e+002,2.097500e+002,0,0,-1.000000e+000,-1.000000e+000
4.859700e+002,2.097500e+002,0,0,-1.000000e+000,-1.000000e+000
6.173600e+002,2.102200e+002,0,0,-1.000000e+000,-1.000000e+000
6.091400e+002,2.112700e+002,0,0,-1.000000e+000,-1.000000e+000
6.131600e+002,2.127600e+002,0,0,-1.000000e+000,-1.000000e+000
2.550100e+002,2.155700e+002,1,1,2.494900e+002,2.195500e+002
4.810300e+002,2.154100e+002,0,0,-1.000000e+000,-1.000000e+000
4.810300e+002,2.154100e+002,1,1,4.773800e+002,2.217800e+002
4.825500e+002,2.187600e+002,0,0,-1.000000e+000,-1.000000e+000
1.727500e+002,2.263800e+002,0,0,-1.000000e+000,-1.000000e+000
1.727500e+002,2.263800e+002,0,0,-1.000000e+000,-1.000000e+000
2.105400e+002,2.299900e+002,0,0,-1.000000e+000,-1.000000e+000
2.511900e+002,2.301700e+002,0,0,-1.000000e+000,-1.000000e+000
2.444400e+002,2.316100e+002,0,0,-1.000000e+000,-1.000000e+000
2.081700e+002,2.334900e+002,0,0,-1.000000e+000,-1.000000e+000
2.558000e+002,2.379300e+002,0,0,-1.000000e+000,-1.000000e+000
1.183900e+002,2.666800e+002,0,0,-1.000000e+000,-1.000000e+000
4.877900e+002,2.687600e+002,0,0,-1.000000e+000,-1.000000e+000
4.869000e+002,2.757200e+002,0,0,-1.000000e+000,-1.000000e+000
4.869000e+002,2.757200e+002,0,0,-1.000000e+000,-1.000000e+000
8.504000e+001,2.758200e+002,0,0,-1.000000e+000,-1.000000e+000
4.826200e+002,2.792600e+002,0,0,-1.000000e+000,-1.000000e+000
5.112800e+002,2.825200e+002,0,0,-1.000000e+000,-1.000000e+000
5.147800e+002,2.845300e+002,0,0,-1.000000e+000,-1.000000e+000
4.795400e+002,2.850200e+002,0,0,-1.000000e+000,-1.000000e+000
5.033000e+002,2.852500e+002,0,0,-1.000000e+000,-1.000000e+000
3.514100e+002,2.859400e+002,0,0,-1.000000e+000,-1.000000e+000
3.514100e+002,2.859400e+002,0,0,-1.000000e+000,-1.000000e+000
5.334100e+002,2.955200e+002,0,0,-1.000000e+000,-1.000000e+000
5.237400e+002,2.974000e+002,0,0,-1.000000e+000,-1.000000e+000
5.493000e+002,3.127800e+002,0,0,-1.000000e+000,-1.000000e+000
5.598300e+002,3.186600e+002,0,0,-1.000000e+000,-1.000000e+000
5.715300e+002,3.217800e+002,1,1,5.640100e+002,3.290200e+002
1.251200e+002,3.265300e+002,0,0,-1.000000e+000,-1.000000e+000
1.251200e+002,3.265300e+002,0,0,-1.000000e+000,-1.000000e+000
1.186700e+002,3.269700e+002,1,1,1.087800e+002,3.313000e+002
3.282900e+002,3.285000e+002,1,1,3.207500e+002,3.351900e+002
1.371900e+002,3.305400e+002,0,0,-1.000000e+000,-1.000000e+000
1.211800e+002,3.327600e+002,0,0,-1.000000e+000,-1.000000e+000
1.087800e+002,3.358200e+002,0,0,-1.000000e+000,-1.000000e+000
9.885000e+001,3.381900e+002,0,0,-1.000000e+000,-1.000000e+000
1.086700e+002,3.397200e+002,0,0,-1.000000e+000,-1.000000e+000
1.205000e+002,3.407600e+002,0,0,-1.000000e+000,-1.000000e+000
1.205000e+002,3.407600e+002,0,0,-1.000000e+000,-1.000000e+000
9.740000e+001,3.421500e+002,0,0,-1.000000e+000,-1.000000e+000
9.740000e+001,3.421500e+002,0,0,-1.000000e+000,-1.000000e+000
8.167000e+001,3.477900e+002,0,0,-1.000000e+000,-1.000000e+000
6.492000e+001,3.503200e+002,0,0,-1.000000e+000,-1.000000e+000
6.492000e+001,3.503200e+002,0,0,-1.000000e+000,-1.000000e+000
8.994000e+001,3.503100e+002,0,0,-1.000000e+000,-1.000000e+000
8.017000e+001,3.518500e+002,0,0,-1.000000e+000,-1.000000e+000
1.005300e+002,3.518500e+002,0,0,-1.000000e+000,-1.000000e+000
8.835000e+001,3.549600e+002,0,0,-1.000000e+000,-1.000000e+000
8.064000e+001,3.591200e+002,0,0,-1.000000e+000,-1.000000e+000
5.948000e+001,3.598800e+002,0,0,-1.000000e+000,-1.000000e+000
5.795000e+001,3.642600e+002,0,0,-1.000000e+000,-1.000000e+000
5.064000e+001,3.650900e+002,0,0,-1.000000e+000,-1.000000e+000
4.930000e+001,3.693600e+002,0,0,-1.000000e+000,-1.000000e+000
4.930000e+001,3.693600e+002,0,0,-1.000000e+000,-1.000000e+000
4.162000e+001,3.701600e+002,0,0,-1.000000e+000,-1.000000e+000
1.454600e+002,3.705400e+002,0,0,-1.000000e+000,-1.000000e+000
5.378000e+001,3.745000e+002,0,0,-1.000000e+000,-1.000000e+000
1.177200e+002,3.748300e+002,0,0,-1.000000e+000,-1.000000e+000
5.624000e+001,3.774300e+002,0,0,-1.000000e+000,-1.000000e+000
4.373000e+001,3.803700e+002,1,1,2.989000e+001,3.860800e+002
1.765000e+001,3.835200e+002,0,0,-1.000000e+000,-1.000000e+000
2.431000e+001,3.833700e+002,0,0,-1.000000e+000,-1.000000e+000
7.670000e+000,3.891200e+002,1,0,2.908000e+001,3.747800e+002
2.765000e+001,3.941900e+002,0,0,-1.000000e+000,-1.000000e+000
9.900000e+000,3.958100e+002,0,0,-1.000000e+000,-1.000000e+000
6.760000e+000,4.011200e+002,0,0,-1.000000e+000,-1.000000e+000
1.272000e+001,4.738600e+002,0,0,-1.000000e+000,-1.000000e+000
5.485900e+002,4.654000e+001,0,0,-1.000000e+000,-1.000000e+000
6.353500e+002,6.020000e+001,0,0,-1.000000e+000,-1.000000e+000
5.420500e+002,8.394000e+001,0,0,-1.000000e+000,-1.000000e+000
6.338900e+002,1.083600e+002,1,1,6.331800e+002,1.170200e+002
6.338900e+002,1.083600e+002,1,1,6.331800e+002,1.170200e+002
5.384200e+002,1.274700e+002,1,1,5.357900e+002,1.346400e+002
4.813000e+002,1.337700e+002,0,0,-1.000000e+000,-1.000000e+000
6.258500e+002,1.389000e+002,0,0,-1.000000e+000,-1.000000e+000
4.877600e+002,1.403500e+002,0,0,-1.000000e+000,-1.000000e+000
5.031400e+002,1.422600e+002,0,0,-1.000000e+000,-1.000000e+000
5.094800e+002,1.490400e+002,0,0,-1.000000e+000,-1.000000e+000
5.997000e+002,1.487600e+002,0,0,-1.000000e+000,-1.000000e+000
3.109900e+002,1.522900e+002,1,1,3.065200e+002,1.567600e+002
3.646900e+002,1.519400e+002,0,0,-1.000000e+000,-1.000000e+000
6.029500e+002,1.521700e+002,0,0,-1.000000e+000,-1.000000e+000
6.099400e+002,1.592600e+002,0,0,-1.000000e+000,-1.000000e+000
5.805300e+002,1.758900e+002,0,0,-1.000000e+000,-1.000000e+000
3.162500e+002,1.800500e+002,0,0,-1.000000e+000,-1.000000e+000
5.722100e+002,1.815400e+002,0,0,-1.000000e+000,-1.000000e+000
2.595900e+002,1.946700e+002,0,0,-1.000000e+000,-1.000000e+000
5.812300e+002,1.952100e+002,0,0,-1.000000e+000,-1.000000e+000
5.812300e+002,1.952100e+002,0,0,-1.000000e+000,-1.000000e+000
5.704800e+002,1.968900e+002,0,0,-1.000000e+000,-1.000000e+000
6.229100e+002,2.028900e+002,0,0,-1.000000e+000,-1.000000e+000
5.924000e+002,2.057900e+002,0,0,-1.000000e+000,-1.000000e+000
6.039800e+002,2.119100e+002,1,1,6.023200e+002,2.197200e+002
5.498500e+002,2.180400e+002,0,0,-1.000000e+000,-1.000000e+000
1.722000e+002,2.202800e+002,0,0,-1.000000e+000,-1.000000e+000
4.596100e+002,2.479500e+002,0,0,-1.000000e+000,-1.000000e+000
1.572100e+002,2.560000e+002,0,0,-1.000000e+000,-1.000000e+000
1.572100e+002,2.560000e+002,0,0,-1.000000e+000,-1.000000e+000
2.745400e+002,2.714400e+002,1,1,2.644100e+002,2.755700e+002
3.539100e+002,2.782300e+002,0,0,-1.000000e+000,-1.000000e+000
3.588000e+002,2.790900e+002,0,0,-1.000000e+000,-1.000000e+000
4.837900e+002,2.828900e+002,0,0,-1.000000e+000,-1.000000e+000
2.321200e+002,2.945300e+002,0,0,-1.000000e+000,-1.000000e+000
1.388800e+002,3.048800e+002,0,0,-1.000000e+000,-1.000000e+000
5.705600e+002,3.258700e+002,1,1,5.612600e+002,3.361500e+002
1.581400e+002,3.278600e+002,0,0,-1.000000e+000,-1.000000e+000
1.870100e+002,3.289500e+002,0,0,-1.000000e+000,-1.000000e+000
1.870100e+002,3.289500e+002,0,0,-1.000000e+000,-1.000000e+000
1.935700e+002,3.293200e+002,0,0,-1.000000e+000,-1.000000e+000
1.226700e+002,3.310800e+002,0,0,-1.000000e+000,-1.000000e+000
1.108800e+002,3.320100e+002,0,0,-1.000000e+000,-1.000000e+000
1.932600e+002,3.334100e+002,0,0,-1.000000e+000,-1.000000e+000
1.932600e+002,3.334100e+002,0,0,-1.000000e+000,-1.000000e+000
1.597600e+002,3.354400e+002,0,0,-1.000000e+000,-1.000000e+000
1.720700e+002,3.380900e+002,0,0,-1.000000e+000,-1.000000e+000
1.785800e+002,3.379400e+002,0,0,-1.000000e+000,-1.000000e+000
1.692000e+002,3.419100e+002,0,0,-1.000000e+000,-1.000000e+000
1.328900e+002,3.449400e+002,0,0,-1.000000e+000,-1.000000e+000
8.812000e+001,3.470000e+002,0,0,-1.000000e+000,-1.000000e+000
7.334000e+001,3.527000e+002,0,0,-1.000000e+000,-1.000000e+000
1.497200e+002,3.529600e+002,0,0,-1.000000e+000,-1.000000e+000
7.803000e+001,3.560800e+002,0,0,-1.000000e+000,-1.000000e+000
1.533800e+002,3.598500e+002,0,0,-1.000000e+000,-1.000000e+000
7.008000e+001,3.615600e+002,0,0,-1.000000e+000,-1.000000e+000
9.818000e+001,3.625500e+002,0,0,-1.000000e+000,-1.000000e+000
9.818000e+001,3.625500e+002,0,0,-1.000000e+000,-1.000000e+000
7.489000e+001,3.670200e+002,0,0,-1.000000e+000,-1.000000e+000
6.553000e+001,3.722200e+002,0,0,-1.000000e+000,-1.000000e+000
3.251000e+001,3.756700e+002,0,0,-1.000000e+000,-1.000000e+000
2.862000e+001,3.850600e+002,1,1,1.446000e+001,3.904400e+002
4.544200e+002,3.860000e+002,1,0,4.941900e+002,4.089100e+002
1.505000e+001,3.882700e+002,0,0,-1.000000e+000,-1.000000e+000
3.773000e+001,3.884300e+002,0,0,-1.000000e+000,-1.000000e+000
3.773000e+001,3.884300e+002,0,0,-1.000000e+000,-1.000000e+000
9.081000e+001,3.911200e+002,0,0,-1.000000e+000,-1.000000e+000
8.160000e+001,3.964200e+002,0,0,-1.000000e+000,-1.000000e+000
9.877000e+001,3.994700e+002,0,0,-1.000000e+000,-1.000000e+000
9.468000e+001,4.020200e+002,0,0,-1.000000e+000,-1.000000e+000
9.468000e+001,4.020200e+002,0,0,-1.000000e+000,-1.000000e+000
6.554000e+001,4.032500e+002,0,0,-1.000000e+000,-1.000000e+000
9.044000e+001,4.046400e+002,0,0,-1.000000e+000,-1.000000e+000
9.044000e+001,4.046400e+002,0,0,-1.000000e+000,-1.000000e+000
6.323000e+001,4.081600e+002,0,0,-1.000000e+000,-1.000000e+000
5.585000e+001,4.092800e+002,0,0,-1.000000e+000,-1.000000e+000
4.628000e+001,4.150700e+002,0,0,-1.000000e+000,-1.000000e+000
6.855000e+001,4.183700e+002,0,0,-1.000000e+000,-1.000000e+000
6.855000e+001,4.183700e+002,0,0,-1.000000e+000,-1.000000e+000
5.964000e+001,4.238800e+002,0,0,-1.000000e+000,-1.000000e+000
5.964000e+001,4.238800e+002,0,0,-1.000000e+000,-1.000000e+000
4.030000e+001,4.361800e+002,0,0,-1.000000e+000,-1.000000e+000
6.327200e+002,3.939000e+001,0,0,-1.000000e+000,-1.000000e+000
6.327200e+002,3.939000e+001,0,0,-1.000000e+000,-1.000000e+000
5.379100e+002,1.278400e+002,0,0,-1.000000e+000,-1.000000e+000
4.356600e+002,1.309600e+002,0,0,-1.000000e+000,-1.000000e+000
6.231100e+002,1.315400e+002,1,1,6.223600e+002,1.385700e+002
4.095800e+002,1.368000e+002,1,1,4.069900e+002,1.417100e+002
5.410400e+002,1.558300e+002,0,0,-1.000000e+000,-1.000000e+000
5.902500e+002,1.578200e+002,1,1,5.889100e+002,1.650800e+002
6.096300e+002,1.592000e+002,0,0,-1.000000e+000,-1.000000e+000
3.850900e+002,1.666500e+002,0,0,-1.000000e+000,-1.000000e+000
3.850900e+002,1.666500e+002,0,0,-1.000000e+000,-1.000000e+000
4.924800e+002,2.456900e+002,1,1,4.891800e+002,2.526400e+002
4.425000e+002,2.531800e+002,1,0,4.290500e+002,2.632000e+002
4.846200e+002,2.602400e+002,0,0,-1.000000e+000,-1.000000e+000
4.890000e+002,2.677400e+002,1,1,4.841100e+002,2.745000e+002
2.738000e+002,2.711100e+002,0,0,-1.000000e+000,-1.000000e+000
2.256000e+001,2.939900e+002,0,0,-1.000000e+000,-1.000000e+000
2.317100e+002,2.947800e+002,0,0,-1.000000e+000,-1.000000e+000
5.792600e+002,3.207700e+002,0,0,-1.000000e+000,-1.000000e+000
1.484400e+002,3.257500e+002,0,0,-1.000000e+000,-1.000000e+000
1.484400e+002,3.257500e+002,0,0,-1.000000e+000,-1.000000e+000
1.506500e+002,3.344700e+002,0,0,-1.000000e+000,-1.000000e+000
1.859200e+002,3.392100e+002,0,0,-1.000000e+000,-1.000000e+000
1.859200e+002,3.392100e+002,0,0,-1.000000e+000,-1.000000e+000
1.408600e+002,3.402200e+002,0,0,-1.000000e+000,-1.000000e+000
1.408600e+002,3.402200e+002,0,0,-1.000000e+000,-1.000000e+000
1.929300e+002,3.400200e+002,1,1,1.822100e+002,3.465600e+002
1.028200e+002,3.419000e+002,0,0,-1.000000e+000,-1.000000e+000
1.805500e+002,3.420900e+002,0,0,-1.000000e+000,-1.000000e+000
1.805500e+002,3.420900e+002,0,0,-1.000000e+000,-1.000000e+000
9.425000e+001,3.469800e+002,1,1,8.199000e+001,3.529600e+002
8.549000e+001,3.517600e+002,0,0,-1.000000e+000,-1.000000e+000
1.480300e+002,3.625300e+002,1,1,1.366300e+002,3.679500e+002
1.480300e+002,3.625300e+002,0,0,-1.000000e+000,-1.000000e+000
6.401000e+001,3.638600e+002,0,0,-1.000000e+000,-1.000000e+000
5.485000e+001,3.691600e+002,0,0,-1.000000e+000,-1.000000e+000
9.079000e+001,3.687000e+002,0,0,-1.000000e+000,-1.000000e+000
9.079000e+001,3.687000e+002,0,0,-1.000000e+000,-1.000000e+000
9.079000e+001,3.687000e+002,0,0,-1.000000e+000,-1.000000e+000
6.715000e+001,3.735100e+002,1,0,3.569000e+001,3.900900e+002
6.715000e+001,3.735100e+002,0,0,-1.000000e+000,-1.000000e+000
8.193000e+001,3.737500e+002,0,0,-1.000000e+000,-1.000000e+000
8.193000e+001,3.737500e+002,0,0,-1.000000e+000,-1.000000e+000
1.302600e+002,3.740400e+002,0,0,-1.000000e+000,-1.000000e+000
1.302600e+002,3.740400e+002,0,0,-1.000000e+000,-1.000000e+000
4.537000e+001,3.744700e+002,1,1,3.232000e+001,3.798100e+002
1.229400e+002,3.745300e+002,0,0,-1.000000e+000,-1.000000e+000
1.229400e+002,3.745300e+002,0,0,-1.000000e+000,-1.000000e+000
1.229400e+002,3.745300e+002,0,0,-1.000000e+000,-1.000000e+000
1.374700e+002,3.746800e+002,1,1,1.257500e+002,3.808200e+002
5.067000e+001,3.772200e+002,0,0,-1.000000e+000,-1.000000e+000
9.081000e+001,3.783700e+002,0,0,-1.000000e+000,-1.000000e+000
9.081000e+001,3.783700e+002,0,0,-1.000000e+000,-1.000000e+000
3.688000e+001,3.792700e+002,0,0,-1.000000e+000,-1.000000e+000
7.282000e+001,3.791200e+002,0,0,-1.000000e+000,-1.000000e+000
1.195800e+002,3.806000e+002,0,0,-1.000000e+000,-1.000000e+000
1.267000e+002,3.816600e+002,1,1,1.147700e+002,3.877900e+002
4.878000e+001,3.844100e+002,0,0,-1.000000e+000,-1.000000e+000
4.878000e+001,3.844100e+002,0,0,-1.000000e+000,-1.000000e+000
6.397000e+001,3.848900e+002,0,0,-1.000000e+000,-1.000000e+000
1.165300e+002,3.877200e+002,0,0,-1.000000e+000,-1.000000e+000
7.291000e+001,3.893500e+002,0,0,-1.000000e+000,-1.000000e+000
5.431000e+001,3.900800e+002,0,0,-1.000000e+000,-1.000000e+000
5.431000e+001,3.900800e+002,0,0,-1.000000e+000,-1.000000e+000
5.431000e+001,3.900800e+002,0,0,-1.000000e+000,-1.000000e+000
1.162000e+001,3.937600e+002,0,0,-1.000000e+000,-1.000000e+000
6.327000e+001,3.946400e+002,0,0,-1.000000e+000,-1.000000e+000
6.327000e+001,3.946400e+002,0,0,-1.000000e+000,-1.000000e+000
4.462000e+001,3.955100e+002,0,0,-1.000000e+000,-1.000000e+000
1.894000e+001,4.009800e+002,0,0,-1.000000e+000,-1.000000e+000
3.502000e+001,4.014500e+002,0,0,-1.000000e+000,-1.000000e+000
8.780000e+000,4.064200e+002,0,0,-1.000000e+000,-1.000000e+000
4.422000e+001,4.062600e+002,0,0,-1.000000e+000,-1.000000e+000
3.437000e+001,4.121100e+002,0,0,-1.000000e+000,-1.000000e+000
1.444000e+001,4.245100e+002,0,0,-1.000000e+000,-1.000000e+000
3.302000e+001,4.261000e+002,0,0,-1.000000e+000,-1.000000e+000
2.589000e+001,4.276900e+002,0,0,-1.000000e+000,-1.000000e+000
3.180300e+002,4.650700e+002,0,0,-1.000000e+000,-1.000000e+000
5.623200e+002,5.433000e+001,0,0,-1.000000e+000,-1.000000e+000
5.623200e+002,5.433000e+001,0,0,-1.000000e+000,-1.000000e+000
6.314100e+002,1.030500e+002,1,1,6.308300e+002,1.099300e+002
3.949300e+002,1.316500e+002,1,1,3.917600e+002,1.367900e+002
6.268300e+002,1.595700e+002,0,0,-1.000000e+000,-1.000000e+000
5.670800e+002,1.661300e+002,1,1,5.655000e+002,1.731900e+002
5.671100e+002,1.730100e+002,0,0,-1.000000e+000,-1.000000e+000
5.558500e+002,1.829800e+002,1,1,5.531100e+002,1.912500e+002
2.618700e+002,1.954200e+002,1,1,2.578000e+002,2.007500e+002
5.029000e+002,2.001300e+002,1,1,4.996400e+002,2.077000e+002
6.106100e+002,2.193800e+002,1,1,6.084300e+002,2.274000e+002
2.335100e+002,2.204500e+002,0,0,-1.000000e+000,-1.000000e+000
2.268600e+002,2.247000e+002,1,1,2.201500e+002,2.287200e+002
2.268600e+002,2.247000e+002,0,0,-1.000000e+000,-1.000000e+000
4.829000e+002,2.253200e+002,1,1,4.786400e+002,2.326100e+002
2.239200e+002,2.312000e+002,0,0,-1.000000e+000,-1.000000e+000
1.764200e+002,2.383100e+002,1,1,1.686700e+002,2.423200e+002
4.669900e+002,2.472600e+002,0,0,-1.000000e+000,-1.000000e+000
4.345600e+002,2.558100e+002,0,0,-1.000000e+000,-1.000000e+000
5.767500e+002,3.266700e+002,1,1,5.716600e+002,3.373300e+002
1.794000e+002,3.481500e+002,0,0,-1.000000e+000,-1.000000e+000
1.679100e+002,3.553900e+002,1,1,1.569700e+002,3.614100e+002
1.413300e+002,3.669800e+002,0,0,-1.000000e+000,-1.000000e+000
1.083900e+002,3.874300e+002,0,0,-1.000000e+000,-1.000000e+000
1.083900e+002,3.874300e+002,0,0,-1.000000e+000,-1.000000e+000
2.116000e+001,3.877100e+002,0,0,-1.000000e+000,-1.000000e+000
9.621000e+001,3.946800e+002,1,1,8.295000e+001,4.008700e+002
1.049300e+002,3.948600e+002,1,1,9.178000e+001,4.012500e+002
1.170000e+001,4.001700e+002,0,0,-1.000000e+000,-1.000000e+000
4.924000e+001,4.236400e+002,1,1,3.531000e+001,4.295900e+002
3.687000e+001,4.316200e+002,1,1,2.189000e+001,4.379300e+002
4.649000e+001,4.314800e+002,1,1,3.159000e+001,4.381000e+002
2.417000e+001,4.398800e+002,0,0,-1.000000e+000,-1.000000e+000
2.417000e+001,4.398800e+002,0,0,-1.000000e+000,-1.000000e+000
3.303000e+001,4.396200e+002,1,1,1.793000e+001,4.462700e+002
1.044000e+001,4.480500e+002,0,0,-1.000000e+000,-1.000000e+000
2.002000e+001,4.481400e+002,0,0,-1.000000e+000,-1.000000e+000
7.850000e+000,4.556200e+002,0,0,-1.000000e+000,-1.000000e+000
5.338300e+002,5.150000e+000,1,1,5.333900e+002,1.092000e+001
5.411700e+002,2.893000e+001,1,1,5.404500e+002,3.475000e+001
3.958900e+002,1.241200e+002,1,1,3.929200e+002,1.291600e+002
5.410800e+002,1.382300e+002,1,1,5.391500e+002,1.447300e+002
5.746100e+002,1.780000e+002,1,1,5.720600e+002,1.855700e+002
1.739400e+002,2.164200e+002,1,1,1.663500e+002,2.204200e+002
2.350300e+002,2.211600e+002,0,0,-1.000000e+000,-1.000000e+000
5.326900e+002,2.211200e+002,1,1,5.292700e+002,2.285500e+002
2.510700e+002,2.328900e+002,1,1,2.449600e+002,2.377400e+002
2.510700e+002,2.328900e+002,1,1,2.449600e+002,2.377400e+002
2.361300e+002,2.348400e+002,1,1,2.303100e+002,2.397700e+002
1.259300e+002,2.672000e+002,1,1,1.172500e+002,2.715100e+002
1.164400e+002,2.702200e+002,0,0,-1.000000e+000,-1.000000e+000
1.164400e+002,2.702200e+002,0,0,-1.000000e+000,-1.000000e+000
4.876500e+002,2.810700e+002,1,1,4.824700e+002,2.886900e+002
1.917000e+002,3.022000e+002,1,1,1.833900e+002,3.070000e+002
5.881600e+002,3.414800e+002,1,1,5.837700e+002,3.511900e+002
1.070400e+002,3.470700e+002,0,0,-1.000000e+000,-1.000000e+000
5.454400e+002,3.634300e+002,1,1,5.397700e+002,3.739900e+002
5.355500e+002,3.779000e+001,1,1,5.347000e+002,4.394000e+001
5.591200e+002,4.530000e+001,1,1,5.584500e+002,5.166000e+001
5.644300e+002,5.571000e+001,0,0,-1.000000e+000,-1.000000e+000
5.249300e+002,1.429100e+002,0,0,-1.000000e+000,-1.000000e+000
5.137900e+002,1.440000e+002,1,1,5.120900e+002,1.504000e+002
5.565700e+002,1.519300e+002,0,0,-1.000000e+000,-1.000000e+000
5.865100e+002,1.795900e+002,1,1,5.846100e+002,1.871600e+002
2.648200e+002,1.963200e+002,0,0,-1.000000e+000,-1.000000e+000
4.711200e+002,2.003700e+002,1,1,4.675300e+002,2.067100e+002
5.726900e+002,2.100300e+002,1,1,5.702900e+002,2.175400e+002
5.726900e+002,2.100300e+002,1,1,5.702900e+002,2.175400e+002
1.745400e+002,2.156900e+002,1,1,1.667600e+002,2.198200e+002
5.019400e+002,2.319700e+002,1,1,4.983000e+002,2.391100e+002
4.810000e+002,2.718700e+002,1,1,4.758400e+002,2.795100e+002
2.465500e+002,2.754400e+002,1,1,2.382100e+002,2.801600e+002
4.346500e+002,2.917500e+002,1,0,4.494200e+002,2.983500e+002
1.324600e+002,2.928400e+002,1,1,1.239700e+002,2.970500e+002
2.212100e+002,3.017500e+002,0,0,-1.000000e+000,-1.000000e+000
3.831000e+002,3.056400e+002,0,0,-1.000000e+000,-1.000000e+000
5.805000e+002,3.181400e+002,0,0,-1.000000e+000,-1.000000e+000
5.493400e+002,3.445800e+002,1,1,5.441000e+002,3.545700e+002
1.599400e+002,3.461200e+002,0,0,-1.000000e+000,-1.000000e+000
1.599400e+002,3.461200e+002,0,0,-1.000000e+000,-1.000000e+000
1.581000e+001,4.618700e+002,0,0,-1.000000e+000,-1.000000e+000
1.391800e+002,1.134900e+002,1,1,1.315900e+002,1.164900e+002
1.391800e+002,1.134900e+002,1,1,1.315900e+002,1.164900e+002
6.198100e+002,1.296900e+002,1,1,6.192400e+002,1.366800e+002
4.870800e+002,1.318400e+002,0,0,-1.000000e+000,-1.000000e+000
4.595300e+002,1.347300e+002,1,0,4.558700e+002,1.453900e+002
2.660100e+002,2.134300e+002,1,1,2.593200e+002,2.184600e+002
2.480900e+002,2.216500e+002,0,0,-1.000000e+000,-1.000000e+000
5.692900e+002,2.215600e+002,1,1,5.663500e+002,2.289900e+002
1.659000e+002,2.583000e+002,1,1,1.591800e+002,2.624600e+002
3.234200e+002,2.717400e+002,0,0,-1.000000e+000,-1.000000e+000
1.397000e+002,2.775000e+002,1,1,1.310700e+002,2.817300e+002
3.569400e+002,2.803000e+002,1,1,3.494100e+002,2.872500e+002
5.186000e+001,3.181200e+002,1,1,4.174000e+001,3.215300e+002
5.682100e+002,3.372300e+002,1,1,5.639700e+002,3.468200e+002
2.233600e+002,3.456000e+002,1,1,2.138400e+002,3.519900e+002
1.476700e+002,9.900000e+001,1,1,1.401900e+002,1.017400e+002
3.787700e+002,1.283500e+002,1,0,3.676500e+002,1.351900e+002
5.271200e+002,1.577300e+002,0,0,-1.000000e+000,-1.000000e+000
5.798300e+002,1.676800e+002,1,1,5.779900e+002,1.749200e+002
5.554600e+002,1.721700e+002,1,1,5.542100e+002,1.796600e+002
2.682900e+002,1.972300e+002,1,1,2.608800e+002,2.017800e+002
4.823700e+002,2.145100e+002,0,0,-1.000000e+000,-1.000000e+000
4.823700e+002,2.145100e+002,0,0,-1.000000e+000,-1.000000e+000
4.693400e+002,2.324700e+002,1,1,4.640700e+002,2.396800e+002
4.693400e+002,2.324700e+002,1,1,4.640700e+002,2.396800e+002
4.966200e+002,2.587700e+002,1,1,4.917800e+002,2.668500e+002
1.532400e+002,2.743600e+002,1,1,1.441400e+002,2.786400e+002
2.054400e+002,3.008800e+002,1,1,1.970500e+002,3.061300e+002
3.396100e+002,3.129300e+002,1,1,3.316300e+002,3.198900e+002
2.119800e+002,3.342300e+002,1,1,2.023000e+002,3.399100e+002
5.810600e+002,1.911300e+002,0,0,-1.000000e+000,-1.000000e+000
2.719900e+002,1.982000e+002,0,0,-1.000000e+000,-1.000000e+000
1.470500e+002,2.325800e+002,1,1,1.395300e+002,2.362100e+002
4.688100e+002,2.322400e+002,0,0,-1.000000e+000,-1.000000e+000
2.161200e+002,2.412800e+002,0,0,-1.000000e+000,-1.000000e+000
1.268900e+002,2.581800e+002,1,1,1.166100e+002,2.617200e+002
2.473000e+002,3.062600e+002,0,0,-1.000000e+000,-1.000000e+000
2.473000e+002,3.062600e+002,1,1,2.386600e+002,3.122200e+002
4.158600e+002,1.256800e+002,1,1,4.126900e+002,1.311800e+002
3.481300e+002,1.626800e+002,1,1,3.439600e+002,1.677200e+002
4.658300e+002,2.320400e+002,1,1,4.617400e+002,2.394300e+002
1.008400e+002,3.246800e+002,1,1,9.040000e+001,3.291700e+002
2.285200e+002,3.235000e+002,1,1,2.190900e+002,3.289000e+002
3.131000e+001,3.281700e+002,1,1,2.197000e+001,3.308900e+002
5.322100e+002,1.699800e+002,1,1,5.284300e+002,1.767600e+002
1.781200e+002,1.774400e+002,1,1,1.708900e+002,1.811900e+002
1.781200e+002,1.774400e+002,1,1,1.708900e+002,1.811900e+002
2.396700e+002,1.931500e+002,1,1,2.342300e+002,1.971000e+002
2.396700e+002,1.931500e+002,1,1,2.342300e+002,1.971000e+002
2.758100e+002,2.372500e+002,1,1,2.688800e+002,2.426200e+002
1.065000e+002,2.902200e+002,1,1,9.785000e+001,2.943400e+002
5.514000e+001,3.050500e+002,0,0,-1.000000e+000,-1.000000e+000
5.910600e+002,3.017100e+002,1,1,5.865300e+002,3.097100e+002
1.409500e+002,3.097900e+002,1,1,1.312200e+002,3.142800e+002
2.443400e+002,3.361200e+002,1,1,2.354200e+002,3.425000e+002
5.290300e+002,1.697200e+002,0,0,-1.000000e+000,-1.000000e+000
2.956400e+002,2.074500e+002,0,0,-1.000000e+000,-1.000000e+000
5.355300e+002,2.119400e+002,1,1,5.335600e+002,2.186700e+002
5.689000e+001,3.047300e+002,0,0,-1.000000e+000,-1.000000e+000
5.741300e+002,1.396300e+002,0,0,-1.000000e+000,-1.000000e+000
5.741300e+002,1.396300e+002,0,0,-1.000000e+000,-1.000000e+000
2.197600e+002,2.593900e+002,1,1,2.120900e+002,2.642100e+002
4.513000e+002,2.748900e+002,1,1,4.452200e+002,2.827500e+002
4.899300e+002,1.669300e+002,1,1,4.879300e+002,1.734800e+002
3.358800e+002,2.252200e+002,1,1,3.278200e+002,2.300900e+002
4.992200e+002,4.001800e+002,0,0,-1.000000e+000,-1.000000e+000
3.395800e+002,2.256400e+002,0,0,-1.000000e+000,-1.000000e+000
2.903000e+002,3.027500e+002,1,1,2.829200e+002,3.088100e+002
1.578700e+002,3.390200e+002,1,0,1.405500e+002,3.542100e+002