5.648900e+002,7.490000e+000,0,0,-1.000000e+000,-1.000000e+000
5.201400e+002,4.832000e+001,0,0,-1.000000e+000,-1.000000e+000
5.254200e+002,5.531000e+001,0,0,-1.000000e+000,-1.000000e+000
5.145000e+002,5.599000e+001,0,0,-1.000000e+000,-1.000000e+000
1.507400e+002,8.800000e+001,0,0,-1.000000e+000,-1.000000e+000
1.556900e+002,9.363000e+001,0,0,-1.000000e+000,-1.000000e+000
1.533100e+002,9.616000e+001,0,0,-1.000000e+000,-1.000000e+000
1.549000e+002,1.120600e+002,0,0,-1.000000e+000,-1.000000e+000
5.627900e+002,1.191800e+002,0,0,-1.000000e+000,-1.000000e+000
5.432400e+002,1.218400e+002,0,0,-1.000000e+000,-1.000000e+000
5.432400e+002,1.218400e+002,0,0,-1.000000e+000,-1.000000e+000
5.384400e+002,1.224000e+002,0,0,-1.000000e+000,-1.000000e+000
4.938100e+002,1.235000e+002,0,0,-1.000000e+000,-1.000000e+000
5.007300e+002,1.237200e+002,0,0,-1.000000e+000,-1.000000e+000
5.258800e+002,1.236900e+002,0,0,-1.000000e+000,-1.000000e+000
5.258800e+002,1.236900e+002,0,0,-1.000000e+000,-1.000000e+000
5.041500e+002,1.265400e+002,0,0,-1.000000e+000,-1.000000e+000
5.041500e+002,1.265400e+002,0,0,-1.000000e+000,-1.000000e+000
4.189300e+002,1.267600e+002,0,0,-1.000000e+000,-1.000000e+000
1.564000e+002,1.286300e+002,0,0,-1.000000e+000,-1.000000e+000
5.101100e+002,1.284300e+002,0,0,-1.000000e+000,-1.000000e+000
4.199600e+002,1.293000e+002,0,0,-1.000000e+000,-1.000000e+000
3.515500e+002,1.321200e+002,0,0,-1.000000e+000,-1.000000e+000
1.597600e+002,1.356100e+002,0,0,-1.000000e+000,-1.000000e+000
2.974900e+002,1.383500e+002,0,0,-1.000000e+000,-1.000000e+000
2.955600e+002,1.413800e+002,0,0,-1.000000e+000,-1.000000e+000
2.623000e+002,1.427700e+002,1,0,2.848700e+002,1.372000e+002
2.323900e+002,1.463300e+002,0,0,-1.000000e+000,-1.000000e+000
2.482000e+002,1.469400e+002,0,0,-1.000000e+000,-1.000000e+000
4.009200e+002,1.470100e+002,0,0,-1.000000e+000,-1.000000e+000
2.613300e+002,1.482800e+002,1,1,2.683800e+002,1.439600e+002
3.649500e+002,1.505800e+002,0,0,-1.000000e+000,-1.000000e+000
2.082700e+002,1.518500e+002,0,0,-1.000000e+000,-1.000000e+000
6.169900e+002,1.528000e+002,0,0,-1.000000e+000,-1.000000e+000
2.724800e+002,1.690100e+002,0,0,-1.000000e+000,-1.000000e+000
6.276700e+002,1.697100e+002,0,0,-1.000000e+000,-1.000000e+000
5.969200e+002,1.705500e+002,0,0,-1.000000e+000,-1.000000e+000
6.048100e+002,1.721500e+002,0,0,-1.000000e+000,-1.000000e+000
5.959400e+002,1.730500e+002,0,0,-1.000000e+000,-1.000000e+000
6.027100e+002,1.771000e+002,1,1,6.149800e+002,1.829600e+002
6.361600e+002,1.771500e+002,0,0,-1.000000e+000,-1.000000e+000
1.866800e+002,1.881100e+002,1,0,2.007200e+002,2.261300e+002
3.936300e+002,1.877900e+002,0,0,-1.000000e+000,-1.000000e+000
1.670700e+002,2.055900e+002,0,0,-1.000000e+000,-1.000000e+000
4.689800e+002,2.083300e+002,0,0,-1.000000e+000,-1.000000e+000
1.675100e+002,2.117400e+002,0,0,-1.000000e+000,-1.000000e+000
4.714800e+002,2.113500e+002,0,0,-1.000000e+000,-1.000000e+000
1.999100e+002,2.145300e+002,0,0,-1.000000e+000,-1.000000e+000
2.031700e+002,2.202200e+002,0,0,-1.000000e+000,-1.000000e+000
2.031700e+002,2.202200e+002,0,0,-1.000000e+000,-1.000000e+000
2.930900e+002,2.211600e+002,1,0,3.026600e+002,2.507400e+002
2.509900e+002,2.266700e+002,0,0,-1.000000e+000,-1.000000e+000
2.228100e+002,2.279600e+002,0,0,-1.000000e+000,-1.000000e+000
1.671800e+002,2.323500e+002,0,0,-1.000000e+000,-1.000000e+000
5.052500e+002,2.326900e+002,0,0,-1.000000e+000,-1.000000e+000
5.751100e+002,2.342400e+002,0,0,-1.000000e+000,-1.000000e+000
1.656900e+002,2.352600e+002,0,0,-1.000000e+000,-1.000000e+000
5.087300e+002,2.356200e+002,0,0,-1.000000e+000,-1.000000e+000
1.400800e+002,2.367600e+002,0,0,-1.000000e+000,-1.000000e+000
2.952700e+002,2.372900e+002,0,0,-1.000000e+000,-1.000000e+000
1.665400e+002,2.378500e+002,0,0,-1.000000e+000,-1.000000e+000
1.547600e+002,2.399500e+002,1,1,1.564200e+002,2.331100e+002
1.493700e+002,2.404700e+002,0,0,-1.000000e+000,-1.000000e+000
2.820600e+002,2.411000e+002,0,0,-1.000000e+000,-1.000000e+000
2.705900e+002,2.420700e+002,0,0,-1.000000e+000,-1.000000e+000
2.973500e+002,2.431000e+002,0,0,-1.000000e+000,-1.000000e+000
6.018000e+001,2.474100e+002,0,0,-1.000000e+000,-1.000000e+000
4.971000e+002,2.476800e+002,0,0,-1.000000e+000,-1.000000e+000
4.935000e+001,2.489100e+002,0,0,-1.000000e+000,-1.000000e+000
8.279000e+001,2.502300e+002,0,0,-1.000000e+000,-1.000000e+000
2.188000e+001,2.522900e+002,1,0,6.559000e+001,2.534100e+002
1.889900e+002,2.582200e+002,1,1,1.912200e+002,2.527600e+002
3.029800e+002,2.603900e+002,0,0,-1.000000e+000,-1.000000e+000
1.893100e+002,2.611500e+002,1,0,1.940700e+002,2.540100e+002
1.893100e+002,2.611500e+002,1,0,1.940700e+002,2.540100e+002
3.075100e+002,2.671800e+002,0,0,-1.000000e+000,-1.000000e+000
1.600300e+002,2.813900e+002,0,0,-1.000000e+000,-1.000000e+000
1.600300e+002,2.813900e+002,0,0,-1.000000e+000,-1.000000e+000
3.125200e+002,2.835800e+002,1,1,3.095400e+002,2.825500e+002
1.599000e+002,2.860300e+002,0,0,-1.000000e+000,-1.000000e+000
2.911800e+002,2.858500e+002,1,1,2.913600e+002,2.833900e+002
1.491300e+002,2.895200e+002,0,0,-1.000000e+000,-1.000000e+000
1.491300e+002,2.895200e+002,0,0,-1.000000e+000,-1.000000e+000
1.549600e+002,2.896700e+002,0,0,-1.000000e+000,-1.000000e+000
1.510200e+002,2.912700e+002,0,0,-1.000000e+000,-1.000000e+000
4.962700e+002,2.920000e+002,1,0,4.595300e+002,3.016900e+002
1.487500e+002,2.924800e+002,0,0,-1.000000e+000,-1.000000e+000
4.787000e+002,2.940600e+002,0,0,-1.000000e+000,-1.000000e+000
4.590500e+002,2.943200e+002,0,0,-1.000000e+000,-1.000000e+000
4.702600e+002,2.948800e+002,0,0,-1.000000e+000,-1.000000e+000
4.643900e+002,2.959800e+002,0,0,-1.000000e+000,-1.000000e+000
4.605200e+002,2.966500e+002,0,0,-1.000000e+000,-1.000000e+000
4.552100e+002,2.972700e+002,0,0,-1.000000e+000,-1.000000e+000
1.944000e+002,2.985400e+002,0,0,-1.000000e+000,-1.000000e+000
1.730900e+002,3.015400e+002,0,0,-1.000000e+000,-1.000000e+000
1.703300e+002,3.024300e+002,0,0,-1.000000e+000,-1.000000e+000
4.489900e+002,3.023700e+002,0,0,-1.000000e+000,-1.000000e+000
1.651400e+002,3.043500e+002,0,0,-1.000000e+000,-1.000000e+000
3.599700e+002,3.049800e+002,0,0,-1.000000e+000,-1.000000e+000
1.616600e+002,3.056800e+002,0,0,-1.000000e+000,-1.000000e+000
3.254800e+002,3.066300e+002,0,0,-1.000000e+000,-1.000000e+000
4.836400e+002,3.064500e+002,0,0,-1.000000e+000,-1.000000e+000
1.173900e+002,3.069000e+002,0,0,-1.000000e+000,-1.000000e+000
1.244000e+002,3.072000e+002,0,0,-1.000000e+000,-1.000000e+000
2.097300e+002,3.070100e+002,0,0,-1.000000e+000,-1.000000e+000
2.039000e+002,3.081900e+002,0,0,-1.000000e+000,-1.000000e+000
4.847300e+002,3.091500e+002,1,0,4.843500e+002,3.147600e+002
4.847300e+002,3.091500e+002,0,0,-1.000000e+000,-1.000000e+000
8.832000e+001,3.142300e+002,0,0,-1.000000e+000,-1.000000e+000
1.239300e+002,3.138700e+002,0,0,-1.000000e+000,-1.000000e+000
1.239300e+002,3.138700e+002,0,0,-1.000000e+000,-1.000000e+000
5.029000e+002,3.144000e+002,0,0,-1.000000e+000,-1.000000e+000
5.029000e+002,3.144000e+002,0,0,-1.000000e+000,-1.000000e+000
5.219800e+002,3.159100e+002,0,0,-1.000000e+000,-1.000000e+000
2.134900e+002,3.195300e+002,1,1,2.100000e+002,3.146100e+002
1.001400e+002,3.205200e+002,0,0,-1.000000e+000,-1.000000e+000
3.509300e+002,3.209500e+002,1,1,3.469400e+002,3.213400e+002
6.265000e+001,3.229700e+002,0,0,-1.000000e+000,-1.000000e+000
1.446300e+002,3.255100e+002,0,0,-1.000000e+000,-1.000000e+000
5.163800e+002,3.259600e+002,0,0,-1.000000e+000,-1.000000e+000
5.316000e+001,3.279800e+002,0,0,-1.000000e+000,-1.000000e+000
8.057000e+001,3.281700e+002,0,0,-1.000000e+000,-1.000000e+000
1.351600e+002,3.292400e+002,0,0,-1.000000e+000,-1.000000e+000
2.255900e+002,3.301600e+002,0,0,-1.000000e+000,-1.000000e+000
4.314000e+001,3.310700e+002,0,0,-1.000000e+000,-1.000000e+000
1.490100e+002,3.322400e+002,0,0,-1.000000e+000,-1.000000e+000
1.980300e+002,3.319500e+002,1,0,1.995400e+002,3.548900e+002
4.021000e+001,3.322300e+002,0,0,-1.000000e+000,-1.000000e+000
2.518000e+001,3.346200e+002,0,0,-1.000000e+000,-1.000000e+000
2.410000e+002,3.364400e+002,0,0,-1.000000e+000,-1.000000e+000
1.254200e+002,3.381500e+002,0,0,-1.000000e+000,-1.000000e+000
5.395900e+002,3.379400e+002,0,0,-1.000000e+000,-1.000000e+000
5.113000e+002,3.385900e+002,0,0,-1.000000e+000,-1.000000e+000
1.125000e+001,3.424300e+002,0,0,-1.000000e+000,-1.000000e+000
4.864300e+002,3.426800e+002,0,0,-1.000000e+000,-1.000000e+000
3.748000e+001,3.449400e+002,1,1,3.386000e+001,3.352400e+002
2.778600e+002,3.454200e+002,0,0,-1.000000e+000,-1.000000e+000
1.345100e+002,3.465500e+002,0,0,-1.000000e+000,-1.000000e+000
1.723200e+002,3.475300e+002,0,0,-1.000000e+000,-1.000000e+000
9.228000e+001,3.489700e+002,0,0,-1.000000e+000,-1.000000e+000
2.888600e+002,3.494900e+002,0,0,-1.000000e+000,-1.000000e+000
2.888600e+002,3.494900e+002,0,0,-1.000000e+000,-1.000000e+000
1.341900e+002,3.499800e+002,0,0,-1.000000e+000,-1.000000e+000
1.625200e+002,3.516800e+002,0,0,-1.000000e+000,-1.000000e+000
5.534000e+002,3.529600e+002,1,0,5.874000e+002,4.003300e+002
1.361900e+002,3.539700e+002,0,0,-1.000000e+000,-1.000000e+000
7.099000e+001,3.544000e+002,0,0,-1.000000e+000,-1.000000e+000
7.099000e+001,3.544000e+002,0,0,-1.000000e+000,-1.000000e+000
1.381900e+002,3.567200e+002,0,0,-1.000000e+000,-1.000000e+000
6.017000e+001,3.585700e+002,0,0,-1.000000e+000,-1.000000e+000
3.113800e+002,3.594800e+002,0,0,-1.000000e+000,-1.000000e+000
1.175200e+002,3.617300e+002,1,1,1.121000e+002,3.541900e+002
1.857100e+002,3.616000e+002,0,0,-1.000000e+000,-1.000000e+000
3.112600e+002,3.620500e+002,1,1,3.069700e+002,3.615500e+002
2.050200e+002,3.625000e+002,0,0,-1.000000e+000,-1.000000e+000
5.626500e+002,3.626500e+002,0,0,-1.000000e+000,-1.000000e+000
3.269200e+002,3.631900e+002,0,0,-1.000000e+000,-1.000000e+000
1.280100e+002,3.651600e+002,0,0,-1.000000e+000,-1.000000e+000
5.724500e+002,3.654800e+002,0,0,-1.000000e+000,-1.000000e+000
5.656200e+002,3.659300e+002,0,0,-1.000000e+000,-1.000000e+000
2.565900e+002,3.715300e+002,1,0,2.709100e+002,3.719000e+002
5.712300e+002,3.716500e+002,0,0,-1.000000e+000,-1.000000e+000
2.122100e+002,3.766600e+002,0,0,-1.000000e+000,-1.000000e+000
1.505400e+002,3.769300e+002,0,0,-1.000000e+000,-1.000000e+000
5.765800e+002,3.773500e+002,0,0,-1.000000e+000,-1.000000e+000
2.315000e+001,3.830800e+002,0,0,-1.000000e+000,-1.000000e+000
5.859900e+002,3.875800e+002,0,0,-1.000000e+000,-1.000000e+000
5.884500e+002,3.901000e+002,0,0,-1.000000e+000,-1.000000e+000
6.164000e+001,3.916400e+002,0,0,-1.000000e+000,-1.000000e+000
6.164000e+001,3.916400e+002,0,0,-1.000000e+000,-1.000000e+000
6.000300e+002,3.939900e+002,0,0,-1.000000e+000,-1.000000e+000
5.935900e+002,3.954600e+002,0,0,-1.000000e+000,-1.000000e+000
6.021400e+002,3.962600e+002,0,0,-1.000000e+000,-1.000000e+000
4.748000e+001,3.969800e+002,0,0,-1.000000e+000,-1.000000e+000
4.748000e+001,3.969800e+002,0,0,-1.000000e+000,-1.000000e+000
6.053700e+002,3.996700e+002,0,0,-1.000000e+000,-1.000000e+000
5.994200e+002,4.016900e+002,0,0,-1.000000e+000,-1.000000e+000
5.793500e+002,4.226200e+002,0,0,-1.000000e+000,-1.000000e+000
5.590800e+002,4.253400e+002,0,0,-1.000000e+000,-1.000000e+000
5.121400e+002,4.403600e+002,0,0,-1.000000e+000,-1.000000e+000
4.970000e+002,4.444700e+002,0,0,-1.000000e+000,-1.000000e+000
4.699800e+002,4.514500e+002,0,0,-1.000000e+000,-1.000000e+000
1.587200e+002,1.211000e+002,1,0,1.097800e+002,8.359000e+001
5.493000e+002,1.209800e+002,0,0,-1.000000e+000,-1.000000e+000
5.493000e+002,1.209800e+002,0,0,-1.000000e+000,-1.000000e+000
5.147800e+002,1.251900e+002,0,0,-1.000000e+000,-1.000000e+000
5.102300e+002,1.255200e+002,0,0,-1.000000e+000,-1.000000e+000
5.560600e+002,1.444100e+002,0,0,-1.000000e+000,-1.000000e+000
2.600600e+002,1.456500e+002,0,0,-1.000000e+000,-1.000000e+000
4.863500e+002,1.488000e+002,0,0,-1.000000e+000,-1.000000e+000
1.757700e+002,1.563900e+002,0,0,-1.000000e+000,-1.000000e+000
5.906300e+002,1.661300e+002,1,1,6.001200e+002,1.700600e+002
6.043900e+002,1.747600e+002,0,0,-1.000000e+000,-1.000000e+000
2.590900e+002,1.754800e+002,0,0,-1.000000e+000,-1.000000e+000
1.952700e+002,1.873800e+002,0,0,-1.000000e+000,-1.000000e+000
1.625800e+002,1.909600e+002,0,0,-1.000000e+000,-1.000000e+000
2.822800e+002,1.982200e+002,1,1,2.856500e+002,1.950600e+002
1.634900e+002,2.005200e+002,0,0,-1.000000e+000,-1.000000e+000
4.801300e+002,2.111700e+002,0,0,-1.000000e+000,-1.000000e+000
6.353100e+002,2.224600e+002,0,0,-1.000000e+000,-1.000000e+000
2.427200e+002,2.251100e+002,0,0,-1.000000e+000,-1.000000e+000
2.815900e+002,2.285000e+002,1,1,2.852600e+002,2.253900e+002
2.762900e+002,2.291600e+002,0,0,-1.000000e+000,-1.000000e+000
2.673600e+002,2.299200e+002,0,0,-1.000000e+000,-1.000000e+000
2.673600e+002,2.299200e+002,0,0,-1.000000e+000,-1.000000e+000
4.879400e+002,2.367600e+002,0,0,-1.000000e+000,-1.000000e+000
1.794800e+002,2.429900e+002,0,0,-1.000000e+000,-1.000000e+000
1.794800e+002,2.429900e+002,0,0,-1.000000e+000,-1.000000e+000
3.028900e+002,2.517200e+002,0,0,-1.000000e+000,-1.000000e+000
5.321000e+002,2.552800e+002,0,0,-1.000000e+000,-1.000000e+000
5.044000e+002,2.573400e+002,0,0,-1.000000e+000,-1.000000e+000
5.083400e+002,2.577600e+002,0,0,-1.000000e+000,-1.000000e+000
6.097400e+002,2.646400e+002,0,0,-1.000000e+000,-1.000000e+000
3.138900e+002,2.872500e+002,0,0,-1.000000e+000,-1.000000e+000
4.832000e+002,2.938200e+002,0,0,-1.000000e+000,-1.000000e+000
1.341500e+002,2.949300e+002,0,0,-1.000000e+000,-1.000000e+000
1.337700e+002,2.983400e+002,0,0,-1.000000e+000,-1.000000e+000
1.602300e+002,3.034600e+002,0,0,-1.000000e+000,-1.000000e+000
1.602300e+002,3.034600e+002,0,0,-1.000000e+000,-1.000000e+000
3.764500e+002,3.046200e+002,1,1,3.733100e+002,3.059800e+002
2.075900e+002,3.051100e+002,0,0,-1.000000e+000,-1.000000e+000
2.133000e+002,3.054300e+002,0,0,-1.000000e+000,-1.000000e+000
1.505400e+002,3.158800e+002,0,0,-1.000000e+000,-1.000000e+000
1.505400e+002,3.158800e+002,0,0,-1.000000e+000,-1.000000e+000
2.054400e+002,3.175700e+002,0,0,-1.000000e+000,-1.000000e+000
1.408500e+002,3.191100e+002,0,0,-1.000000e+000,-1.000000e+000
1.408500e+002,3.191100e+002,0,0,-1.000000e+000,-1.000000e+000
1.117400e+002,3.218800e+002,1,1,1.090300e+002,3.149000e+002
1.316000e+002,3.229600e+002,0,0,-1.000000e+000,-1.000000e+000
1.316000e+002,3.229600e+002,0,0,-1.000000e+000,-1.000000e+000
9.048000e+001,3.243400e+002,0,0,-1.000000e+000,-1.000000e+000
9.048000e+001,3.243400e+002,0,0,-1.000000e+000,-1.000000e+000
1.058100e+002,3.281100e+002,0,0,-1.000000e+000,-1.000000e+000
7.893000e+001,3.312500e+002,1,1,7.556000e+001,3.224800e+002
1.611000e+002,3.315200e+002,0,0,-1.000000e+000,-1.000000e+000
9.592000e+001,3.318700e+002,0,0,-1.000000e+000,-1.000000e+000
6.584000e+001,3.336600e+002,0,0,-1.000000e+000,-1.000000e+000
6.584000e+001,3.336600e+002,0,0,-1.000000e+000,-1.000000e+000
1.641700e+002,3.351700e+002,0,0,-1.000000e+000,-1.000000e+000
9.755000e+001,3.360300e+002,0,0,-1.000000e+000,-1.000000e+000
9.755000e+001,3.360300e+002,0,0,-1.000000e+000,-1.000000e+000
2.613000e+001,3.376400e+002,0,0,-1.000000e+000,-1.000000e+000
5.513000e+001,3.373200e+002,0,0,-1.000000e+000,-1.000000e+000
5.513000e+001,3.373200e+002,0,0,-1.000000e+000,-1.000000e+000
1.378900e+002,3.384200e+002,0,0,-1.000000e+000,-1.000000e+000
1.415700e+002,3.386100e+002,0,0,-1.000000e+000,-1.000000e+000
1.415700e+002,3.386100e+002,0,0,-1.000000e+000,-1.000000e+000
8.752000e+001,3.400700e+002,1,1,8.322000e+001,3.309300e+002
8.752000e+001,3.400700e+002,1,1,8.322000e+001,3.309300e+002
4.453000e+001,3.412200e+002,0,0,-1.000000e+000,-1.000000e+000
4.453000e+001,3.412200e+002,0,0,-1.000000e+000,-1.000000e+000
1.447900e+002,3.429200e+002,0,0,-1.000000e+000,-1.000000e+000
1.142200e+002,3.439800e+002,0,0,-1.000000e+000,-1.000000e+000
1.804500e+002,3.447600e+002,0,0,-1.000000e+000,-1.000000e+000
3.442000e+001,3.455500e+002,0,0,-1.000000e+000,-1.000000e+000
3.442000e+001,3.455500e+002,0,0,-1.000000e+000,-1.000000e+000
3.196000e+001,3.487800e+002,1,1,2.795000e+001,3.385000e+002
3.196000e+001,3.487800e+002,0,0,-1.000000e+000,-1.000000e+000
1.369000e+002,3.499600e+002,0,0,-1.000000e+000,-1.000000e+000
1.764000e+001,3.511500e+002,0,0,-1.000000e+000,-1.000000e+000
1.764000e+001,3.511500e+002,0,0,-1.000000e+000,-1.000000e+000
6.580000e+000,3.551900e+002,0,0,-1.000000e+000,-1.000000e+000
6.580000e+000,3.551900e+002,0,0,-1.000000e+000,-1.000000e+000
1.110200e+002,3.575900e+002,1,1,1.058900e+002,3.499900e+002
1.394100e+002,3.588900e+002,1,1,1.340300e+002,3.520000e+002
2.954000e+001,3.620000e+002,0,0,-1.000000e+000,-1.000000e+000
2.954000e+001,3.620000e+002,0,0,-1.000000e+000,-1.000000e+000
1.229800e+002,3.617800e+002,0,0,-1.000000e+000,-1.000000e+000
7.907000e+001,3.629500e+002,1,1,7.409000e+001,3.548600e+002
5.034000e+001,3.642600e+002,0,0,-1.000000e+000,-1.000000e+000
5.034000e+001,3.642600e+002,0,0,-1.000000e+000,-1.000000e+000
6.713000e+001,3.650700e+002,0,0,-1.000000e+000,-1.000000e+000
6.713000e+001,3.650700e+002,0,0,-1.000000e+000,-1.000000e+000
3.174200e+002,3.667900e+002,0,0,-1.000000e+000,-1.000000e+000
1.052000e+002,3.686300e+002,1,1,9.907000e+001,3.606800e+002
1.706500e+002,3.685000e+002,0,0,-1.000000e+000,-1.000000e+000
5.612000e+001,3.689500e+002,0,0,-1.000000e+000,-1.000000e+000
1.034100e+002,3.720900e+002,0,0,-1.000000e+000,-1.000000e+000
9.750000e+001,3.729600e+002,1,1,9.143000e+001,3.654800e+002
1.647000e+001,3.760100e+002,0,0,-1.000000e+000,-1.000000e+000
1.647000e+001,3.760100e+002,0,0,-1.000000e+000,-1.000000e+000
5.524000e+001,3.791700e+002,0,0,-1.000000e+000,-1.000000e+000
5.524000e+001,3.791700e+002,0,0,-1.000000e+000,-1.000000e+000
7.771000e+001,3.801800e+002,0,0,-1.000000e+000,-1.000000e+000
4.378000e+001,3.830500e+002,0,0,-1.000000e+000,-1.000000e+000
5.848000e+001,3.856500e+002,0,0,-1.000000e+000,-1.000000e+000
1.107000e+001,3.861800e+002,0,0,-1.000000e+000,-1.000000e+000
1.107000e+001,3.861800e+002,0,0,-1.000000e+000,-1.000000e+000
6.393000e+001,3.859200e+002,1,1,5.721000e+001,3.771700e+002
5.694700e+002,4.254900e+002,0,0,-1.000000e+000,-1.000000e+000
4.221000e+002,4.639200e+002,0,0,-1.000000e+000,-1.000000e+000
1.625900e+002,7.588000e+001,0,0,-1.000000e+000,-1.000000e+000
1.037600e+002,7.692000e+001,0,0,-1.000000e+000,-1.000000e+000
4.825600e+002,9.376000e+001,0,0,-1.000000e+000,-1.000000e+000
4.774700e+002,1.056100e+002,0,0,-1.000000e+000,-1.000000e+000
5.695200e+002,1.525000e+002,0,0,-1.000000e+000,-1.000000e+000
1.748200e+002,1.527900e+002,0,0,-1.000000e+000,-1.000000e+000
3.656400e+002,1.534300e+002,0,0,-1.000000e+000,-1.000000e+000
4.253700e+002,1.598900e+002,0,0,-1.000000e+000,-1.000000e+000
5.928500e+002,1.667000e+002,0,0,-1.000000e+000,-1.000000e+000
3.677400e+002,1.865900e+002,0,0,-1.000000e+000,-1.000000e+000
2.838100e+002,2.035000e+002,0,0,-1.000000e+000,-1.000000e+000
2.341800e+002,2.262900e+002,1,1,2.391100e+002,2.217600e+002
2.573800e+002,2.267500e+002,0,0,-1.000000e+000,-1.000000e+000
2.637000e+002,2.300900e+002,0,0,-1.000000e+000,-1.000000e+000
2.742100e+002,2.330300e+002,0,0,-1.000000e+000,-1.000000e+000
5.139100e+002,2.405600e+002,0,0,-1.000000e+000,-1.000000e+000
5.394900e+002,2.492300e+002,0,0,-1.000000e+000,-1.000000e+000
5.347100e+002,2.588800e+002,0,0,-1.000000e+000,-1.000000e+000
5.122500e+002,2.621300e+002,0,0,-1.000000e+000,-1.000000e+000
5.270700e+002,2.948300e+002,0,0,-1.000000e+000,-1.000000e+000
2.011700e+002,2.953400e+002,0,0,-1.000000e+000,-1.000000e+000
1.938400e+002,3.027600e+002,0,0,-1.000000e+000,-1.000000e+000
3.492000e+002,3.144600e+002,0,0,-1.000000e+000,-1.000000e+000
3.394100e+002,3.212100e+002,1,1,3.349900e+002,3.212600e+002
1.587500e+002,3.277700e+002,0,0,-1.000000e+000,-1.000000e+000
1.587500e+002,3.277700e+002,0,0,-1.000000e+000,-1.000000e+000
7.005000e+001,3.332200e+002,1,1,6.714000e+001,3.243200e+002
1.076500e+002,3.324600e+002,0,0,-1.000000e+000,-1.000000e+000
1.076500e+002,3.324600e+002,0,0,-1.000000e+000,-1.000000e+000
1.166400e+002,3.391500e+002,1,1,1.125200e+002,3.320200e+002
1.512500e+002,3.411200e+002,1,1,1.474200e+002,3.350700e+002
1.741500e+002,3.410600e+002,1,1,1.702000e+002,3.359000e+002
6.012000e+001,3.451400e+002,0,0,-1.000000e+000,-1.000000e+000
1.569800e+002,3.481900e+002,0,0,-1.000000e+000,-1.000000e+000
6.212000e+001,3.499200e+002,0,0,-1.000000e+000,-1.000000e+000
6.212000e+001,3.499200e+002,0,0,-1.000000e+000,-1.000000e+000
5.128000e+001,3.538000e+002,0,0,-1.000000e+000,-1.000000e+000
5.128000e+001,3.538000e+002,0,0,-1.000000e+000,-1.000000e+000
4.063000e+001,3.579500e+002,0,0,-1.000000e+000,-1.000000e+000
1.258600e+002,3.601200e+002,0,0,-1.000000e+000,-1.000000e+000
1.859000e+001,3.665400e+002,0,0,-1.000000e+000,-1.000000e+000
1.859000e+001,3.665400e+002,0,0,-1.000000e+000,-1.000000e+000
3.945000e+001,3.685100e+002,0,0,-1.000000e+000,-1.000000e+000
3.945000e+001,3.685100e+002,0,0,-1.000000e+000,-1.000000e+000
7.310000e+000,3.707900e+002,0,0,-1.000000e+000,-1.000000e+000
7.310000e+000,3.707900e+002,0,0,-1.000000e+000,-1.000000e+000
6.669000e+001,3.753100e+002,1,1,6.066000e+001,3.668500e+002
6.669000e+001,3.753100e+002,1,1,6.066000e+001,3.668500e+002
8.678000e+001,3.752200e+002,0,0,-1.000000e+000,-1.000000e+000
8.678000e+001,3.752200e+002,0,0,-1.000000e+000,-1.000000e+000
3.460000e+001,3.784200e+002,0,0,-1.000000e+000,-1.000000e+000
4.880000e+000,3.803000e+002,0,0,-1.000000e+000,-1.000000e+000
4.880000e+000,3.803000e+002,0,0,-1.000000e+000,-1.000000e+000
3.316000e+001,3.884600e+002,0,0,-1.000000e+000,-1.000000e+000
3.316000e+001,3.884600e+002,1,1,2.655000e+001,3.788500e+002
4.533000e+001,3.924800e+002,1,1,3.842000e+001,3.827100e+002
4.533000e+001,3.924800e+002,1,1,3.842000e+001,3.827100e+002
2.157000e+001,3.930700e+002,0,0,-1.000000e+000,-1.000000e+000
2.157000e+001,3.930700e+002,0,0,-1.000000e+000,-1.000000e+000
1.021000e+001,3.982300e+002,0,0,-1.000000e+000,-1.000000e+000
1.021000e+001,3.982300e+002,0,0,-1.000000e+000,-1.000000e+000
1.021000e+001,3.982300e+002,0,0,-1.000000e+000,-1.000000e+000
6.068700e+002,4.112100e+002,0,0,-1.000000e+000,-1.000000e+000
6.068700e+002,4.112100e+002,0,0,-1.000000e+000,-1.000000e+000
4.830100e+002,5.938000e+001,0,0,-1.000000e+000,-1.000000e+000
5.496200e+002,1.460400e+002,1,1,5.618100e+002,1.525900e+002
3.683400e+002,1.861300e+002,0,0,-1.000000e+000,-1.000000e+000
2.608000e+002,2.219200e+002,1,1,2.653800e+002,2.183300e+002
2.608000e+002,2.219200e+002,0,0,-1.000000e+000,-1.000000e+000
2.571900e+002,2.271800e+002,0,0,-1.000000e+000,-1.000000e+000
2.397200e+002,2.292400e+002,0,0,-1.000000e+000,-1.000000e+000
6.187000e+002,2.299600e+002,0,0,-1.000000e+000,-1.000000e+000
5.191700e+002,2.397000e+002,0,0,-1.000000e+000,-1.000000e+000
5.690000e+001,2.600700e+002,0,0,-1.000000e+000,-1.000000e+000
5.544400e+002,2.758300e+002,0,0,-1.000000e+000,-1.000000e+000
5.544400e+002,2.758300e+002,0,0,-1.000000e+000,-1.000000e+000
2.612400e+002,2.859100e+002,0,0,-1.000000e+000,-1.000000e+000
1.097600e+002,2.903600e+002,1,0,1.115100e+002,2.823400e+002
2.015900e+002,2.949300e+002,0,0,-1.000000e+000,-1.000000e+000
3.428000e+002,3.139200e+002,1,1,3.390700e+002,3.141900e+002
3.496100e+002,3.147100e+002,0,0,-1.000000e+000,-1.000000e+000
1.461600e+002,3.178900e+002,0,0,-1.000000e+000,-1.000000e+000
1.366800e+002,3.215300e+002,1,0,1.434800e+002,3.117200e+002
1.600400e+002,3.218100e+002,1,1,1.567900e+002,3.154100e+002
1.505900e+002,3.240000e+002,0,0,-1.000000e+000,-1.000000e+000
1.640500e+002,3.272700e+002,1,1,1.608300e+002,3.216300e+002
1.413500e+002,3.282700e+002,1,1,1.380100e+002,3.216100e+002
1.413500e+002,3.282700e+002,1,1,1.380100e+002,3.216100e+002
1.309100e+002,3.313600e+002,1,1,1.273500e+002,3.242800e+002
1.309100e+002,3.313600e+002,1,1,1.273500e+002,3.242800e+002
1.556800e+002,3.311700e+002,1,1,1.519000e+002,3.249300e+002
1.458800e+002,3.354700e+002,1,1,1.419400e+002,3.289700e+002
1.458800e+002,3.354700e+002,1,1,1.419400e+002,3.289700e+002
6.084000e+001,3.360100e+002,1,1,5.735000e+001,3.273200e+002
6.084000e+001,3.360100e+002,1,1,5.735000e+001,3.273200e+002
1.602500e+002,3.371800e+002,1,1,1.563500e+002,3.313800e+002
1.602500e+002,3.371800e+002,1,1,1.563500e+002,3.313800e+002
1.359900e+002,3.384100e+002,1,1,1.319400e+002,3.318300e+002
1.359900e+002,3.384100e+002,1,1,1.319400e+002,3.318300e+002
5.063000e+001,3.399300e+002,1,1,4.675000e+001,3.307200e+002
5.063000e+001,3.399300e+002,0,0,-1.000000e+000,-1.000000e+000
1.074400e+002,3.414200e+002,1,1,1.031600e+002,3.341400e+002
1.074400e+002,3.414200e+002,1,1,1.031600e+002,3.341400e+002
3.954000e+001,3.438200e+002,1,1,3.583000e+001,3.341600e+002
3.954000e+001,3.438200e+002,1,1,3.583000e+001,3.341600e+002
1.652600e+002,3.440700e+002,1,1,1.608600e+002,3.382300e+002
1.652600e+002,3.440700e+002,1,1,1.608600e+002,3.382300e+002
1.404000e+002,3.449200e+002,1,1,1.360400e+002,3.384800e+002
1.404000e+002,3.449200e+002,1,1,1.360400e+002,3.384800e+002
9.751000e+001,3.455900e+002,1,1,9.280000e+001,3.378900e+002
9.751000e+001,3.455900e+002,1,1,9.280000e+001,3.378900e+002
2.297000e+001,3.500400e+002,1,1,1.898000e+001,3.398400e+002
1.623200e+002,3.507000e+002,0,0,-1.000000e+000,-1.000000e+000
1.249000e+001,3.535500e+002,0,0,-1.000000e+000,-1.000000e+000
1.249000e+001,3.535500e+002,0,0,-1.000000e+000,-1.000000e+000
1.551000e+002,3.541700e+002,0,0,-1.000000e+000,-1.000000e+000
6.592000e+001,3.565400e+002,1,1,6.082000e+001,3.475000e+002
6.592000e+001,3.565400e+002,1,1,6.082000e+001,3.475000e+002
5.498000e+001,3.605700e+002,0,0,-1.000000e+000,-1.000000e+000
5.498000e+001,3.605700e+002,1,1,4.947000e+001,3.513900e+002
1.209000e+002,3.621000e+002,1,1,1.153800e+002,3.551000e+002
4.437000e+001,3.649900e+002,1,1,3.922000e+001,3.554100e+002
4.437000e+001,3.649900e+002,1,1,3.922000e+001,3.554100e+002
1.109900e+002,3.663400e+002,1,1,1.053500e+002,3.590000e+002
3.351000e+001,3.692500e+002,0,0,-1.000000e+000,-1.000000e+000
3.351000e+001,3.692500e+002,1,1,2.767000e+001,3.595900e+002
5.156000e+001,3.716000e+002,1,1,4.593000e+001,3.621600e+002
5.156000e+001,3.716000e+002,1,1,4.593000e+001,3.621600e+002
6.060000e+001,3.766000e+002,1,1,5.464000e+001,3.673200e+002
1.112000e+001,3.777800e+002,0,0,-1.000000e+000,-1.000000e+000
1.112000e+001,3.777800e+002,0,0,-1.000000e+000,-1.000000e+000
2.905000e+001,3.803600e+002,1,1,2.282000e+001,3.701300e+002
6.853000e+001,3.831800e+002,0,0,-1.000000e+000,-1.000000e+000
6.136000e+001,3.905500e+002,1,1,5.441000e+001,3.817000e+002
6.162800e+002,4.077400e+002,1,0,6.162700e+002,4.176700e+002
6.290600e+002,4.281800e+002,0,0,-1.000000e+000,-1.000000e+000
4.424700e+002,1.807300e+002,1,1,4.505200e+002,1.816400e+002
4.424700e+002,1.807300e+002,1,1,4.505200e+002,1.816400e+002
1.789200e+002,1.908900e+002,1,1,1.819700e+002,1.849100e+002
2.875100e+002,1.970000e+002,0,0,-1.000000e+000,-1.000000e+000
2.672000e+002,2.180400e+002,1,1,2.724000e+002,2.142800e+002
2.672000e+002,2.180400e+002,1,1,2.724000e+002,2.142800e+002
2.881100e+002,2.199500e+002,1,1,2.908100e+002,2.176600e+002
6.104500e+002,2.321100e+002,1,0,6.182600e+002,2.392900e+002
2.775500e+002,2.435100e+002,1,1,2.813700e+002,2.400000e+002
1.371100e+002,2.552800e+002,0,0,-1.000000e+000,-1.000000e+000
1.018400e+002,3.315300e+002,0,0,-1.000000e+000,-1.000000e+000
9.199000e+001,3.354300e+002,1,1,8.827000e+001,3.270600e+002
6.682000e+001,3.359800e+002,1,1,6.336000e+001,3.272900e+002
6.682000e+001,3.359800e+002,0,0,-1.000000e+000,-1.000000e+000
3.763400e+002,3.458600e+002,1,1,3.721000e+002,3.473300e+002
3.763400e+002,3.458600e+002,1,1,3.721000e+002,3.473300e+002
5.571000e+001,3.486700e+002,1,1,5.127000e+001,3.390100e+002
4.509000e+001,3.529300e+002,1,1,4.050000e+001,3.430400e+002
3.455000e+001,3.542500e+002,0,0,-1.000000e+000,-1.000000e+000
3.455000e+001,3.542500e+002,1,1,2.969000e+001,3.450100e+002
2.325000e+001,3.609700e+002,1,1,1.803000e+001,3.502800e+002
1.278100e+002,3.637400e+002,1,1,1.222800e+002,3.570400e+002
1.204000e+001,3.651600e+002,0,0,-1.000000e+000,-1.000000e+000
1.175300e+002,3.680900e+002,1,1,1.118800e+002,3.611100e+002
9.390000e+001,3.732000e+002,1,1,8.782000e+001,3.652600e+002
2.194000e+001,3.735300e+002,1,1,1.631000e+001,3.630800e+002
4.021000e+001,3.759100e+002,1,1,3.432000e+001,3.662900e+002
4.021000e+001,3.759100e+002,1,1,3.432000e+001,3.662900e+002
8.129000e+001,3.783100e+002,1,1,7.504000e+001,3.698400e+002
8.129000e+001,3.783100e+002,0,0,-1.000000e+000,-1.000000e+000
8.866000e+001,3.787400e+002,0,0,-1.000000e+000,-1.000000e+000
1.789000e+001,3.849100e+002,0,0,-1.000000e+000,-1.000000e+000
1.789000e+001,3.849100e+002,0,0,-1.000000e+000,-1.000000e+000
6.060000e+000,3.892700e+002,0,0,-1.000000e+000,-1.000000e+000
6.060000e+000,3.892700e+002,0,0,-1.000000e+000,-1.000000e+000
5.273000e+001,3.893400e+002,1,1,4.647000e+001,3.799200e+002
5.273000e+001,3.893400e+002,0,0,-1.000000e+000,-1.000000e+000
3.950000e+001,3.946100e+002,1,1,3.231000e+001,3.850300e+002
4.721000e+001,3.959000e+002,1,1,4.022000e+001,3.866700e+002
4.760100e+002,1.310500e+002,1,1,4.883400e+002,1.323000e+002
4.716500e+002,1.393500e+002,0,0,-1.000000e+000,-1.000000e+000
5.973300e+002,1.681600e+002,1,1,6.082600e+002,1.730300e+002
2.681400e+002,2.363000e+002,1,1,2.728500e+002,2.327500e+002
5.645100e+002,2.401000e+002,1,0,5.706800e+002,2.464500e+002
5.283600e+002,2.786100e+002,0,0,-1.000000e+000,-1.000000e+000
4.497800e+002,3.000100e+002,0,0,-1.000000e+000,-1.000000e+000
1.869100e+002,3.050300e+002,1,1,1.861000e+002,2.990800e+002
3.799800e+002,3.061700e+002,1,1,3.781700e+002,3.082900e+002
6.855000e+001,3.447900e+002,1,1,6.386000e+001,3.359700e+002
1.784700e+002,3.526900e+002,1,1,1.735400e+002,3.475000e+002
5.690400e+002,4.481900e+002,1,0,5.652100e+002,4.595600e+002
1.782700e+002,1.491100e+002,0,0,-1.000000e+000,-1.000000e+000
2.903100e+002,1.987800e+002,0,0,-1.000000e+000,-1.000000e+000
1.828300e+002,2.097100e+002,1,1,1.858700e+002,2.034700e+002
2.818000e+002,2.095700e+002,1,1,2.851600e+002,2.065000e+002
2.541300e+002,2.303500e+002,0,0,-1.000000e+000,-1.000000e+000
5.369400e+002,2.517500e+002,1,0,5.422500e+002,2.558000e+002
6.054200e+002,2.676900e+002,1,0,6.136900e+002,2.749100e+002
5.574100e+002,2.771700e+002,1,0,5.630200e+002,2.831900e+002
2.569700e+002,2.831400e+002,0,0,-1.000000e+000,-1.000000e+000
1.857500e+002,3.069900e+002,1,1,1.851600e+002,3.008700e+002
5.009600e+002,3.448400e+002,0,0,-1.000000e+000,-1.000000e+000
1.279800e+002,3.513700e+002,1,1,1.232000e+002,3.443800e+002
1.279800e+002,3.513700e+002,1,1,1.232000e+002,3.443800e+002
1.028700e+002,3.604100e+002,1,1,9.773000e+001,3.529800e+002
1.028700e+002,3.604100e+002,1,1,9.773000e+001,3.529800e+002
1.475000e+002,9.640000e+001,1,0,1.496400e+002,9.009000e+001
1.475000e+002,9.640000e+001,1,0,1.496400e+002,9.009000e+001
6.063600e+002,1.705200e+002,1,1,6.179100e+002,1.760100e+002
2.725900e+002,2.217300e+002,1,1,2.766400e+002,2.180900e+002
5.206100e+002,2.350300e+002,1,1,5.263800e+002,2.372400e+002
1.462800e+002,2.679900e+002,0,0,-1.000000e+000,-1.000000e+000
1.342700e+002,2.842300e+002,1,1,1.358000e+002,2.770100e+002
4.473000e+001,2.998700e+002,1,0,4.629000e+001,2.895800e+002
5.297100e+002,3.070000e+002,1,0,5.306400e+002,3.120600e+002
2.143700e+002,3.124300e+002,1,1,2.124400e+002,3.082200e+002
4.486000e+002,3.400700e+002,0,0,-1.000000e+000,-1.000000e+000
3.799200e+002,3.474100e+002,0,0,-1.000000e+000,-1.000000e+000
3.068400e+002,3.552900e+002,1,1,3.019700e+002,3.545300e+002
5.750900e+002,4.288500e+002,1,0,5.715700e+002,4.401400e+002
1.572800e+002,8.184000e+001,1,0,1.613700e+002,7.485000e+001
5.786400e+002,1.509900e+002,1,1,5.901900e+002,1.550500e+002
2.866800e+002,2.344100e+002,1,1,2.885300e+002,2.314900e+002
2.546400e+002,2.811800e+002,1,1,2.551500e+002,2.774400e+002
1.726900e+002,2.833800e+002,1,1,1.735700e+002,2.774500e+002
5.140000e+002,2.963000e+002,1,0,5.141900e+002,3.019000e+002
1.996900e+002,3.047100e+002,1,1,1.987700e+002,2.993900e+002
1.996900e+002,3.047100e+002,1,1,1.987700e+002,2.993900e+002
3.472900e+002,3.161300e+002,1,1,3.432700e+002,3.165700e+002
3.248300e+002,3.451300e+002,0,0,-1.000000e+000,-1.000000e+000
6.027400e+002,4.245800e+002,1,0,6.008500e+002,4.367200e+002
1.435800e+002,1.002500e+002,0,0,-1.000000e+000,-1.000000e+000
1.435800e+002,1.002500e+002,0,0,-1.000000e+000,-1.000000e+000
4.550700e+002,1.332300e+002,1,1,4.661200e+002,1.338000e+002
1.851500e+002,1.440800e+002,1,0,1.829600e+002,1.418800e+002
6.137800e+002,1.887700e+002,0,0,-1.000000e+000,-1.000000e+000
1.560000e+002,2.241000e+002,1,1,1.607100e+002,2.197800e+002
5.218300e+002,2.331900e+002,0,0,-1.000000e+000,-1.000000e+000
2.464400e+002,2.378400e+002,1,1,2.505400e+002,2.341600e+002
1.905000e+002,2.457000e+002,1,1,1.928300e+002,2.403000e+002
2.937100e+002,2.580500e+002,0,0,-1.000000e+000,-1.000000e+000
2.533400e+002,2.797900e+002,0,0,-1.000000e+000,-1.000000e+000
4.913400e+002,3.011200e+002,0,0,-1.000000e+000,-1.000000e+000
2.391000e+001,3.045500e+002,1,1,2.427000e+001,2.936400e+002
4.537500e+002,3.024900e+002,0,0,-1.000000e+000,-1.000000e+000
2.346400e+002,3.209100e+002,1,1,2.317000e+002,3.170700e+002
3.254800e+002,3.415100e+002,0,0,-1.000000e+000,-1.000000e+000
5.462000e+002,1.571000e+002,0,0,-1.000000e+000,-1.000000e+000
5.043000e+002,2.760500e+002,1,1,5.061900e+002,2.807100e+002
5.043000e+002,2.760500e+002,1,1,5.061900e+002,2.807100e+002
3.281200e+002,2.936100e+002,1,1,3.248600e+002,2.925300e+002
7.687000e+001,3.161000e+002,1,1,7.424000e+001,3.073600e+002
2.097100e+002,3.333500e+002,1,1,2.057400e+002,3.282400e+002
4.963500e+002,1.356100e+002,1,1,5.080300e+002,1.371100e+002
1.885600e+002,1.688300e+002,1,1,1.914100e+002,1.631700e+002
1.885600e+002,1.688300e+002,1,1,1.914100e+002,1.631700e+002
4.065600e+002,1.705300e+002,1,1,4.148100e+002,1.702900e+002
5.020300e+002,2.751100e+002,0,0,-1.000000e+000,-1.000000e+000
5.020300e+002,2.751100e+002,0,0,-1.000000e+000,-1.000000e+000
1.081600e+002,2.776800e+002,1,1,1.066600e+002,2.700100e+002
2.609800e+002,1.956300e+002,1,0,2.607400e+002,1.937000e+002
1.057700e+002,2.778500e+002,0,0,-1.000000e+000,-1.000000e+000
5.574000e+001,2.866900e+002,1,1,5.696000e+001,2.772800e+002
2.228200e+002,3.547000e+002,1,1,2.181200e+002,3.506800e+002
5.663200e+002,4.070400e+002,0,0,-1.000000e+000,-1.000000e+000
5.719100e+002,2.646800e+002,1,0,5.562000e+002,2.737900e+002
2.276800e+002,2.625000e+002,1,1,2.286200e+002,2.582600e+002
1.497100e+002,3.158900e+002,1,1,1.463900e+002,3.138500e+002
4.737000e+002,3.243000e+002,1,0,4.728900e+002,3.289200e+002
1.451600e+002,3.212400e+002,1,1,1.415200e+002,3.173900e+002
2.796400e+002,3.283900e+002,1,1,2.753000e+002,3.268000e+002
3.534000e+002,2.477300e+002,1,1,3.540700e+002,2.472100e+002