6.344600e+002,2.970000e+000,0,0,-1.000000e+000,-1.000000e+000
6.344600e+002,2.970000e+000,0,0,-1.000000e+000,-1.000000e+000
6.189300e+002,3.620000e+000,0,0,-1.000000e+000,-1.000000e+000
6.283800e+002,5.740000e+000,0,0,-1.000000e+000,-1.000000e+000
6.290200e+002,1.846000e+001,0,0,-1.000000e+000,-1.000000e+000
5.223400e+002,2.013000e+001,1,1,5.321000e+002,1.091000e+001
5.535800e+002,4.076000e+001,0,0,-1.000000e+000,-1.000000e+000
5.679600e+002,4.513000e+001,0,0,-1.000000e+000,-1.000000e+000
5.885600e+002,6.254000e+001,0,0,-1.000000e+000,-1.000000e+000
5.666300e+002,6.666000e+001,1,0,5.987400e+002,5.460000e+001
5.621500e+002,7.010000e+001,0,0,-1.000000e+000,-1.000000e+000
1.282000e+002,1.025200e+002,0,0,-1.000000e+000,-1.000000e+000
1.299100e+002,1.050600e+002,0,0,-1.000000e+000,-1.000000e+000
1.214800e+002,1.060900e+002,0,0,-1.000000e+000,-1.000000e+000
7.193000e+001,1.104600e+002,0,0,-1.000000e+000,-1.000000e+000
1.249600e+002,1.111900e+002,0,0,-1.000000e+000,-1.000000e+000
5.445000e+001,1.132500e+002,1,0,8.418000e+001,9.966000e+001
4.859100e+002,1.131800e+002,0,0,-1.000000e+000,-1.000000e+000
4.859100e+002,1.131800e+002,1,1,4.942600e+002,1.054100e+002
2.309000e+001,1.178600e+002,1,0,2.846000e+001,1.075600e+002
1.220500e+002,1.188500e+002,1,0,1.133800e+002,1.111600e+002
4.625700e+002,1.234400e+002,0,0,-1.000000e+000,-1.000000e+000
4.595000e+002,1.241900e+002,0,0,-1.000000e+000,-1.000000e+000
4.401600e+002,1.257600e+002,0,0,-1.000000e+000,-1.000000e+000
4.277200e+002,1.280300e+002,0,0,-1.000000e+000,-1.000000e+000
4.312300e+002,1.299300e+002,0,0,-1.000000e+000,-1.000000e+000
4.312300e+002,1.299300e+002,0,0,-1.000000e+000,-1.000000e+000
4.067800e+002,1.315500e+002,0,0,-1.000000e+000,-1.000000e+000
4.002800e+002,1.326000e+002,0,0,-1.000000e+000,-1.000000e+000
4.153900e+002,1.335400e+002,0,0,-1.000000e+000,-1.000000e+000
4.153900e+002,1.335400e+002,0,0,-1.000000e+000,-1.000000e+000
3.468000e+002,1.412700e+002,1,1,3.520400e+002,1.330400e+002
3.895700e+002,1.437000e+002,1,1,3.957000e+002,1.356800e+002
3.973400e+002,1.450900e+002,0,0,-1.000000e+000,-1.000000e+000
3.897300e+002,1.485100e+002,0,0,-1.000000e+000,-1.000000e+000
1.364000e+002,1.561800e+002,0,0,-1.000000e+000,-1.000000e+000
4.826000e+002,1.560700e+002,0,0,-1.000000e+000,-1.000000e+000
4.857800e+002,1.569800e+002,0,0,-1.000000e+000,-1.000000e+000
3.989200e+002,1.578100e+002,1,1,4.043300e+002,1.505400e+002
6.257700e+002,1.609200e+002,0,0,-1.000000e+000,-1.000000e+000
6.165900e+002,1.641600e+002,0,0,-1.000000e+000,-1.000000e+000
2.118300e+002,1.690700e+002,1,1,2.149000e+002,1.605500e+002
3.623000e+002,1.715300e+002,0,0,-1.000000e+000,-1.000000e+000
3.080900e+002,1.732300e+002,1,1,3.094900e+002,1.656100e+002
3.673800e+002,1.744300e+002,0,0,-1.000000e+000,-1.000000e+000
2.682500e+002,1.747100e+002,0,0,-1.000000e+000,-1.000000e+000
1.530200e+002,1.764200e+002,0,0,-1.000000e+000,-1.000000e+000
3.835800e+002,1.800400e+002,0,0,-1.000000e+000,-1.000000e+000
5.684700e+002,1.806300e+002,0,0,-1.000000e+000,-1.000000e+000
1.393900e+002,1.818600e+002,1,0,1.444700e+002,2.177800e+002
5.657800e+002,1.815000e+002,0,0,-1.000000e+000,-1.000000e+000
3.944900e+002,1.858400e+002,1,1,3.999500e+002,1.795600e+002
3.976100e+002,1.877000e+002,0,0,-1.000000e+000,-1.000000e+000
6.321600e+002,1.902700e+002,0,0,-1.000000e+000,-1.000000e+000
6.177500e+002,1.948800e+002,0,0,-1.000000e+000,-1.000000e+000
6.131300e+002,1.965200e+002,0,0,-1.000000e+000,-1.000000e+000
6.143200e+002,1.990200e+002,0,0,-1.000000e+000,-1.000000e+000
4.046300e+002,1.997100e+002,1,1,4.085200e+002,1.924000e+002
2.791200e+002,2.001200e+002,0,0,-1.000000e+000,-1.000000e+000
5.739600e+002,2.000600e+002,0,0,-1.000000e+000,-1.000000e+000
5.552000e+002,2.004900e+002,0,0,-1.000000e+000,-1.000000e+000
1.754400e+002,2.054200e+002,0,0,-1.000000e+000,-1.000000e+000
4.261900e+002,2.056800e+002,0,0,-1.000000e+000,-1.000000e+000
5.709500e+002,2.053100e+002,0,0,-1.000000e+000,-1.000000e+000
5.929200e+002,2.071000e+002,0,0,-1.000000e+000,-1.000000e+000
5.895300e+002,2.084600e+002,0,0,-1.000000e+000,-1.000000e+000
5.266800e+002,2.098600e+002,0,0,-1.000000e+000,-1.000000e+000
5.865900e+002,2.102400e+002,0,0,-1.000000e+000,-1.000000e+000
4.374700e+002,2.116800e+002,0,0,-1.000000e+000,-1.000000e+000
5.900700e+002,2.112300e+002,0,0,-1.000000e+000,-1.000000e+000
5.814200e+002,2.122500e+002,0,0,-1.000000e+000,-1.000000e+000
5.866500e+002,2.129300e+002,0,0,-1.000000e+000,-1.000000e+000
5.699600e+002,2.142200e+002,0,0,-1.000000e+000,-1.000000e+000
5.699600e+002,2.142200e+002,0,0,-1.000000e+000,-1.000000e+000
5.820600e+002,2.148600e+002,0,0,-1.000000e+000,-1.000000e+000
6.238100e+002,2.198000e+002,0,0,-1.000000e+000,-1.000000e+000
2.585400e+002,2.235600e+002,0,0,-1.000000e+000,-1.000000e+000
6.281000e+002,2.254000e+002,0,0,-1.000000e+000,-1.000000e+000
6.281000e+002,2.254000e+002,0,0,-1.000000e+000,-1.000000e+000
2.456700e+002,2.289200e+002,1,1,2.477600e+002,2.213600e+002
6.003000e+002,2.293500e+002,1,1,6.084300e+002,2.246600e+002
4.525100e+002,2.312200e+002,0,0,-1.000000e+000,-1.000000e+000
2.654200e+002,2.315700e+002,0,0,-1.000000e+000,-1.000000e+000
4.485000e+002,2.313400e+002,0,0,-1.000000e+000,-1.000000e+000
1.587900e+002,2.339600e+002,0,0,-1.000000e+000,-1.000000e+000
1.587900e+002,2.339600e+002,0,0,-1.000000e+000,-1.000000e+000
2.694200e+002,2.360300e+002,0,0,-1.000000e+000,-1.000000e+000
6.339100e+002,2.360800e+002,0,0,-1.000000e+000,-1.000000e+000
6.339100e+002,2.360800e+002,0,0,-1.000000e+000,-1.000000e+000
4.576000e+002,2.378800e+002,0,0,-1.000000e+000,-1.000000e+000
5.319500e+002,2.380600e+002,0,0,-1.000000e+000,-1.000000e+000
1.485200e+002,2.398100e+002,0,0,-1.000000e+000,-1.000000e+000
2.142800e+002,2.421600e+002,1,1,2.168800e+002,2.347100e+002
2.281800e+002,2.434700e+002,1,1,2.307100e+002,2.359800e+002
6.199300e+002,2.434800e+002,0,0,-1.000000e+000,-1.000000e+000
6.199300e+002,2.434800e+002,0,0,-1.000000e+000,-1.000000e+000
2.785400e+002,2.465900e+002,0,0,-1.000000e+000,-1.000000e+000
6.190900e+002,2.466300e+002,0,0,-1.000000e+000,-1.000000e+000
4.752400e+002,2.506600e+002,0,0,-1.000000e+000,-1.000000e+000
2.324100e+002,2.519900e+002,0,0,-1.000000e+000,-1.000000e+000
1.607900e+002,2.522800e+002,1,1,1.619900e+002,2.445600e+002
2.928400e+002,2.589400e+002,0,0,-1.000000e+000,-1.000000e+000
4.707500e+002,2.622100e+002,0,0,-1.000000e+000,-1.000000e+000
4.679500e+002,2.629800e+002,0,0,-1.000000e+000,-1.000000e+000
2.964300e+002,2.671500e+002,1,0,3.014800e+002,2.660800e+002
2.548400e+002,2.698700e+002,0,0,-1.000000e+000,-1.000000e+000
2.572400e+002,2.732100e+002,0,0,-1.000000e+000,-1.000000e+000
1.052700e+002,2.775700e+002,1,1,1.064200e+002,2.696000e+002
1.646800e+002,2.774900e+002,1,1,1.644200e+002,2.714400e+002
1.646800e+002,2.774900e+002,1,1,1.644200e+002,2.714400e+002
4.251300e+002,2.781300e+002,1,1,4.278200e+002,2.734900e+002
2.617700e+002,2.794900e+002,0,0,-1.000000e+000,-1.000000e+000
3.088200e+002,2.813800e+002,0,0,-1.000000e+000,-1.000000e+000
2.609700e+002,2.819200e+002,0,0,-1.000000e+000,-1.000000e+000
7.141000e+001,2.836000e+002,0,0,-1.000000e+000,-1.000000e+000
7.854000e+001,2.844100e+002,1,0,3.542000e+001,2.871300e+002
2.663800e+002,2.852800e+002,0,0,-1.000000e+000,-1.000000e+000
4.774800e+002,2.861400e+002,0,0,-1.000000e+000,-1.000000e+000
5.987000e+001,2.865400e+002,0,0,-1.000000e+000,-1.000000e+000
2.651400e+002,2.880100e+002,0,0,-1.000000e+000,-1.000000e+000
1.426300e+002,2.957900e+002,0,0,-1.000000e+000,-1.000000e+000
1.426300e+002,2.957900e+002,0,0,-1.000000e+000,-1.000000e+000
3.455800e+002,2.976900e+002,0,0,-1.000000e+000,-1.000000e+000
1.271000e+001,3.004300e+002,0,0,-1.000000e+000,-1.000000e+000
3.473900e+002,3.038900e+002,1,1,3.485100e+002,2.989300e+002
1.393100e+002,3.050500e+002,0,0,-1.000000e+000,-1.000000e+000
1.393100e+002,3.050500e+002,0,0,-1.000000e+000,-1.000000e+000
1.832200e+002,3.122200e+002,1,1,1.834500e+002,3.053500e+002
4.678500e+002,3.124000e+002,0,0,-1.000000e+000,-1.000000e+000
2.398600e+002,3.135000e+002,1,1,2.424700e+002,3.101000e+002
1.800300e+002,3.139800e+002,0,0,-1.000000e+000,-1.000000e+000
1.986300e+002,3.144600e+002,0,0,-1.000000e+000,-1.000000e+000
4.594400e+002,3.146800e+002,0,0,-1.000000e+000,-1.000000e+000
1.060600e+002,3.165000e+002,0,0,-1.000000e+000,-1.000000e+000
2.022700e+002,3.234300e+002,0,0,-1.000000e+000,-1.000000e+000
1.977000e+001,3.258200e+002,0,0,-1.000000e+000,-1.000000e+000
4.115000e+002,3.270400e+002,0,0,-1.000000e+000,-1.000000e+000
1.522600e+002,3.300600e+002,0,0,-1.000000e+000,-1.000000e+000
9.439000e+001,3.305700e+002,0,0,-1.000000e+000,-1.000000e+000
1.457300e+002,3.311100e+002,0,0,-1.000000e+000,-1.000000e+000
1.457300e+002,3.311100e+002,0,0,-1.000000e+000,-1.000000e+000
1.591800e+002,3.320200e+002,0,0,-1.000000e+000,-1.000000e+000
1.377300e+002,3.352100e+002,0,0,-1.000000e+000,-1.000000e+000
1.377300e+002,3.352100e+002,0,0,-1.000000e+000,-1.000000e+000
2.449000e+002,3.355500e+002,0,0,-1.000000e+000,-1.000000e+000
1.653300e+002,3.370300e+002,0,0,-1.000000e+000,-1.000000e+000
1.653300e+002,3.370300e+002,0,0,-1.000000e+000,-1.000000e+000
1.973400e+002,3.379500e+002,1,0,2.142600e+002,3.569200e+002
1.188400e+002,3.383700e+002,0,0,-1.000000e+000,-1.000000e+000
5.543400e+002,3.404100e+002,0,0,-1.000000e+000,-1.000000e+000
5.543400e+002,3.404100e+002,0,0,-1.000000e+000,-1.000000e+000
9.942000e+001,3.412200e+002,0,0,-1.000000e+000,-1.000000e+000
9.942000e+001,3.412200e+002,0,0,-1.000000e+000,-1.000000e+000
1.992600e+002,3.408000e+002,0,0,-1.000000e+000,-1.000000e+000
1.023500e+002,3.435300e+002,0,0,-1.000000e+000,-1.000000e+000
1.283600e+002,3.435300e+002,0,0,-1.000000e+000,-1.000000e+000
9.948000e+001,3.444200e+002,0,0,-1.000000e+000,-1.000000e+000
9.047000e+001,3.457300e+002,0,0,-1.000000e+000,-1.000000e+000
9.047000e+001,3.457300e+002,0,0,-1.000000e+000,-1.000000e+000
1.179600e+002,3.459800e+002,1,1,1.165400e+002,3.393000e+002
3.103300e+002,3.459500e+002,1,1,3.109700e+002,3.409700e+002
1.091100e+002,3.463300e+002,0,0,-1.000000e+000,-1.000000e+000
1.647700e+002,3.467300e+002,0,0,-1.000000e+000,-1.000000e+000
5.704100e+002,3.475500e+002,0,0,-1.000000e+000,-1.000000e+000
1.674800e+002,3.486100e+002,0,0,-1.000000e+000,-1.000000e+000
3.100900e+002,3.485000e+002,1,1,3.108400e+002,3.434000e+002
1.128800e+002,3.496100e+002,1,0,1.025200e+002,3.473900e+002
1.643400e+002,3.495800e+002,0,0,-1.000000e+000,-1.000000e+000
1.736400e+002,3.499300e+002,0,0,-1.000000e+000,-1.000000e+000
1.095400e+002,3.504000e+002,0,0,-1.000000e+000,-1.000000e+000
1.363800e+002,3.505400e+002,1,1,1.354400e+002,3.443500e+002
3.173200e+002,3.510500e+002,1,1,3.170000e+002,3.461300e+002
1.235200e+002,3.513900e+002,0,0,-1.000000e+000,-1.000000e+000
7.851000e+001,3.521400e+002,0,0,-1.000000e+000,-1.000000e+000
7.851000e+001,3.521400e+002,0,0,-1.000000e+000,-1.000000e+000
1.088500e+002,3.534200e+002,1,0,1.154300e+002,3.424700e+002
7.794000e+001,3.555400e+002,0,0,-1.000000e+000,-1.000000e+000
1.153700e+002,3.560100e+002,1,1,1.138800e+002,3.497200e+002
6.930000e+001,3.568000e+002,1,1,6.757000e+001,3.500400e+002
6.930000e+001,3.568000e+002,1,1,6.757000e+001,3.500400e+002
4.007000e+001,3.594700e+002,1,1,3.850000e+001,3.521400e+002
1.004600e+002,3.596000e+002,1,1,9.803000e+001,3.518400e+002
6.040000e+001,3.615800e+002,0,0,-1.000000e+000,-1.000000e+000
6.040000e+001,3.615800e+002,0,0,-1.000000e+000,-1.000000e+000
4.046000e+001,3.618900e+002,1,1,3.868000e+001,3.546700e+002
2.151700e+002,3.625200e+002,0,0,-1.000000e+000,-1.000000e+000
5.463700e+002,3.627100e+002,1,0,5.442000e+002,3.682500e+002
5.112000e+001,3.664200e+002,0,0,-1.000000e+000,-1.000000e+000
5.112000e+001,3.664200e+002,0,0,-1.000000e+000,-1.000000e+000
1.078200e+002,3.662600e+002,1,1,1.058900e+002,3.598400e+002
1.558600e+002,3.662300e+002,0,0,-1.000000e+000,-1.000000e+000
1.460000e+002,3.689500e+002,0,0,-1.000000e+000,-1.000000e+000
1.552600e+002,3.696200e+002,0,0,-1.000000e+000,-1.000000e+000
1.437700e+002,3.707800e+002,0,0,-1.000000e+000,-1.000000e+000
9.289000e+001,3.735400e+002,1,1,9.075000e+001,3.670600e+002
8.120000e+001,3.750000e+002,0,0,-1.000000e+000,-1.000000e+000
8.120000e+001,3.750000e+002,1,1,7.884000e+001,3.686400e+002
5.086700e+002,3.773400e+002,0,0,-1.000000e+000,-1.000000e+000
7.434000e+001,3.780800e+002,0,0,-1.000000e+000,-1.000000e+000
1.017400e+002,3.780600e+002,1,1,9.934000e+001,3.715800e+002
7.151000e+001,3.801200e+002,0,0,-1.000000e+000,-1.000000e+000
1.278000e+002,3.833600e+002,0,0,-1.000000e+000,-1.000000e+000
3.129000e+001,3.851100e+002,0,0,-1.000000e+000,-1.000000e+000
9.194000e+001,3.877900e+002,0,0,-1.000000e+000,-1.000000e+000
9.194000e+001,3.877900e+002,0,0,-1.000000e+000,-1.000000e+000
9.700000e+001,3.877700e+002,1,1,9.377000e+001,3.813900e+002
4.798100e+002,3.929400e+002,0,0,-1.000000e+000,-1.000000e+000
7.091000e+001,3.939000e+002,1,1,6.794000e+001,3.872600e+002
5.245000e+001,3.948900e+002,0,0,-1.000000e+000,-1.000000e+000
5.245000e+001,3.948900e+002,0,0,-1.000000e+000,-1.000000e+000
5.045200e+002,3.973900e+002,0,0,-1.000000e+000,-1.000000e+000
5.810000e+000,3.983300e+002,0,0,-1.000000e+000,-1.000000e+000
5.810000e+000,3.983300e+002,0,0,-1.000000e+000,-1.000000e+000
7.362000e+001,3.987700e+002,0,0,-1.000000e+000,-1.000000e+000
2.167000e+001,4.011500e+002,0,0,-1.000000e+000,-1.000000e+000
4.537800e+002,4.018400e+002,0,0,-1.000000e+000,-1.000000e+000
2.450000e+000,4.030800e+002,0,0,-1.000000e+000,-1.000000e+000
6.355000e+001,4.041900e+002,0,0,-1.000000e+000,-1.000000e+000
1.243800e+002,4.064700e+002,0,0,-1.000000e+000,-1.000000e+000
1.243800e+002,4.064700e+002,0,0,-1.000000e+000,-1.000000e+000
1.242400e+002,4.094500e+002,1,0,7.756000e+001,4.254500e+002
5.379000e+001,4.099600e+002,0,0,-1.000000e+000,-1.000000e+000
5.326000e+001,4.130000e+002,0,0,-1.000000e+000,-1.000000e+000
4.281500e+002,4.134300e+002,0,0,-1.000000e+000,-1.000000e+000
4.391000e+001,4.155200e+002,0,0,-1.000000e+000,-1.000000e+000
1.082700e+002,4.168800e+002,0,0,-1.000000e+000,-1.000000e+000
1.082700e+002,4.168800e+002,0,0,-1.000000e+000,-1.000000e+000
3.348000e+001,4.215100e+002,0,0,-1.000000e+000,-1.000000e+000
3.996100e+002,4.283300e+002,1,0,3.632000e+002,4.416600e+002
3.890400e+002,4.304900e+002,1,0,3.725400e+002,4.349700e+002
3.813900e+002,4.338900e+002,0,0,-1.000000e+000,-1.000000e+000
3.837400e+002,4.354100e+002,0,0,-1.000000e+000,-1.000000e+000
3.753400e+002,4.365900e+002,0,0,-1.000000e+000,-1.000000e+000
3.673100e+002,4.400700e+002,0,0,-1.000000e+000,-1.000000e+000
2.041000e+001,4.432300e+002,0,0,-1.000000e+000,-1.000000e+000
6.522000e+001,4.440400e+002,0,0,-1.000000e+000,-1.000000e+000
6.522000e+001,4.440400e+002,0,0,-1.000000e+000,-1.000000e+000
4.424000e+001,4.567500e+002,0,0,-1.000000e+000,-1.000000e+000
4.424000e+001,4.567500e+002,0,0,-1.000000e+000,-1.000000e+000
4.680000e+000,4.580200e+002,0,0,-1.000000e+000,-1.000000e+000
3.256900e+002,4.605000e+002,0,0,-1.000000e+000,-1.000000e+000
2.938000e+001,4.655000e+002,0,0,-1.000000e+000,-1.000000e+000
2.938000e+001,4.655000e+002,0,0,-1.000000e+000,-1.000000e+000
3.111000e+002,4.665000e+002,0,0,-1.000000e+000,-1.000000e+000
3.044900e+002,4.693900e+002,0,0,-1.000000e+000,-1.000000e+000
2.925500e+002,4.743600e+002,0,0,-1.000000e+000,-1.000000e+000
3.404000e+002,4.746100e+002,0,0,-1.000000e+000,-1.000000e+000
4.561600e+002,2.966000e+001,0,0,-1.000000e+000,-1.000000e+000
4.022100e+002,3.542000e+001,0,0,-1.000000e+000,-1.000000e+000
4.022100e+002,3.542000e+001,0,0,-1.000000e+000,-1.000000e+000
5.465000e+002,4.136000e+001,1,1,5.587800e+002,3.096000e+001
5.406400e+002,4.850000e+001,1,1,5.510000e+002,4.006000e+001
4.244700e+002,6.690000e+001,1,1,4.314000e+002,5.822000e+001
4.244700e+002,6.690000e+001,1,1,4.314000e+002,5.822000e+001
3.959400e+002,7.408000e+001,0,0,-1.000000e+000,-1.000000e+000
3.954100e+002,8.476000e+001,0,0,-1.000000e+000,-1.000000e+000
4.745700e+002,9.164000e+001,0,0,-1.000000e+000,-1.000000e+000
4.745700e+002,9.164000e+001,0,0,-1.000000e+000,-1.000000e+000
4.635000e+002,9.320000e+001,0,0,-1.000000e+000,-1.000000e+000
3.945900e+002,9.829000e+001,0,0,-1.000000e+000,-1.000000e+000
3.975300e+002,1.051300e+002,0,0,-1.000000e+000,-1.000000e+000
3.935500e+002,1.154900e+002,0,0,-1.000000e+000,-1.000000e+000
1.195800e+002,1.167000e+002,1,0,8.158000e+001,1.133700e+002
3.931700e+002,1.248600e+002,1,1,3.991000e+002,1.159100e+002
4.106800e+002,1.344100e+002,0,0,-1.000000e+000,-1.000000e+000
4.003500e+002,1.359400e+002,1,1,4.044300e+002,1.280400e+002
4.989800e+002,1.598500e+002,1,1,5.057800e+002,1.531800e+002
5.359100e+002,1.626800e+002,1,1,5.434900e+002,1.561400e+002
5.244200e+002,1.636700e+002,0,0,-1.000000e+000,-1.000000e+000
3.050200e+002,1.660600e+002,1,1,3.094300e+002,1.580200e+002
6.026300e+002,1.719500e+002,0,0,-1.000000e+000,-1.000000e+000
5.357000e+002,1.726400e+002,0,0,-1.000000e+000,-1.000000e+000
6.256500e+002,1.745900e+002,0,0,-1.000000e+000,-1.000000e+000
6.124400e+002,1.796200e+002,0,0,-1.000000e+000,-1.000000e+000
5.511500e+002,1.818800e+002,1,1,5.580700e+002,1.760000e+002
5.895600e+002,1.824900e+002,1,1,6.002900e+002,1.772700e+002
6.025400e+002,1.835000e+002,1,1,6.114500e+002,1.773000e+002
6.339300e+002,1.866600e+002,0,0,-1.000000e+000,-1.000000e+000
6.339300e+002,1.866600e+002,0,0,-1.000000e+000,-1.000000e+000
5.864800e+002,1.918500e+002,0,0,-1.000000e+000,-1.000000e+000
4.090800e+002,1.935300e+002,0,0,-1.000000e+000,-1.000000e+000
5.881600e+002,1.944300e+002,0,0,-1.000000e+000,-1.000000e+000
5.802800e+002,1.955800e+002,1,1,5.890100e+002,1.894400e+002
3.994900e+002,1.962000e+002,0,0,-1.000000e+000,-1.000000e+000
4.312600e+002,2.053000e+002,0,0,-1.000000e+000,-1.000000e+000
2.491200e+002,2.080500e+002,1,1,2.512200e+002,2.003100e+002
4.213100e+002,2.083300e+002,0,0,-1.000000e+000,-1.000000e+000
4.430300e+002,2.115200e+002,0,0,-1.000000e+000,-1.000000e+000
5.760200e+002,2.130500e+002,0,0,-1.000000e+000,-1.000000e+000
5.760200e+002,2.130500e+002,0,0,-1.000000e+000,-1.000000e+000
4.287800e+002,2.135800e+002,0,0,-1.000000e+000,-1.000000e+000
1.570600e+002,2.155200e+002,0,0,-1.000000e+000,-1.000000e+000
5.682000e+002,2.167500e+002,0,0,-1.000000e+000,-1.000000e+000
6.355100e+002,2.174300e+002,0,0,-1.000000e+000,-1.000000e+000
6.355100e+002,2.174300e+002,0,0,-1.000000e+000,-1.000000e+000
5.791800e+002,2.202500e+002,1,1,5.875100e+002,2.158300e+002
5.791800e+002,2.202500e+002,0,0,-1.000000e+000,-1.000000e+000
5.886100e+002,2.222000e+002,1,1,5.965100e+002,2.173300e+002
6.336200e+002,2.223400e+002,0,0,-1.000000e+000,-1.000000e+000
6.336200e+002,2.223400e+002,0,0,-1.000000e+000,-1.000000e+000
4.593400e+002,2.236300e+002,0,0,-1.000000e+000,-1.000000e+000
4.421000e+002,2.269000e+002,0,0,-1.000000e+000,-1.000000e+000
5.902000e+002,2.274200e+002,0,0,-1.000000e+000,-1.000000e+000
6.226200e+002,2.284800e+002,0,0,-1.000000e+000,-1.000000e+000
4.456400e+002,2.297000e+002,0,0,-1.000000e+000,-1.000000e+000
4.802700e+002,2.293000e+002,1,1,4.854700e+002,2.240400e+002
4.802700e+002,2.293000e+002,0,0,-1.000000e+000,-1.000000e+000
1.446000e+002,2.301800e+002,0,0,-1.000000e+000,-1.000000e+000
2.485300e+002,2.310800e+002,0,0,-1.000000e+000,-1.000000e+000
6.071800e+002,2.330900e+002,1,1,6.149800e+002,2.284000e+002
6.031900e+002,2.347000e+002,0,0,-1.000000e+000,-1.000000e+000
4.754700e+002,2.348900e+002,1,1,4.805600e+002,2.295500e+002
1.940600e+002,2.443100e+002,1,1,1.964000e+002,2.364400e+002
1.978600e+002,2.461900e+002,0,0,-1.000000e+000,-1.000000e+000
2.804100e+002,2.488000e+002,1,1,2.846000e+002,2.454400e+002
2.452600e+002,2.519900e+002,0,0,-1.000000e+000,-1.000000e+000
2.905800e+002,2.607500e+002,0,0,-1.000000e+000,-1.000000e+000
1.308800e+002,2.613700e+002,1,1,1.316400e+002,2.534200e+002
2.495100e+002,2.624600e+002,1,1,2.521800e+002,2.556300e+002
2.937400e+002,2.640200e+002,0,0,-1.000000e+000,-1.000000e+000
4.487700e+002,2.656100e+002,0,0,-1.000000e+000,-1.000000e+000
4.506300e+002,2.678100e+002,0,0,-1.000000e+000,-1.000000e+000
4.333100e+002,2.723800e+002,0,0,-1.000000e+000,-1.000000e+000
3.143500e+002,2.834200e+002,0,0,-1.000000e+000,-1.000000e+000
3.677200e+002,2.866400e+002,0,0,-1.000000e+000,-1.000000e+000
4.906000e+001,2.920600e+002,0,0,-1.000000e+000,-1.000000e+000
1.099600e+002,3.058000e+002,1,1,1.104000e+002,2.979400e+002
4.298100e+002,3.089900e+002,1,1,4.335700e+002,3.050100e+002
1.868800e+002,3.095600e+002,1,1,1.870500e+002,3.023500e+002
1.314600e+002,3.147900e+002,1,1,1.309700e+002,3.077700e+002
6.352300e+002,3.176500e+002,0,0,-1.000000e+000,-1.000000e+000
1.534200e+002,3.268600e+002,1,1,1.526500e+002,3.202800e+002
1.534200e+002,3.268600e+002,1,1,1.526500e+002,3.202800e+002
2.950900e+002,3.360100e+002,0,0,-1.000000e+000,-1.000000e+000
1.079500e+002,3.369000e+002,0,0,-1.000000e+000,-1.000000e+000
1.079500e+002,3.369000e+002,0,0,-1.000000e+000,-1.000000e+000
9.889000e+001,3.376200e+002,1,1,9.744000e+001,3.308400e+002
1.366900e+002,3.382700e+002,0,0,-1.000000e+000,-1.000000e+000
1.684700e+002,3.397100e+002,1,1,1.676700e+002,3.334800e+002
1.154100e+002,3.432300e+002,0,0,-1.000000e+000,-1.000000e+000
1.072400e+002,3.441200e+002,0,0,-1.000000e+000,-1.000000e+000
1.765700e+002,3.454600e+002,0,0,-1.000000e+000,-1.000000e+000
1.373000e+002,3.477400e+002,0,0,-1.000000e+000,-1.000000e+000
9.921000e+001,3.484500e+002,1,0,5.770000e+001,3.624100e+002
9.098000e+001,3.503600e+002,0,0,-1.000000e+000,-1.000000e+000
5.649000e+002,3.507000e+002,1,1,5.688400e+002,3.486200e+002
5.649000e+002,3.507000e+002,0,0,-1.000000e+000,-1.000000e+000
8.413000e+001,3.518800e+002,1,1,8.217000e+001,3.451100e+002
9.855000e+001,3.524900e+002,1,1,9.694000e+001,3.455200e+002
1.008800e+002,3.556800e+002,0,0,-1.000000e+000,-1.000000e+000
6.898000e+001,3.604600e+002,0,0,-1.000000e+000,-1.000000e+000
1.070200e+002,3.617000e+002,0,0,-1.000000e+000,-1.000000e+000
7.682000e+001,3.636900e+002,1,1,7.509000e+001,3.568700e+002
1.088500e+002,3.632100e+002,1,1,1.070500e+002,3.568900e+002
1.088500e+002,3.632100e+002,1,1,1.070500e+002,3.568900e+002
6.906000e+001,3.642900e+002,0,0,-1.000000e+000,-1.000000e+000
5.991000e+001,3.650600e+002,1,0,2.414000e+001,3.756700e+002
7.980000e+001,3.664200e+002,1,1,7.748000e+001,3.598100e+002
7.980000e+001,3.664200e+002,1,1,7.748000e+001,3.598100e+002
7.980000e+001,3.664200e+002,1,1,7.748000e+001,3.598100e+002
6.988000e+001,3.673200e+002,0,0,-1.000000e+000,-1.000000e+000
1.444800e+002,3.679500e+002,0,0,-1.000000e+000,-1.000000e+000
1.444800e+002,3.679500e+002,0,0,-1.000000e+000,-1.000000e+000
2.210400e+002,3.688000e+002,1,1,2.195600e+002,3.631400e+002
5.893000e+001,3.696700e+002,0,0,-1.000000e+000,-1.000000e+000
5.015000e+001,3.702400e+002,0,0,-1.000000e+000,-1.000000e+000
7.049000e+001,3.713200e+002,0,0,-1.000000e+000,-1.000000e+000
7.049000e+001,3.713200e+002,0,0,-1.000000e+000,-1.000000e+000
7.049000e+001,3.713200e+002,0,0,-1.000000e+000,-1.000000e+000
3.724000e+001,3.737600e+002,0,0,-1.000000e+000,-1.000000e+000
3.724000e+001,3.737600e+002,0,0,-1.000000e+000,-1.000000e+000
1.380000e+002,3.740900e+002,1,1,1.359500e+002,3.679300e+002
7.349000e+001,3.742500e+002,0,0,-1.000000e+000,-1.000000e+000
7.349000e+001,3.742500e+002,0,0,-1.000000e+000,-1.000000e+000
1.348700e+002,3.756500e+002,0,0,-1.000000e+000,-1.000000e+000
6.125000e+001,3.763600e+002,0,0,-1.000000e+000,-1.000000e+000
6.125000e+001,3.763600e+002,0,0,-1.000000e+000,-1.000000e+000
6.125000e+001,3.763600e+002,0,0,-1.000000e+000,-1.000000e+000
4.943000e+001,3.787000e+002,1,1,4.691000e+001,3.719200e+002
2.755000e+001,3.789400e+002,0,0,-1.000000e+000,-1.000000e+000
3.721000e+001,3.812200e+002,0,0,-1.000000e+000,-1.000000e+000
5.192000e+001,3.814100e+002,0,0,-1.000000e+000,-1.000000e+000
9.249000e+001,3.824000e+002,0,0,-1.000000e+000,-1.000000e+000
4.056000e+001,3.831900e+002,0,0,-1.000000e+000,-1.000000e+000
1.778000e+001,3.842000e+002,0,0,-1.000000e+000,-1.000000e+000
1.778000e+001,3.842000e+002,0,0,-1.000000e+000,-1.000000e+000
1.778000e+001,3.842000e+002,0,0,-1.000000e+000,-1.000000e+000
6.277000e+001,3.854300e+002,0,0,-1.000000e+000,-1.000000e+000
1.126900e+002,3.860800e+002,1,1,1.100000e+002,3.797100e+002
1.126900e+002,3.860800e+002,0,0,-1.000000e+000,-1.000000e+000
4.240000e+001,3.867700e+002,0,0,-1.000000e+000,-1.000000e+000
4.240000e+001,3.867700e+002,0,0,-1.000000e+000,-1.000000e+000
4.240000e+001,3.867700e+002,0,0,-1.000000e+000,-1.000000e+000
8.392000e+001,3.878200e+002,0,0,-1.000000e+000,-1.000000e+000
8.392000e+001,3.878200e+002,0,0,-1.000000e+000,-1.000000e+000
3.066000e+001,3.886300e+002,0,0,-1.000000e+000,-1.000000e+000
7.930000e+000,3.896700e+002,0,0,-1.000000e+000,-1.000000e+000
7.930000e+000,3.896700e+002,1,1,5.200000e+000,3.828600e+002
9.496000e+001,3.903400e+002,1,1,9.194000e+001,3.839400e+002
9.496000e+001,3.903400e+002,1,1,9.194000e+001,3.839400e+002
9.496000e+001,3.903400e+002,1,1,9.194000e+001,3.839400e+002
1.681000e+001,3.920800e+002,0,0,-1.000000e+000,-1.000000e+000
1.059900e+002,3.919400e+002,1,0,9.161000e+001,3.928200e+002
1.011600e+002,3.925200e+002,1,1,9.852000e+001,3.864100e+002
7.404000e+001,3.929500e+002,0,0,-1.000000e+000,-1.000000e+000
7.404000e+001,3.929500e+002,0,0,-1.000000e+000,-1.000000e+000
4.359000e+001,3.961000e+002,0,0,-1.000000e+000,-1.000000e+000
1.003200e+002,3.962700e+002,0,0,-1.000000e+000,-1.000000e+000
2.259000e+001,3.975800e+002,0,0,-1.000000e+000,-1.000000e+000
2.259000e+001,3.975800e+002,0,0,-1.000000e+000,-1.000000e+000
2.259000e+001,3.975800e+002,1,1,1.962000e+001,3.910100e+002
6.513000e+001,3.984000e+002,0,0,-1.000000e+000,-1.000000e+000
9.467000e+001,3.988800e+002,0,0,-1.000000e+000,-1.000000e+000
9.025000e+001,3.995800e+002,1,1,8.683000e+001,3.932500e+002
9.909000e+001,4.017900e+002,0,0,-1.000000e+000,-1.000000e+000
1.245000e+001,4.029500e+002,1,1,9.220000e+000,3.966400e+002
3.644000e+001,4.043000e+002,0,0,-1.000000e+000,-1.000000e+000
3.644000e+001,4.043000e+002,1,1,3.297000e+001,3.975300e+002
2.672000e+001,4.101000e+002,0,0,-1.000000e+000,-1.000000e+000
3.263000e+001,4.121300e+002,0,0,-1.000000e+000,-1.000000e+000
3.263000e+001,4.121300e+002,0,0,-1.000000e+000,-1.000000e+000
3.527000e+001,4.149800e+002,0,0,-1.000000e+000,-1.000000e+000
5.600000e+000,4.216000e+002,1,0,1.236000e+001,4.089800e+002
5.600000e+000,4.216000e+002,1,0,1.236000e+001,4.089800e+002
1.468000e+001,4.265700e+002,0,0,-1.000000e+000,-1.000000e+000
6.346600e+002,5.776000e+001,0,0,-1.000000e+000,-1.000000e+000
3.944100e+002,1.029500e+002,0,0,-1.000000e+000,-1.000000e+000
3.940200e+002,1.087500e+002,1,1,4.000000e+002,1.001400e+002
1.319800e+002,1.183100e+002,0,0,-1.000000e+000,-1.000000e+000
1.319800e+002,1.183100e+002,0,0,-1.000000e+000,-1.000000e+000
4.657500e+002,1.455500e+002,0,0,-1.000000e+000,-1.000000e+000
4.797400e+002,1.509000e+002,0,0,-1.000000e+000,-1.000000e+000
4.060400e+002,1.530400e+002,0,0,-1.000000e+000,-1.000000e+000
5.065800e+002,1.666100e+002,0,0,-1.000000e+000,-1.000000e+000
6.029500e+002,1.719700e+002,0,0,-1.000000e+000,-1.000000e+000
6.106800e+002,1.794300e+002,0,0,-1.000000e+000,-1.000000e+000
3.818800e+002,1.828800e+002,0,0,-1.000000e+000,-1.000000e+000
3.818800e+002,1.828800e+002,1,1,3.872600e+002,1.758700e+002
5.612200e+002,1.860300e+002,1,1,5.689200e+002,1.805700e+002
5.667100e+002,2.000500e+002,0,0,-1.000000e+000,-1.000000e+000
2.493600e+002,2.081200e+002,0,0,-1.000000e+000,-1.000000e+000
2.460600e+002,2.109100e+002,1,1,2.489000e+002,2.030600e+002
5.801300e+002,2.157900e+002,1,1,5.875400e+002,2.104400e+002
5.801300e+002,2.157900e+002,0,0,-1.000000e+000,-1.000000e+000
4.866500e+002,2.174500e+002,0,0,-1.000000e+000,-1.000000e+000
6.214300e+002,2.247600e+002,0,0,-1.000000e+000,-1.000000e+000
5.315200e+002,2.386100e+002,0,0,-1.000000e+000,-1.000000e+000
1.835500e+002,2.505800e+002,0,0,-1.000000e+000,-1.000000e+000
4.910000e+000,3.034500e+002,0,0,-1.000000e+000,-1.000000e+000
3.390300e+002,3.049800e+002,1,1,3.389800e+002,3.003400e+002
3.390300e+002,3.049800e+002,0,0,-1.000000e+000,-1.000000e+000
1.507700e+002,3.301900e+002,1,1,1.499200e+002,3.233100e+002
1.949900e+002,3.338200e+002,0,0,-1.000000e+000,-1.000000e+000
1.428300e+002,3.343200e+002,1,1,1.417700e+002,3.275400e+002
1.562200e+002,3.342600e+002,1,1,1.550100e+002,3.279700e+002
1.630400e+002,3.399200e+002,1,1,1.621800e+002,3.335800e+002
1.297200e+002,3.406200e+002,1,1,1.286100e+002,3.340200e+002
1.399400e+002,3.430000e+002,0,0,-1.000000e+000,-1.000000e+000
1.553400e+002,3.445600e+002,1,1,1.544700e+002,3.385500e+002
1.553400e+002,3.445600e+002,1,1,1.544700e+002,3.385500e+002
1.693700e+002,3.445900e+002,1,1,1.682500e+002,3.382600e+002
1.693700e+002,3.445900e+002,1,1,1.682500e+002,3.382600e+002
1.465900e+002,3.487100e+002,1,1,1.452400e+002,3.425100e+002
1.152100e+002,3.492700e+002,1,1,1.137300e+002,3.426700e+002
1.152100e+002,3.492700e+002,1,1,1.137300e+002,3.426700e+002
1.623100e+002,3.493100e+002,1,1,1.614000e+002,3.430400e+002
1.623100e+002,3.493100e+002,1,1,1.614000e+002,3.430400e+002
1.758700e+002,3.496500e+002,1,1,1.749200e+002,3.436700e+002
1.758700e+002,3.496500e+002,1,1,1.749200e+002,3.436700e+002
1.600000e+002,3.536300e+002,1,1,1.588000e+002,3.477600e+002
1.600000e+002,3.536300e+002,0,0,-1.000000e+000,-1.000000e+000
1.069900e+002,3.537600e+002,0,0,-1.000000e+000,-1.000000e+000
1.537400e+002,3.539400e+002,0,0,-1.000000e+000,-1.000000e+000
3.169800e+002,3.549700e+002,0,0,-1.000000e+000,-1.000000e+000
7.668000e+001,3.559100e+002,1,0,6.523000e+001,3.538400e+002
6.719000e+001,3.607800e+002,0,0,-1.000000e+000,-1.000000e+000
6.719000e+001,3.607800e+002,1,1,6.523000e+001,3.538400e+002
1.568400e+002,3.628600e+002,1,1,1.558700e+002,3.572700e+002
5.890000e+001,3.653800e+002,0,0,-1.000000e+000,-1.000000e+000
1.295800e+002,3.686400e+002,1,1,1.275200e+002,3.623100e+002
4.287000e+001,3.735400e+002,0,0,-1.000000e+000,-1.000000e+000
6.742000e+001,3.748600e+002,0,0,-1.000000e+000,-1.000000e+000
6.742000e+001,3.748600e+002,0,0,-1.000000e+000,-1.000000e+000
9.478000e+001,3.776800e+002,0,0,-1.000000e+000,-1.000000e+000
1.277000e+002,3.787800e+002,1,1,1.256700e+002,3.728400e+002
6.528000e+001,3.879400e+002,0,0,-1.000000e+000,-1.000000e+000
6.528000e+001,3.879400e+002,0,0,-1.000000e+000,-1.000000e+000
1.086000e+001,3.928600e+002,1,0,5.192000e+001,3.628500e+002
1.086000e+001,3.928600e+002,0,0,-1.000000e+000,-1.000000e+000
5.558000e+001,3.928500e+002,0,0,-1.000000e+000,-1.000000e+000
6.890000e+000,3.940800e+002,1,1,3.960000e+000,3.872100e+002
1.984000e+001,3.945900e+002,0,0,-1.000000e+000,-1.000000e+000
8.540000e+001,3.955100e+002,0,0,-1.000000e+000,-1.000000e+000
8.540000e+001,3.955100e+002,0,0,-1.000000e+000,-1.000000e+000
6.678000e+001,4.064700e+002,1,1,6.312000e+001,4.001300e+002
7.812000e+001,4.067000e+002,1,1,7.489000e+001,4.007000e+002
7.812000e+001,4.067000e+002,1,1,7.489000e+001,4.007000e+002
8.826000e+001,4.081300e+002,1,1,8.457000e+001,4.023700e+002
4.504000e+001,4.087900e+002,0,0,-1.000000e+000,-1.000000e+000
5.688000e+001,4.121100e+002,0,0,-1.000000e+000,-1.000000e+000
1.592000e+001,4.153500e+002,0,0,-1.000000e+000,-1.000000e+000
1.592000e+001,4.153500e+002,0,0,-1.000000e+000,-1.000000e+000
4.712000e+001,4.179000e+002,0,0,-1.000000e+000,-1.000000e+000
2.656000e+001,4.298500e+002,0,0,-1.000000e+000,-1.000000e+000
1.581000e+001,4.356500e+002,1,1,1.117000e+001,4.289100e+002
1.581000e+001,4.356500e+002,1,1,1.117000e+001,4.289100e+002
4.730000e+000,4.421200e+002,0,0,-1.000000e+000,-1.000000e+000
1.267000e+001,4.476700e+002,0,0,-1.000000e+000,-1.000000e+000
6.330200e+002,1.154300e+002,0,0,-1.000000e+000,-1.000000e+000
5.426500e+002,1.302100e+002,0,0,-1.000000e+000,-1.000000e+000
5.415800e+002,1.413300e+002,1,1,5.496500e+002,1.337900e+002
5.411700e+002,1.496300e+002,0,0,-1.000000e+000,-1.000000e+000
5.411700e+002,1.496300e+002,0,0,-1.000000e+000,-1.000000e+000
4.797200e+002,1.508100e+002,0,0,-1.000000e+000,-1.000000e+000
5.330900e+002,1.579800e+002,0,0,-1.000000e+000,-1.000000e+000
6.255000e+002,1.597600e+002,0,0,-1.000000e+000,-1.000000e+000
5.400300e+002,1.658800e+002,0,0,-1.000000e+000,-1.000000e+000
5.394800e+002,1.759000e+002,0,0,-1.000000e+000,-1.000000e+000
5.903700e+002,1.776100e+002,1,1,5.998700e+002,1.716200e+002
6.103800e+002,1.793900e+002,1,1,6.197500e+002,1.733500e+002
6.278200e+002,1.936900e+002,0,0,-1.000000e+000,-1.000000e+000
5.312300e+002,2.096300e+002,1,1,5.378000e+002,2.044100e+002
4.982600e+002,2.191100e+002,1,1,5.038300e+002,2.142000e+002
4.643600e+002,2.218800e+002,1,1,4.689200e+002,2.157300e+002
5.660400e+002,2.300400e+002,1,1,5.735600e+002,2.250700e+002
2.234400e+002,2.332100e+002,1,1,2.263500e+002,2.253400e+002
2.234400e+002,2.332100e+002,1,1,2.263500e+002,2.253400e+002
2.284900e+002,2.420200e+002,0,0,-1.000000e+000,-1.000000e+000
2.232100e+002,2.442500e+002,1,1,2.260000e+002,2.368000e+002
2.232100e+002,2.442500e+002,1,1,2.260000e+002,2.368000e+002
4.883500e+002,2.601400e+002,0,0,-1.000000e+000,-1.000000e+000
4.857800e+002,2.660900e+002,1,1,4.910400e+002,2.609600e+002
4.766200e+002,2.813800e+002,1,1,4.804800e+002,2.771800e+002
2.634900e+002,2.872500e+002,1,0,2.600100e+002,2.781800e+002
2.393100e+002,2.922300e+002,0,0,-1.000000e+000,-1.000000e+000
1.114500e+002,3.400900e+002,1,1,1.099600e+002,3.335200e+002
1.114500e+002,3.400900e+002,1,1,1.099600e+002,3.335200e+002
1.032600e+002,3.449000e+002,1,1,1.016200e+002,3.382100e+002
1.324700e+002,3.489500e+002,0,0,-1.000000e+000,-1.000000e+000
1.466100e+002,3.487600e+002,0,0,-1.000000e+000,-1.000000e+000
1.214300e+002,3.552000e+002,1,1,1.198500e+002,3.488200e+002
1.214300e+002,3.552000e+002,1,1,1.198500e+002,3.488200e+002
1.609100e+002,3.587000e+002,0,0,-1.000000e+000,-1.000000e+000
1.129600e+002,3.599700e+002,1,1,1.111700e+002,3.534000e+002
7.309000e+001,3.607900e+002,1,1,7.090000e+001,3.537700e+002
6.426000e+001,3.655900e+002,0,0,-1.000000e+000,-1.000000e+000
8.598000e+001,3.728500e+002,0,0,-1.000000e+000,-1.000000e+000
1.329200e+002,3.757900e+002,1,1,1.306200e+002,3.697300e+002
1.329200e+002,3.757900e+002,1,1,1.306200e+002,3.697300e+002
3.419000e+001,3.778800e+002,0,0,-1.000000e+000,-1.000000e+000
4.083000e+001,3.778000e+002,0,0,-1.000000e+000,-1.000000e+000
7.715000e+001,3.779000e+002,0,0,-1.000000e+000,-1.000000e+000
7.715000e+001,3.779000e+002,1,1,7.445000e+001,3.713300e+002
9.488000e+001,3.777300e+002,0,0,-1.000000e+000,-1.000000e+000
2.414000e+001,3.830400e+002,1,1,2.140000e+001,3.761500e+002
6.848000e+001,3.836700e+002,0,0,-1.000000e+000,-1.000000e+000
6.848000e+001,3.836700e+002,1,1,6.582000e+001,3.770500e+002
1.191300e+002,3.842900e+002,1,1,1.163000e+002,3.781700e+002
1.472000e+001,3.883500e+002,1,1,1.168000e+001,3.813300e+002
7.738000e+001,3.883200e+002,0,0,-1.000000e+000,-1.000000e+000
7.738000e+001,3.883200e+002,1,1,7.465000e+001,3.818400e+002
5.894000e+001,3.887900e+002,0,0,-1.000000e+000,-1.000000e+000
5.894000e+001,3.887900e+002,0,0,-1.000000e+000,-1.000000e+000
8.816000e+001,3.911400e+002,1,1,8.536000e+001,3.849700e+002
8.816000e+001,3.911400e+002,1,1,8.536000e+001,3.849700e+002
4.922000e+001,3.939100e+002,0,0,-1.000000e+000,-1.000000e+000
4.922000e+001,3.939100e+002,0,0,-1.000000e+000,-1.000000e+000
6.769000e+001,3.936500e+002,1,1,6.500000e+001,3.872900e+002
6.769000e+001,3.936500e+002,0,0,-1.000000e+000,-1.000000e+000
7.901000e+001,3.963900e+002,1,1,7.599000e+001,3.901900e+002
7.901000e+001,3.963900e+002,1,1,7.599000e+001,3.901900e+002
1.049100e+002,3.972500e+002,0,0,-1.000000e+000,-1.000000e+000
1.035000e+001,3.983000e+002,1,1,7.300000e+000,3.913900e+002
3.969000e+001,3.994200e+002,0,0,-1.000000e+000,-1.000000e+000
3.969000e+001,3.994200e+002,0,0,-1.000000e+000,-1.000000e+000
5.800000e+001,3.988400e+002,1,1,5.508000e+001,3.924500e+002
6.926000e+001,4.018600e+002,1,1,6.628000e+001,3.956000e+002
6.926000e+001,4.018600e+002,1,1,6.628000e+001,3.956000e+002
2.933000e+001,4.047300e+002,0,0,-1.000000e+000,-1.000000e+000
4.874000e+001,4.045700e+002,0,0,-1.000000e+000,-1.000000e+000
4.874000e+001,4.045700e+002,1,1,4.566000e+001,3.981700e+002
8.610000e+000,4.065100e+002,0,0,-1.000000e+000,-1.000000e+000
8.610000e+000,4.065100e+002,0,0,-1.000000e+000,-1.000000e+000
5.928000e+001,4.072200e+002,1,1,5.613000e+001,4.008800e+002
1.934000e+001,4.104200e+002,0,0,-1.000000e+000,-1.000000e+000
3.870000e+001,4.098500e+002,0,0,-1.000000e+000,-1.000000e+000
3.870000e+001,4.098500e+002,1,1,3.537000e+001,4.035600e+002
4.970000e+001,4.129100e+002,0,0,-1.000000e+000,-1.000000e+000
2.841000e+001,4.155600e+002,1,1,2.504000e+001,4.092100e+002
4.015000e+001,4.186200e+002,0,0,-1.000000e+000,-1.000000e+000
1.815000e+001,4.213600e+002,0,0,-1.000000e+000,-1.000000e+000
1.815000e+001,4.213600e+002,0,0,-1.000000e+000,-1.000000e+000
2.934000e+001,4.246000e+002,1,1,2.549000e+001,4.181500e+002
1.921000e+001,4.304700e+002,1,1,1.549000e+001,4.240400e+002
8.650000e+000,4.367800e+002,0,0,-1.000000e+000,-1.000000e+000
6.144400e+002,8.130000e+000,0,0,-1.000000e+000,-1.000000e+000
5.488300e+002,6.612000e+001,1,1,5.575700e+002,5.906000e+001
6.335100e+002,1.229100e+002,0,0,-1.000000e+000,-1.000000e+000
3.915200e+002,1.467900e+002,1,1,3.980600e+002,1.390500e+002
5.358000e+002,1.465600e+002,0,0,-1.000000e+000,-1.000000e+000
6.272200e+002,1.803200e+002,0,0,-1.000000e+000,-1.000000e+000
3.791500e+002,1.823900e+002,0,0,-1.000000e+000,-1.000000e+000
3.791500e+002,1.823900e+002,0,0,-1.000000e+000,-1.000000e+000
5.645300e+002,1.862300e+002,1,1,5.721700e+002,1.807600e+002
5.650400e+002,1.930700e+002,1,1,5.725000e+002,1.875500e+002
3.138500e+002,1.983000e+002,0,0,-1.000000e+000,-1.000000e+000
5.531000e+002,2.028900e+002,1,1,5.601200e+002,1.979700e+002
2.519600e+002,2.090300e+002,0,0,-1.000000e+000,-1.000000e+000
5.738200e+002,2.211000e+002,1,1,5.808400e+002,2.155900e+002
1.602000e+002,2.306500e+002,0,0,-1.000000e+000,-1.000000e+000
2.173800e+002,2.376400e+002,1,1,2.203100e+002,2.298700e+002
2.173800e+002,2.376400e+002,1,1,2.203100e+002,2.298700e+002
6.079100e+002,2.413100e+002,1,1,6.149800e+002,2.368100e+002
2.146200e+002,2.441100e+002,1,1,2.169900e+002,2.361800e+002
4.750200e+002,2.452000e+002,1,1,4.806100e+002,2.410100e+002
1.631400e+002,2.508100e+002,1,1,1.638000e+002,2.429000e+002
4.587600e+002,2.674200e+002,1,1,4.621200e+002,2.633300e+002
4.247200e+002,2.759600e+002,0,0,-1.000000e+000,-1.000000e+000
1.111600e+002,2.798900e+002,0,0,-1.000000e+000,-1.000000e+000
3.707700e+002,2.873600e+002,0,0,-1.000000e+000,-1.000000e+000
1.779900e+002,3.147700e+002,0,0,-1.000000e+000,-1.000000e+000
1.048400e+002,3.508200e+002,1,1,1.031300e+002,3.441200e+002
8.163000e+001,3.554900e+002,0,0,-1.000000e+000,-1.000000e+000
7.436000e+001,3.669000e+002,1,1,7.204000e+001,3.601800e+002
6.513000e+001,3.718800e+002,1,1,6.286000e+001,3.651800e+002
1.479000e+002,3.716700e+002,1,1,1.460800e+002,3.656600e+002
5.535000e+001,3.758900e+002,1,1,5.294000e+001,3.693300e+002
1.394400e+002,3.769000e+002,0,0,-1.000000e+000,-1.000000e+000
3.022000e+001,3.817700e+002,0,0,-1.000000e+000,-1.000000e+000
3.022000e+001,3.817700e+002,0,0,-1.000000e+000,-1.000000e+000
4.629000e+001,3.817900e+002,1,1,4.380000e+001,3.750000e+002
3.686000e+001,3.866100e+002,1,1,3.397000e+001,3.801000e+002
1.084000e+002,3.902400e+002,1,1,1.060400e+002,3.839500e+002
1.084000e+002,3.902400e+002,1,1,1.060400e+002,3.839500e+002
1.160600e+002,3.903200e+002,1,1,1.135100e+002,3.842800e+002
2.689000e+001,3.922000e+002,1,1,2.379000e+001,3.854800e+002
9.722000e+001,3.965400e+002,1,1,9.431000e+001,3.905300e+002
9.722000e+001,3.965400e+002,1,1,9.431000e+001,3.905300e+002
8.519000e+001,4.035100e+002,1,1,8.216000e+001,3.973800e+002
8.519000e+001,4.035100e+002,1,1,8.216000e+001,3.973800e+002
9.354000e+001,4.039500e+002,0,0,-1.000000e+000,-1.000000e+000
4.598700e+002,4.040900e+002,0,0,-1.000000e+000,-1.000000e+000
7.050000e+000,4.044900e+002,0,0,-1.000000e+000,-1.000000e+000
7.343000e+001,4.104600e+002,0,0,-1.000000e+000,-1.000000e+000
8.127000e+001,4.106200e+002,1,1,7.798000e+001,4.045900e+002
9.020000e+000,4.163000e+002,0,0,-1.000000e+000,-1.000000e+000
7.610000e+000,4.276300e+002,0,0,-1.000000e+000,-1.000000e+000
2.110000e+001,4.405500e+002,1,1,1.680000e+001,4.344200e+002
8.550000e+000,4.478600e+002,0,0,-1.000000e+000,-1.000000e+000
8.550000e+000,4.478600e+002,0,0,-1.000000e+000,-1.000000e+000
1.817000e+001,4.476400e+002,1,1,1.395000e+001,4.415300e+002
5.357900e+002,2.167000e+001,1,1,5.455500e+002,1.279000e+001
5.439100e+002,4.614000e+001,1,1,5.542300e+002,3.746000e+001
5.641700e+002,7.242000e+001,1,1,5.751100e+002,6.600000e+001
3.930900e+002,1.392300e+002,1,1,3.994800e+002,1.312600e+002
3.907400e+002,1.467400e+002,0,0,-1.000000e+000,-1.000000e+000
4.572300e+002,1.482000e+002,1,1,4.644700e+002,1.425100e+002
5.393900e+002,1.567200e+002,1,1,5.471800e+002,1.501000e+002
5.393900e+002,1.567200e+002,1,1,5.471800e+002,1.501000e+002
5.393900e+002,1.567200e+002,1,1,5.471800e+002,1.501000e+002
3.784400e+002,1.823100e+002,0,0,-1.000000e+000,-1.000000e+000
3.784400e+002,1.823100e+002,0,0,-1.000000e+000,-1.000000e+000
3.505200e+002,1.856800e+002,0,0,-1.000000e+000,-1.000000e+000
5.730000e+002,1.981400e+002,1,1,5.810700e+002,1.923400e+002
4.647100e+002,2.209600e+002,0,0,-1.000000e+000,-1.000000e+000
5.648700e+002,2.375200e+002,1,1,5.741700e+002,2.357200e+002
5.289000e+002,2.415000e+002,1,1,5.357000e+002,2.361400e+002
2.409300e+002,2.467800e+002,1,1,2.439600e+002,2.392700e+002
2.409300e+002,2.467800e+002,1,1,2.439600e+002,2.392700e+002
2.264400e+002,2.485900e+002,1,1,2.292300e+002,2.412200e+002
4.802800e+002,3.009100e+002,0,0,-1.000000e+000,-1.000000e+000
8.578000e+001,3.619800e+002,0,0,-1.000000e+000,-1.000000e+000
5.822200e+002,3.659000e+002,1,1,5.860000e+002,3.640600e+002
5.369600e+002,3.883200e+002,1,1,5.403100e+002,3.865900e+002
5.377900e+002,5.466000e+001,1,1,5.476800e+002,4.641000e+001
5.110600e+002,1.621000e+002,1,1,5.179600e+002,1.553700e+002
5.319400e+002,1.685400e+002,0,0,-1.000000e+000,-1.000000e+000
1.568300e+002,1.714300e+002,1,1,1.575700e+002,1.633400e+002
5.857000e+002,1.997700e+002,1,1,5.941400e+002,1.943500e+002
2.549100e+002,2.101200e+002,0,0,-1.000000e+000,-1.000000e+000
4.651300e+002,2.199800e+002,1,1,4.695500e+002,2.140200e+002
4.963300e+002,2.522500e+002,1,1,5.009700e+002,2.473300e+002
1.168800e+002,3.055700e+002,1,1,1.179400e+002,2.976700e+002
4.249600e+002,3.125100e+002,1,1,4.277400e+002,3.082100e+002
1.764700e+002,3.179100e+002,0,0,-1.000000e+000,-1.000000e+000
2.063700e+002,3.174000e+002,0,0,-1.000000e+000,-1.000000e+000
1.411900e+002,3.617900e+002,1,1,1.398100e+002,3.554400e+002
6.163100e+002,1.496000e+001,0,0,-1.000000e+000,-1.000000e+000
6.163100e+002,1.496000e+001,0,0,-1.000000e+000,-1.000000e+000
1.276000e+002,1.234500e+002,1,1,1.277700e+002,1.146200e+002
1.276000e+002,1.234500e+002,1,1,1.277700e+002,1.146200e+002
5.566600e+002,1.698100e+002,0,0,-1.000000e+000,-1.000000e+000
4.512900e+002,2.243900e+002,0,0,-1.000000e+000,-1.000000e+000
4.512900e+002,2.243900e+002,0,0,-1.000000e+000,-1.000000e+000
2.556300e+002,2.272400e+002,1,1,2.575000e+002,2.197600e+002
2.311600e+002,2.360700e+002,0,0,-1.000000e+000,-1.000000e+000
5.666700e+002,2.421700e+002,0,0,-1.000000e+000,-1.000000e+000
1.526300e+002,2.707400e+002,0,0,-1.000000e+000,-1.000000e+000
2.569800e+002,2.843300e+002,0,0,-1.000000e+000,-1.000000e+000
1.254100e+002,2.898500e+002,1,1,1.258600e+002,2.820400e+002
2.336600e+002,2.899700e+002,1,1,2.352400e+002,2.834600e+002
2.077600e+002,3.174300e+002,1,1,2.079500e+002,3.110100e+002
3.719800e+002,3.253500e+002,0,0,-1.000000e+000,-1.000000e+000
3.353000e+001,3.297800e+002,1,1,3.313000e+001,3.218600e+002
5.605700e+002,3.626300e+002,1,1,5.650000e+002,3.607800e+002
5.405600e+002,3.702000e+002,0,0,-1.000000e+000,-1.000000e+000
1.369300e+002,1.092900e+002,1,1,1.372100e+002,1.003200e+002
3.776700e+002,1.228400e+002,1,1,3.831500e+002,1.154100e+002
6.193800e+002,1.499500e+002,0,0,-1.000000e+000,-1.000000e+000
4.574000e+002,1.529000e+002,0,0,-1.000000e+000,-1.000000e+000
4.890400e+002,2.797500e+002,1,1,4.931600e+002,2.751500e+002
3.441600e+002,2.995500e+002,1,1,3.451100e+002,2.948700e+002
1.906300e+002,3.158300e+002,1,1,1.908900e+002,3.088900e+002
3.258300e+002,3.323000e+002,1,1,3.264400e+002,3.275800e+002
1.947900e+002,3.499900e+002,1,1,1.941700e+002,3.439500e+002
1.236900e+002,1.278200e+002,0,0,-1.000000e+000,-1.000000e+000
1.236900e+002,1.278200e+002,0,0,-1.000000e+000,-1.000000e+000
5.786600e+002,1.877300e+002,1,1,5.858900e+002,1.824700e+002
5.799100e+002,2.115500e+002,1,1,5.860800e+002,2.068900e+002
4.757700e+002,2.343800e+002,1,1,4.811000e+002,2.293100e+002
4.757700e+002,2.343800e+002,1,1,4.811000e+002,2.293100e+002
1.348300e+002,2.449200e+002,0,0,-1.000000e+000,-1.000000e+000
4.622800e+002,2.523900e+002,1,1,4.667400e+002,2.476600e+002
4.622800e+002,2.523900e+002,1,1,4.667400e+002,2.476600e+002
1.131100e+002,2.699500e+002,1,1,1.139000e+002,2.619200e+002
2.323200e+002,3.226400e+002,1,1,2.322200e+002,3.164700e+002
2.323200e+002,3.226400e+002,1,1,2.322200e+002,3.164700e+002
8.354000e+001,3.367400e+002,0,0,-1.000000e+000,-1.000000e+000
4.128300e+002,1.413500e+002,1,1,4.190600e+002,1.341400e+002
3.428400e+002,1.776000e+002,1,1,3.470900e+002,1.698100e+002
2.126100e+002,3.399700e+002,1,1,2.116200e+002,3.330200e+002
5.881500e+002,5.113000e+001,0,0,-1.000000e+000,-1.000000e+000
1.659700e+002,1.893500e+002,1,1,1.673500e+002,1.810700e+002
1.659700e+002,1.893500e+002,1,1,1.673500e+002,1.810700e+002
5.284700e+002,1.888600e+002,1,1,5.330800e+002,1.823800e+002
2.301000e+002,2.063300e+002,1,1,2.311400e+002,1.989400e+002
2.301000e+002,2.063300e+002,1,1,2.311400e+002,1.989400e+002
2.647100e+002,2.524700e+002,1,1,2.667600e+002,2.459700e+002
4.526600e+002,2.519800e+002,1,1,4.567700e+002,2.468100e+002
9.151000e+001,3.023500e+002,0,0,-1.000000e+000,-1.000000e+000
2.276700e+002,3.533400e+002,1,1,2.271800e+002,3.476300e+002
4.864000e+002,1.370500e+002,0,0,-1.000000e+000,-1.000000e+000
5.250200e+002,2.349200e+002,1,0,5.352400e+002,2.284700e+002
8.979000e+001,3.024600e+002,1,1,9.016000e+001,2.945500e+002
7.661000e+001,3.431600e+002,1,0,7.935000e+001,3.319400e+002
5.734300e+002,1.608300e+002,1,1,5.803200e+002,1.577700e+002
5.734300e+002,1.608300e+002,0,0,-1.000000e+000,-1.000000e+000
5.166800e+002,2.373800e+002,0,0,-1.000000e+000,-1.000000e+000
2.066300e+002,2.735000e+002,1,1,2.079300e+002,2.662700e+002
4.409300e+002,2.962900e+002,1,1,4.445900e+002,2.916200e+002
3.287000e+002,2.431100e+002,1,1,3.334300e+002,2.367500e+002
2.765000e+002,3.205800e+002,1,1,2.768700e+002,3.151200e+002