6.082600e+002,3.400000e+000,0,0,-1.000000e+000,-1.000000e+000
4.264600e+002,3.990000e+000,0,0,-1.000000e+000,-1.000000e+000
4.264600e+002,3.990000e+000,0,0,-1.000000e+000,-1.000000e+000
4.104800e+002,4.490000e+000,0,0,-1.000000e+000,-1.000000e+000
3.923100e+002,1.254000e+001,0,0,-1.000000e+000,-1.000000e+000
5.840800e+002,1.242000e+001,1,1,5.855700e+002,1.335000e+001
6.259500e+002,1.283000e+001,1,1,6.279400e+002,1.354000e+001
3.946700e+002,1.457000e+001,1,0,3.949300e+002,3.850000e+001
3.918600e+002,2.019000e+001,0,0,-1.000000e+000,-1.000000e+000
3.917700e+002,2.172000e+001,0,0,-1.000000e+000,-1.000000e+000
4.241400e+002,2.368000e+001,0,0,-1.000000e+000,-1.000000e+000
4.241400e+002,2.368000e+001,0,0,-1.000000e+000,-1.000000e+000
3.915600e+002,2.530000e+001,0,0,-1.000000e+000,-1.000000e+000
3.892600e+002,2.644000e+001,0,0,-1.000000e+000,-1.000000e+000
4.610200e+002,2.957000e+001,0,0,-1.000000e+000,-1.000000e+000
4.464300e+002,3.026000e+001,0,0,-1.000000e+000,-1.000000e+000
3.913500e+002,3.142000e+001,0,0,-1.000000e+000,-1.000000e+000
4.244300e+002,3.333000e+001,0,0,-1.000000e+000,-1.000000e+000
3.967700e+002,3.695000e+001,0,0,-1.000000e+000,-1.000000e+000
3.967700e+002,3.695000e+001,0,0,-1.000000e+000,-1.000000e+000
5.427300e+002,4.345000e+001,0,0,-1.000000e+000,-1.000000e+000
5.217800e+002,4.709000e+001,1,1,5.236300e+002,4.791000e+001
5.250900e+002,4.865000e+001,0,0,-1.000000e+000,-1.000000e+000
4.792400e+002,5.991000e+001,0,0,-1.000000e+000,-1.000000e+000
4.792400e+002,5.991000e+001,0,0,-1.000000e+000,-1.000000e+000
5.526500e+002,6.593000e+001,0,0,-1.000000e+000,-1.000000e+000
5.470000e+002,6.763000e+001,0,0,-1.000000e+000,-1.000000e+000
5.470000e+002,6.763000e+001,0,0,-1.000000e+000,-1.000000e+000
5.466200e+002,7.153000e+001,0,0,-1.000000e+000,-1.000000e+000
3.917100e+002,7.173000e+001,0,0,-1.000000e+000,-1.000000e+000
5.439900e+002,7.312000e+001,0,0,-1.000000e+000,-1.000000e+000
6.199500e+002,8.175000e+001,0,0,-1.000000e+000,-1.000000e+000
6.199500e+002,8.175000e+001,0,0,-1.000000e+000,-1.000000e+000
4.678300e+002,8.874000e+001,0,0,-1.000000e+000,-1.000000e+000
6.331500e+002,9.429000e+001,0,0,-1.000000e+000,-1.000000e+000
4.278100e+002,9.601000e+001,0,0,-1.000000e+000,-1.000000e+000
6.173200e+002,9.814000e+001,0,0,-1.000000e+000,-1.000000e+000
6.173200e+002,9.814000e+001,0,0,-1.000000e+000,-1.000000e+000
5.298500e+002,9.942000e+001,0,0,-1.000000e+000,-1.000000e+000
5.445100e+002,1.016000e+002,0,0,-1.000000e+000,-1.000000e+000
3.899200e+002,1.045500e+002,0,0,-1.000000e+000,-1.000000e+000
5.289500e+002,1.074800e+002,0,0,-1.000000e+000,-1.000000e+000
4.727500e+002,1.098300e+002,1,1,4.741900e+002,1.111800e+002
4.727500e+002,1.098300e+002,1,1,4.741900e+002,1.111800e+002
3.851000e+002,1.110700e+002,0,0,-1.000000e+000,-1.000000e+000
4.752600e+002,1.150600e+002,0,0,-1.000000e+000,-1.000000e+000
9.971000e+001,1.161300e+002,0,0,-1.000000e+000,-1.000000e+000
1.117400e+002,1.165900e+002,0,0,-1.000000e+000,-1.000000e+000
3.848400e+002,1.174000e+002,0,0,-1.000000e+000,-1.000000e+000
4.488200e+002,1.209600e+002,0,0,-1.000000e+000,-1.000000e+000
4.488200e+002,1.209600e+002,0,0,-1.000000e+000,-1.000000e+000
4.334900e+002,1.223400e+002,0,0,-1.000000e+000,-1.000000e+000
4.984400e+002,1.249000e+002,1,1,4.999200e+002,1.260900e+002
4.654000e+001,1.255300e+002,1,0,5.624000e+001,1.250100e+002
4.192800e+002,1.255100e+002,0,0,-1.000000e+000,-1.000000e+000
3.993000e+001,1.266800e+002,0,0,-1.000000e+000,-1.000000e+000
4.119600e+002,1.271800e+002,0,0,-1.000000e+000,-1.000000e+000
3.865700e+002,1.277500e+002,1,1,3.874200e+002,1.296800e+002
3.865700e+002,1.277500e+002,0,0,-1.000000e+000,-1.000000e+000
1.508400e+002,1.288100e+002,0,0,-1.000000e+000,-1.000000e+000
3.998200e+002,1.294800e+002,0,0,-1.000000e+000,-1.000000e+000
4.120900e+002,1.297000e+002,0,0,-1.000000e+000,-1.000000e+000
1.922000e+001,1.302800e+002,0,0,-1.000000e+000,-1.000000e+000
4.043700e+002,1.317200e+002,0,0,-1.000000e+000,-1.000000e+000
5.273000e+002,1.323000e+002,0,0,-1.000000e+000,-1.000000e+000
7.832000e+001,1.330200e+002,0,0,-1.000000e+000,-1.000000e+000
7.242000e+001,1.340800e+002,0,0,-1.000000e+000,-1.000000e+000
6.243000e+001,1.358800e+002,0,0,-1.000000e+000,-1.000000e+000
7.243000e+001,1.364300e+002,0,0,-1.000000e+000,-1.000000e+000
6.132300e+002,1.375400e+002,0,0,-1.000000e+000,-1.000000e+000
5.078500e+002,1.396700e+002,0,0,-1.000000e+000,-1.000000e+000
6.120800e+002,1.415500e+002,0,0,-1.000000e+000,-1.000000e+000
4.335200e+002,1.431200e+002,0,0,-1.000000e+000,-1.000000e+000
4.594500e+002,1.429900e+002,0,0,-1.000000e+000,-1.000000e+000
2.045000e+001,1.461400e+002,1,0,4.958000e+001,1.425000e+002
4.744300e+002,1.458400e+002,0,0,-1.000000e+000,-1.000000e+000
4.845100e+002,1.460500e+002,0,0,-1.000000e+000,-1.000000e+000
3.843600e+002,1.467200e+002,0,0,-1.000000e+000,-1.000000e+000
6.089400e+002,1.471700e+002,0,0,-1.000000e+000,-1.000000e+000
3.793500e+002,1.480000e+002,0,0,-1.000000e+000,-1.000000e+000
4.678000e+002,1.487100e+002,0,0,-1.000000e+000,-1.000000e+000
4.753700e+002,1.488400e+002,0,0,-1.000000e+000,-1.000000e+000
4.754100e+002,1.516500e+002,0,0,-1.000000e+000,-1.000000e+000
4.828000e+002,1.519700e+002,0,0,-1.000000e+000,-1.000000e+000
6.075400e+002,1.518100e+002,0,0,-1.000000e+000,-1.000000e+000
4.875000e+002,1.537300e+002,0,0,-1.000000e+000,-1.000000e+000
6.038500e+002,1.558400e+002,0,0,-1.000000e+000,-1.000000e+000
5.952800e+002,1.563100e+002,1,1,5.977900e+002,1.573100e+002
4.908600e+002,1.573700e+002,0,0,-1.000000e+000,-1.000000e+000
5.107200e+002,1.574100e+002,1,1,5.125600e+002,1.586100e+002
5.953500e+002,1.591800e+002,1,1,5.980000e+002,1.600600e+002
3.200200e+002,1.627600e+002,1,0,2.956200e+002,1.704800e+002
5.789800e+002,1.631400e+002,0,0,-1.000000e+000,-1.000000e+000
3.227500e+002,1.644300e+002,0,0,-1.000000e+000,-1.000000e+000
3.603900e+002,1.686600e+002,0,0,-1.000000e+000,-1.000000e+000
6.040000e+002,1.694500e+002,0,0,-1.000000e+000,-1.000000e+000
3.636000e+002,1.702200e+002,1,1,3.641000e+002,1.710500e+002
5.724200e+002,1.698600e+002,0,0,-1.000000e+000,-1.000000e+000
3.269100e+002,1.702600e+002,0,0,-1.000000e+000,-1.000000e+000
5.317700e+002,1.702300e+002,1,1,5.331600e+002,1.715200e+002
2.177600e+002,1.709000e+002,1,1,2.190700e+002,1.720800e+002
3.209200e+002,1.715300e+002,0,0,-1.000000e+000,-1.000000e+000
3.670500e+002,1.716400e+002,0,0,-1.000000e+000,-1.000000e+000
5.280100e+002,1.715800e+002,0,0,-1.000000e+000,-1.000000e+000
5.765100e+002,1.720100e+002,0,0,-1.000000e+000,-1.000000e+000
3.731300e+002,1.743600e+002,1,0,4.188000e+002,1.480200e+002
5.932800e+002,1.743100e+002,0,0,-1.000000e+000,-1.000000e+000
3.827800e+002,1.763800e+002,1,1,3.835100e+002,1.772000e+002
6.163500e+002,1.762500e+002,1,1,6.178100e+002,1.773300e+002
5.860500e+002,1.780400e+002,0,0,-1.000000e+000,-1.000000e+000
2.935700e+002,1.788400e+002,0,0,-1.000000e+000,-1.000000e+000
5.579300e+002,1.804800e+002,0,0,-1.000000e+000,-1.000000e+000
3.962100e+002,1.825300e+002,0,0,-1.000000e+000,-1.000000e+000
5.780800e+002,1.825300e+002,0,0,-1.000000e+000,-1.000000e+000
5.726500e+002,1.829500e+002,1,1,5.735800e+002,1.840400e+002
6.181300e+002,1.837400e+002,0,0,-1.000000e+000,-1.000000e+000
3.885200e+002,1.839100e+002,0,0,-1.000000e+000,-1.000000e+000
5.746500e+002,1.847000e+002,1,1,5.760800e+002,1.858700e+002
5.604600e+002,1.849200e+002,1,1,5.622200e+002,1.862000e+002
2.550600e+002,1.862100e+002,0,0,-1.000000e+000,-1.000000e+000
6.180400e+002,1.863000e+002,0,0,-1.000000e+000,-1.000000e+000
5.477500e+002,1.883500e+002,0,0,-1.000000e+000,-1.000000e+000
5.977800e+002,1.887100e+002,1,1,5.992000e+002,1.900900e+002
5.930500e+002,1.892900e+002,0,0,-1.000000e+000,-1.000000e+000
6.348000e+002,1.894900e+002,0,0,-1.000000e+000,-1.000000e+000
4.120000e+002,1.899900e+002,0,0,-1.000000e+000,-1.000000e+000
1.569900e+002,1.909500e+002,0,0,-1.000000e+000,-1.000000e+000
5.878900e+002,1.920200e+002,1,0,6.032900e+002,1.857500e+002
2.306100e+002,1.925600e+002,1,0,1.904200e+002,2.048400e+002
4.219400e+002,1.944700e+002,0,0,-1.000000e+000,-1.000000e+000
1.939500e+002,1.975800e+002,0,0,-1.000000e+000,-1.000000e+000
4.125800e+002,1.989100e+002,1,0,4.201400e+002,2.039600e+002
5.560000e+002,2.001200e+002,0,0,-1.000000e+000,-1.000000e+000
5.657800e+002,1.999000e+002,1,1,5.679300e+002,2.015100e+002
5.657800e+002,1.999000e+002,0,0,-1.000000e+000,-1.000000e+000
5.732000e+002,2.002700e+002,0,0,-1.000000e+000,-1.000000e+000
1.712100e+002,2.010900e+002,1,1,1.722000e+002,2.017700e+002
1.712100e+002,2.010900e+002,0,0,-1.000000e+000,-1.000000e+000
5.693900e+002,2.018600e+002,0,0,-1.000000e+000,-1.000000e+000
2.025000e+002,2.026900e+002,0,0,-1.000000e+000,-1.000000e+000
5.650900e+002,2.023800e+002,1,1,5.666000e+002,2.038500e+002
4.348700e+002,2.032400e+002,0,0,-1.000000e+000,-1.000000e+000
4.199600e+002,2.034600e+002,0,0,-1.000000e+000,-1.000000e+000
5.723300e+002,2.037400e+002,1,1,5.738400e+002,2.049400e+002
5.675000e+002,2.039600e+002,0,0,-1.000000e+000,-1.000000e+000
6.277200e+002,2.045100e+002,0,0,-1.000000e+000,-1.000000e+000
4.439900e+002,2.048200e+002,0,0,-1.000000e+000,-1.000000e+000
4.276300e+002,2.055200e+002,0,0,-1.000000e+000,-1.000000e+000
5.002900e+002,2.054600e+002,0,0,-1.000000e+000,-1.000000e+000
5.402000e+002,2.052800e+002,0,0,-1.000000e+000,-1.000000e+000
4.464900e+002,2.058500e+002,0,0,-1.000000e+000,-1.000000e+000
5.581800e+002,2.063200e+002,0,0,-1.000000e+000,-1.000000e+000
5.581800e+002,2.063200e+002,0,0,-1.000000e+000,-1.000000e+000
6.226000e+002,2.075900e+002,0,0,-1.000000e+000,-1.000000e+000
4.332300e+002,2.087800e+002,0,0,-1.000000e+000,-1.000000e+000
5.683800e+002,2.093400e+002,1,1,5.701300e+002,2.108200e+002
6.190500e+002,2.096800e+002,0,0,-1.000000e+000,-1.000000e+000
6.190500e+002,2.096800e+002,0,0,-1.000000e+000,-1.000000e+000
2.592700e+002,2.116000e+002,0,0,-1.000000e+000,-1.000000e+000
2.624500e+002,2.113900e+002,0,0,-1.000000e+000,-1.000000e+000
5.722200e+002,2.119000e+002,0,0,-1.000000e+000,-1.000000e+000
6.029900e+002,2.122800e+002,0,0,-1.000000e+000,-1.000000e+000
6.029900e+002,2.122800e+002,0,0,-1.000000e+000,-1.000000e+000
4.834300e+002,2.128700e+002,0,0,-1.000000e+000,-1.000000e+000
6.124400e+002,2.138700e+002,0,0,-1.000000e+000,-1.000000e+000
6.124400e+002,2.138700e+002,0,0,-1.000000e+000,-1.000000e+000
4.383500e+002,2.148000e+002,1,1,4.418000e+002,2.178300e+002
5.797500e+002,2.159900e+002,0,0,-1.000000e+000,-1.000000e+000
5.886600e+002,2.172100e+002,1,1,5.902600e+002,2.185300e+002
4.439300e+002,2.184800e+002,0,0,-1.000000e+000,-1.000000e+000
6.000500e+002,2.183600e+002,1,1,6.017200e+002,2.198300e+002
6.044500e+002,2.188900e+002,0,0,-1.000000e+000,-1.000000e+000
4.773500e+002,2.195600e+002,0,0,-1.000000e+000,-1.000000e+000
5.959700e+002,2.210200e+002,0,0,-1.000000e+000,-1.000000e+000
2.716200e+002,2.232000e+002,0,0,-1.000000e+000,-1.000000e+000
4.579800e+002,2.243300e+002,0,0,-1.000000e+000,-1.000000e+000
5.484900e+002,2.260300e+002,0,0,-1.000000e+000,-1.000000e+000
2.755900e+002,2.267400e+002,0,0,-1.000000e+000,-1.000000e+000
4.615300e+002,2.263300e+002,0,0,-1.000000e+000,-1.000000e+000
4.601100e+002,2.284300e+002,0,0,-1.000000e+000,-1.000000e+000
2.858800e+002,2.329500e+002,0,0,-1.000000e+000,-1.000000e+000
2.848800e+002,2.352700e+002,0,0,-1.000000e+000,-1.000000e+000
2.509200e+002,2.393700e+002,0,0,-1.000000e+000,-1.000000e+000
2.896500e+002,2.395600e+002,0,0,-1.000000e+000,-1.000000e+000
2.928700e+002,2.394000e+002,0,0,-1.000000e+000,-1.000000e+000
2.031600e+002,2.444800e+002,1,1,2.044700e+002,2.456400e+002
2.976300e+002,2.469800e+002,0,0,-1.000000e+000,-1.000000e+000
4.843900e+002,2.489100e+002,0,0,-1.000000e+000,-1.000000e+000
1.951100e+002,2.495700e+002,0,0,-1.000000e+000,-1.000000e+000
1.832700e+002,2.503200e+002,0,0,-1.000000e+000,-1.000000e+000
2.359000e+002,2.507300e+002,0,0,-1.000000e+000,-1.000000e+000
3.051100e+002,2.537600e+002,0,0,-1.000000e+000,-1.000000e+000
1.631700e+002,2.576400e+002,0,0,-1.000000e+000,-1.000000e+000
3.138500e+002,2.585500e+002,0,0,-1.000000e+000,-1.000000e+000
2.562900e+002,2.605300e+002,0,0,-1.000000e+000,-1.000000e+000
3.159200e+002,2.606600e+002,0,0,-1.000000e+000,-1.000000e+000
1.492300e+002,2.619900e+002,1,1,1.499800e+002,2.632900e+002
1.737900e+002,2.618200e+002,1,1,1.758400e+002,2.624800e+002
1.363600e+002,2.654300e+002,0,0,-1.000000e+000,-1.000000e+000
2.624800e+002,2.670400e+002,0,0,-1.000000e+000,-1.000000e+000
1.574700e+002,2.691800e+002,0,0,-1.000000e+000,-1.000000e+000
3.265500e+002,2.703800e+002,0,0,-1.000000e+000,-1.000000e+000
3.297700e+002,2.734700e+002,0,0,-1.000000e+000,-1.000000e+000
3.884400e+002,2.734600e+002,0,0,-1.000000e+000,-1.000000e+000
3.286200e+002,2.754400e+002,0,0,-1.000000e+000,-1.000000e+000
1.797100e+002,2.761200e+002,0,0,-1.000000e+000,-1.000000e+000
2.739900e+002,2.761000e+002,0,0,-1.000000e+000,-1.000000e+000
3.553400e+002,2.829100e+002,0,0,-1.000000e+000,-1.000000e+000
2.772300e+002,2.833100e+002,0,0,-1.000000e+000,-1.000000e+000
3.402100e+002,2.833500e+002,1,0,3.428400e+002,2.795800e+002
3.378100e+002,2.844000e+002,0,0,-1.000000e+000,-1.000000e+000
9.068000e+001,2.888900e+002,0,0,-1.000000e+000,-1.000000e+000
4.769400e+002,2.937200e+002,0,0,-1.000000e+000,-1.000000e+000
6.355000e+002,2.950500e+002,0,0,-1.000000e+000,-1.000000e+000
4.641000e+001,2.991000e+002,1,0,8.308000e+001,2.898100e+002
6.249300e+002,3.009200e+002,0,0,-1.000000e+000,-1.000000e+000
1.567600e+002,3.021900e+002,0,0,-1.000000e+000,-1.000000e+000
1.595000e+002,3.027100e+002,1,1,1.596200e+002,3.050500e+002
1.595000e+002,3.027100e+002,1,1,1.596200e+002,3.050500e+002
6.217000e+002,3.054400e+002,0,0,-1.000000e+000,-1.000000e+000
2.580200e+002,3.073900e+002,0,0,-1.000000e+000,-1.000000e+000
2.261500e+002,3.079800e+002,0,0,-1.000000e+000,-1.000000e+000
1.858800e+002,3.089600e+002,0,0,-1.000000e+000,-1.000000e+000
1.858800e+002,3.089600e+002,0,0,-1.000000e+000,-1.000000e+000
6.347700e+002,3.091300e+002,1,0,5.867400e+002,3.049900e+002
6.091700e+002,3.095900e+002,0,0,-1.000000e+000,-1.000000e+000
3.830300e+002,3.125600e+002,0,0,-1.000000e+000,-1.000000e+000
6.275700e+002,3.135300e+002,0,0,-1.000000e+000,-1.000000e+000
1.311300e+002,3.158000e+002,0,0,-1.000000e+000,-1.000000e+000
5.962500e+002,3.163700e+002,1,0,5.566800e+002,3.393900e+002
2.061300e+002,3.191100e+002,0,0,-1.000000e+000,-1.000000e+000
2.662000e+002,3.193100e+002,0,0,-1.000000e+000,-1.000000e+000
2.274300e+002,3.204300e+002,0,0,-1.000000e+000,-1.000000e+000
5.489800e+002,3.203000e+002,1,0,5.283000e+002,3.095200e+002
5.883400e+002,3.207400e+002,0,0,-1.000000e+000,-1.000000e+000
5.853700e+002,3.219600e+002,0,0,-1.000000e+000,-1.000000e+000
1.774700e+002,3.239100e+002,0,0,-1.000000e+000,-1.000000e+000
1.774700e+002,3.239100e+002,0,0,-1.000000e+000,-1.000000e+000
7.308000e+001,3.243000e+002,0,0,-1.000000e+000,-1.000000e+000
6.079300e+002,3.246200e+002,0,0,-1.000000e+000,-1.000000e+000
5.625400e+002,3.251800e+002,0,0,-1.000000e+000,-1.000000e+000
5.625400e+002,3.251800e+002,0,0,-1.000000e+000,-1.000000e+000
5.795700e+002,3.252900e+002,0,0,-1.000000e+000,-1.000000e+000
2.436600e+002,3.254000e+002,0,0,-1.000000e+000,-1.000000e+000
2.130600e+002,3.265000e+002,0,0,-1.000000e+000,-1.000000e+000
5.791400e+002,3.282000e+002,0,0,-1.000000e+000,-1.000000e+000
1.706500e+002,3.284300e+002,0,0,-1.000000e+000,-1.000000e+000
1.706500e+002,3.284300e+002,0,0,-1.000000e+000,-1.000000e+000
2.155000e+002,3.291400e+002,0,0,-1.000000e+000,-1.000000e+000
6.003500e+002,3.289900e+002,0,0,-1.000000e+000,-1.000000e+000
1.853000e+002,3.294800e+002,0,0,-1.000000e+000,-1.000000e+000
2.646000e+002,3.297600e+002,0,0,-1.000000e+000,-1.000000e+000
8.701000e+001,3.304500e+002,1,0,1.158200e+002,3.225700e+002
5.679300e+002,3.312200e+002,0,0,-1.000000e+000,-1.000000e+000
5.679300e+002,3.312200e+002,1,1,5.686200e+002,3.327200e+002
4.627000e+001,3.314900e+002,0,0,-1.000000e+000,-1.000000e+000
1.883700e+002,3.319600e+002,0,0,-1.000000e+000,-1.000000e+000
3.640100e+002,3.326200e+002,0,0,-1.000000e+000,-1.000000e+000
3.640100e+002,3.326200e+002,0,0,-1.000000e+000,-1.000000e+000
2.194900e+002,3.334800e+002,0,0,-1.000000e+000,-1.000000e+000
1.630500e+002,3.353500e+002,0,0,-1.000000e+000,-1.000000e+000
1.803800e+002,3.358400e+002,0,0,-1.000000e+000,-1.000000e+000
1.803800e+002,3.358400e+002,0,0,-1.000000e+000,-1.000000e+000
5.438000e+001,3.365200e+002,0,0,-1.000000e+000,-1.000000e+000
1.453500e+002,3.365900e+002,1,1,1.464000e+002,3.374800e+002
1.772500e+002,3.363500e+002,0,0,-1.000000e+000,-1.000000e+000
5.623400e+002,3.371800e+002,0,0,-1.000000e+000,-1.000000e+000
1.698200e+002,3.372200e+002,0,0,-1.000000e+000,-1.000000e+000
1.979300e+002,3.379800e+002,0,0,-1.000000e+000,-1.000000e+000
1.720700e+002,3.387900e+002,0,0,-1.000000e+000,-1.000000e+000
1.720700e+002,3.387900e+002,0,0,-1.000000e+000,-1.000000e+000
1.277200e+002,3.395700e+002,0,0,-1.000000e+000,-1.000000e+000
1.277200e+002,3.395700e+002,1,1,1.287200e+002,3.406600e+002
5.529500e+002,3.395100e+002,0,0,-1.000000e+000,-1.000000e+000
1.447800e+002,3.399300e+002,1,1,1.466200e+002,3.405300e+002
2.029100e+002,3.411700e+002,0,0,-1.000000e+000,-1.000000e+000
2.029100e+002,3.411700e+002,0,0,-1.000000e+000,-1.000000e+000
2.258900e+002,3.407100e+002,0,0,-1.000000e+000,-1.000000e+000
1.414500e+002,3.420200e+002,0,0,-1.000000e+000,-1.000000e+000
1.616100e+002,3.424300e+002,0,0,-1.000000e+000,-1.000000e+000
2.068600e+002,3.430400e+002,0,0,-1.000000e+000,-1.000000e+000
2.285400e+002,3.434500e+002,0,0,-1.000000e+000,-1.000000e+000
1.241700e+002,3.439600e+002,0,0,-1.000000e+000,-1.000000e+000
1.198500e+002,3.443700e+002,1,1,1.209900e+002,3.455400e+002
3.044500e+002,3.456000e+002,0,0,-1.000000e+000,-1.000000e+000
2.310700e+002,3.461100e+002,0,0,-1.000000e+000,-1.000000e+000
1.317100e+002,3.476700e+002,0,0,-1.000000e+000,-1.000000e+000
1.385800e+002,3.477800e+002,0,0,-1.000000e+000,-1.000000e+000
2.006400e+002,3.480600e+002,0,0,-1.000000e+000,-1.000000e+000
1.790700e+002,3.499900e+002,0,0,-1.000000e+000,-1.000000e+000
1.380300e+002,3.504900e+002,0,0,-1.000000e+000,-1.000000e+000
1.086800e+002,3.507500e+002,0,0,-1.000000e+000,-1.000000e+000
1.086800e+002,3.507500e+002,0,0,-1.000000e+000,-1.000000e+000
5.349800e+002,3.516600e+002,0,0,-1.000000e+000,-1.000000e+000
1.720000e+002,3.529000e+002,0,0,-1.000000e+000,-1.000000e+000
2.375400e+002,3.532800e+002,0,0,-1.000000e+000,-1.000000e+000
1.090300e+002,3.541600e+002,0,0,-1.000000e+000,-1.000000e+000
1.470700e+002,3.540900e+002,0,0,-1.000000e+000,-1.000000e+000
2.864800e+002,3.544700e+002,1,1,2.910000e+002,3.545400e+002
5.247100e+002,3.546700e+002,0,0,-1.000000e+000,-1.000000e+000
2.221700e+002,3.548800e+002,1,1,2.229900e+002,3.560200e+002
2.221700e+002,3.548800e+002,1,1,2.229900e+002,3.560200e+002
1.010500e+002,3.556000e+002,0,0,-1.000000e+000,-1.000000e+000
1.010500e+002,3.556000e+002,0,0,-1.000000e+000,-1.000000e+000
1.093800e+002,3.577600e+002,0,0,-1.000000e+000,-1.000000e+000
1.313300e+002,3.576800e+002,0,0,-1.000000e+000,-1.000000e+000
1.008800e+002,3.591200e+002,0,0,-1.000000e+000,-1.000000e+000
1.828500e+002,3.601700e+002,0,0,-1.000000e+000,-1.000000e+000
2.440800e+002,3.598900e+002,0,0,-1.000000e+000,-1.000000e+000
2.481100e+002,3.619400e+002,0,0,-1.000000e+000,-1.000000e+000
1.784000e+002,3.624500e+002,1,1,1.788700e+002,3.634500e+002
1.738500e+002,3.631400e+002,0,0,-1.000000e+000,-1.000000e+000
1.738500e+002,3.631400e+002,0,0,-1.000000e+000,-1.000000e+000
1.158000e+002,3.635200e+002,0,0,-1.000000e+000,-1.000000e+000
1.768800e+002,3.644900e+002,0,0,-1.000000e+000,-1.000000e+000
1.685000e+002,3.660100e+002,1,1,1.692100e+002,3.672500e+002
1.734400e+002,3.660100e+002,0,0,-1.000000e+000,-1.000000e+000
1.601000e+002,3.684100e+002,0,0,-1.000000e+000,-1.000000e+000
9.405000e+001,3.706500e+002,1,1,9.499000e+001,3.718600e+002
1.257200e+002,3.707100e+002,0,0,-1.000000e+000,-1.000000e+000
5.452000e+001,3.726900e+002,0,0,-1.000000e+000,-1.000000e+000
5.452000e+001,3.726900e+002,0,0,-1.000000e+000,-1.000000e+000
8.868000e+001,3.724300e+002,0,0,-1.000000e+000,-1.000000e+000
1.033700e+002,3.726300e+002,0,0,-1.000000e+000,-1.000000e+000
7.201000e+001,3.728000e+002,0,0,-1.000000e+000,-1.000000e+000
7.201000e+001,3.728000e+002,0,0,-1.000000e+000,-1.000000e+000
5.203100e+002,3.739800e+002,1,0,4.713500e+002,4.018800e+002
4.845700e+002,3.750000e+002,0,0,-1.000000e+000,-1.000000e+000
1.227900e+002,3.763000e+002,0,0,-1.000000e+000,-1.000000e+000
5.157700e+002,3.761500e+002,0,0,-1.000000e+000,-1.000000e+000
5.070100e+002,3.810400e+002,0,0,-1.000000e+000,-1.000000e+000
1.024200e+002,3.825300e+002,0,0,-1.000000e+000,-1.000000e+000
4.745500e+002,3.831600e+002,0,0,-1.000000e+000,-1.000000e+000
1.260700e+002,3.839500e+002,0,0,-1.000000e+000,-1.000000e+000
4.512000e+001,3.852100e+002,1,1,4.548000e+001,3.865500e+002
6.976000e+001,3.854000e+002,0,0,-1.000000e+000,-1.000000e+000
4.991700e+002,3.852800e+002,0,0,-1.000000e+000,-1.000000e+000
5.435000e+001,3.871800e+002,1,0,1.019600e+002,3.600300e+002
4.951600e+002,3.875000e+002,1,0,5.175600e+002,3.772500e+002
1.407800e+002,3.878700e+002,0,0,-1.000000e+000,-1.000000e+000
4.994000e+002,3.880800e+002,0,0,-1.000000e+000,-1.000000e+000
7.820000e+001,3.885600e+002,0,0,-1.000000e+000,-1.000000e+000
1.187100e+002,3.896500e+002,0,0,-1.000000e+000,-1.000000e+000
1.187100e+002,3.896500e+002,1,1,1.192600e+002,3.906400e+002
9.835000e+001,3.922000e+002,0,0,-1.000000e+000,-1.000000e+000
1.182900e+002,3.927600e+002,0,0,-1.000000e+000,-1.000000e+000
4.838400e+002,3.933400e+002,0,0,-1.000000e+000,-1.000000e+000
2.965000e+001,3.943900e+002,0,0,-1.000000e+000,-1.000000e+000
1.716000e+002,3.943200e+002,0,0,-1.000000e+000,-1.000000e+000
5.076000e+001,3.967800e+002,0,0,-1.000000e+000,-1.000000e+000
9.124000e+001,3.990700e+002,0,0,-1.000000e+000,-1.000000e+000
7.740000e+001,3.996000e+002,0,0,-1.000000e+000,-1.000000e+000
7.740000e+001,3.996000e+002,0,0,-1.000000e+000,-1.000000e+000
4.356000e+001,4.012100e+002,0,0,-1.000000e+000,-1.000000e+000
4.682500e+002,4.014800e+002,0,0,-1.000000e+000,-1.000000e+000
7.131000e+001,4.019100e+002,0,0,-1.000000e+000,-1.000000e+000
8.459000e+001,4.024300e+002,0,0,-1.000000e+000,-1.000000e+000
2.758000e+001,4.030100e+002,0,0,-1.000000e+000,-1.000000e+000
1.006000e+002,4.034200e+002,0,0,-1.000000e+000,-1.000000e+000
5.121000e+001,4.047300e+002,0,0,-1.000000e+000,-1.000000e+000
9.281000e+001,4.062500e+002,0,0,-1.000000e+000,-1.000000e+000
4.268000e+001,4.069500e+002,1,0,3.388000e+001,4.137300e+002
9.258000e+001,4.092000e+002,0,0,-1.000000e+000,-1.000000e+000
4.587100e+002,4.095600e+002,0,0,-1.000000e+000,-1.000000e+000
1.542000e+001,4.105100e+002,0,0,-1.000000e+000,-1.000000e+000
8.848000e+001,4.113800e+002,0,0,-1.000000e+000,-1.000000e+000
1.222000e+001,4.119300e+002,0,0,-1.000000e+000,-1.000000e+000
8.426000e+001,4.120500e+002,0,0,-1.000000e+000,-1.000000e+000
9.220000e+001,4.125400e+002,0,0,-1.000000e+000,-1.000000e+000
1.032400e+002,4.135600e+002,0,0,-1.000000e+000,-1.000000e+000
1.679000e+001,4.144100e+002,1,1,1.768000e+001,4.153900e+002
8.392000e+001,4.153500e+002,1,0,7.557000e+001,4.224700e+002
4.040100e+002,4.161600e+002,1,0,3.886100e+002,4.253900e+002
1.358600e+002,4.174600e+002,0,0,-1.000000e+000,-1.000000e+000
1.358600e+002,4.174600e+002,0,0,-1.000000e+000,-1.000000e+000
7.549000e+001,4.180700e+002,0,0,-1.000000e+000,-1.000000e+000
4.350500e+002,4.188100e+002,0,0,-1.000000e+000,-1.000000e+000
1.329000e+002,4.195700e+002,0,0,-1.000000e+000,-1.000000e+000
1.329000e+002,4.195700e+002,0,0,-1.000000e+000,-1.000000e+000
4.793000e+001,4.200000e+002,1,0,2.895000e+001,4.331900e+002
5.936000e+001,4.210900e+002,0,0,-1.000000e+000,-1.000000e+000
7.465000e+001,4.209800e+002,0,0,-1.000000e+000,-1.000000e+000
4.357100e+002,4.213300e+002,0,0,-1.000000e+000,-1.000000e+000
4.156800e+002,4.288200e+002,0,0,-1.000000e+000,-1.000000e+000
6.154000e+001,4.292700e+002,0,0,-1.000000e+000,-1.000000e+000
4.122700e+002,4.307900e+002,0,0,-1.000000e+000,-1.000000e+000
3.398000e+001,4.334600e+002,0,0,-1.000000e+000,-1.000000e+000
5.644000e+001,4.337000e+002,0,0,-1.000000e+000,-1.000000e+000
4.067900e+002,4.334400e+002,0,0,-1.000000e+000,-1.000000e+000
2.973000e+001,4.350900e+002,0,0,-1.000000e+000,-1.000000e+000
4.035200e+002,4.350900e+002,0,0,-1.000000e+000,-1.000000e+000
3.761000e+001,4.369600e+002,0,0,-1.000000e+000,-1.000000e+000
3.665000e+001,4.431800e+002,0,0,-1.000000e+000,-1.000000e+000
3.538500e+002,4.434800e+002,0,0,-1.000000e+000,-1.000000e+000
3.872400e+002,4.434000e+002,0,0,-1.000000e+000,-1.000000e+000
3.677000e+001,4.461400e+002,0,0,-1.000000e+000,-1.000000e+000
5.380000e+000,4.511300e+002,0,0,-1.000000e+000,-1.000000e+000
9.059000e+001,4.525700e+002,1,0,9.848000e+001,4.491100e+002
5.181000e+001,4.535800e+002,0,0,-1.000000e+000,-1.000000e+000
3.254600e+002,4.574000e+002,0,0,-1.000000e+000,-1.000000e+000
7.631000e+001,4.593000e+002,0,0,-1.000000e+000,-1.000000e+000
7.631000e+001,4.593000e+002,1,0,6.041000e+001,4.712500e+002
1.699000e+001,4.614200e+002,0,0,-1.000000e+000,-1.000000e+000
3.518000e+001,4.652300e+002,0,0,-1.000000e+000,-1.000000e+000
3.063900e+002,4.669700e+002,1,0,3.333100e+002,4.555500e+002
5.996000e+001,4.699600e+002,0,0,-1.000000e+000,-1.000000e+000
5.996000e+001,4.699600e+002,0,0,-1.000000e+000,-1.000000e+000
5.458000e+001,4.735000e+002,0,0,-1.000000e+000,-1.000000e+000
5.458000e+001,4.735000e+002,0,0,-1.000000e+000,-1.000000e+000
5.063000e+001,4.760400e+002,1,1,5.314000e+001,4.758700e+002
5.063000e+001,4.760400e+002,1,1,5.314000e+001,4.758700e+002
5.153900e+002,1.436000e+001,1,1,5.170600e+002,1.568000e+001
4.422200e+002,3.106000e+001,0,0,-1.000000e+000,-1.000000e+000
4.422200e+002,3.106000e+001,0,0,-1.000000e+000,-1.000000e+000
3.942000e+002,3.718000e+001,0,0,-1.000000e+000,-1.000000e+000
6.186500e+002,5.467000e+001,0,0,-1.000000e+000,-1.000000e+000
5.864300e+002,5.608000e+001,0,0,-1.000000e+000,-1.000000e+000
4.148800e+002,6.711000e+001,1,1,4.161400e+002,6.840000e+001
4.148800e+002,6.711000e+001,1,1,4.161400e+002,6.840000e+001
5.318000e+002,6.706000e+001,0,0,-1.000000e+000,-1.000000e+000
5.310500e+002,7.245000e+001,1,1,5.326800e+002,7.388000e+001
5.309300e+002,8.118000e+001,0,0,-1.000000e+000,-1.000000e+000
5.298700e+002,9.094000e+001,0,0,-1.000000e+000,-1.000000e+000
6.357200e+002,9.116000e+001,0,0,-1.000000e+000,-1.000000e+000
4.440800e+002,9.271000e+001,0,0,-1.000000e+000,-1.000000e+000
2.346900e+002,9.509000e+001,0,0,-1.000000e+000,-1.000000e+000
4.115400e+002,1.005700e+002,0,0,-1.000000e+000,-1.000000e+000
6.095700e+002,1.030900e+002,0,0,-1.000000e+000,-1.000000e+000
5.286600e+002,1.124700e+002,0,0,-1.000000e+000,-1.000000e+000
1.531000e+002,1.240800e+002,1,1,1.542600e+002,1.252000e+002
4.171800e+002,1.288100e+002,0,0,-1.000000e+000,-1.000000e+000
6.098300e+002,1.296500e+002,1,0,6.118700e+002,1.277200e+002
1.546200e+002,1.376400e+002,0,0,-1.000000e+000,-1.000000e+000
3.836700e+002,1.420800e+002,0,0,-1.000000e+000,-1.000000e+000
4.376800e+002,1.420000e+002,1,1,4.421800e+002,1.424800e+002
4.681300e+002,1.462000e+002,0,0,-1.000000e+000,-1.000000e+000
5.259800e+002,1.467500e+002,1,1,5.273000e+002,1.476000e+002
4.002400e+002,1.505300e+002,0,0,-1.000000e+000,-1.000000e+000
4.971300e+002,1.597600e+002,1,1,4.981700e+002,1.610200e+002
5.857900e+002,1.632200e+002,1,1,5.873600e+002,1.645800e+002
3.065000e+002,1.655200e+002,0,0,-1.000000e+000,-1.000000e+000
6.179600e+002,1.674800e+002,0,0,-1.000000e+000,-1.000000e+000
3.060800e+002,1.687800e+002,0,0,-1.000000e+000,-1.000000e+000
3.157300e+002,1.701700e+002,0,0,-1.000000e+000,-1.000000e+000
5.937200e+002,1.706100e+002,0,0,-1.000000e+000,-1.000000e+000
3.079900e+002,1.719700e+002,0,0,-1.000000e+000,-1.000000e+000
5.411200e+002,1.734500e+002,0,0,-1.000000e+000,-1.000000e+000
5.729900e+002,1.733100e+002,0,0,-1.000000e+000,-1.000000e+000
3.785200e+002,1.740900e+002,0,0,-1.000000e+000,-1.000000e+000
5.861600e+002,1.743200e+002,1,1,5.877200e+002,1.756200e+002
5.808200e+002,1.774900e+002,0,0,-1.000000e+000,-1.000000e+000
3.832100e+002,1.796500e+002,1,1,3.825400e+002,1.805800e+002
3.832100e+002,1.796500e+002,1,1,3.825400e+002,1.805800e+002
2.877600e+002,1.804100e+002,0,0,-1.000000e+000,-1.000000e+000
5.577500e+002,1.835900e+002,0,0,-1.000000e+000,-1.000000e+000
5.607000e+002,1.911000e+002,0,0,-1.000000e+000,-1.000000e+000
4.042300e+002,1.938700e+002,1,0,4.136700e+002,2.003900e+002
4.263100e+002,1.962800e+002,0,0,-1.000000e+000,-1.000000e+000
5.839700e+002,1.968000e+002,0,0,-1.000000e+000,-1.000000e+000
5.318200e+002,1.976000e+002,0,0,-1.000000e+000,-1.000000e+000
5.591000e+002,2.004000e+002,0,0,-1.000000e+000,-1.000000e+000
6.195100e+002,2.056200e+002,0,0,-1.000000e+000,-1.000000e+000
6.195100e+002,2.056200e+002,0,0,-1.000000e+000,-1.000000e+000
2.585100e+002,2.071400e+002,1,1,2.595700e+002,2.084400e+002
4.283700e+002,2.090300e+002,0,0,-1.000000e+000,-1.000000e+000
2.557400e+002,2.096800e+002,0,0,-1.000000e+000,-1.000000e+000
2.663400e+002,2.145100e+002,0,0,-1.000000e+000,-1.000000e+000
4.770100e+002,2.151500e+002,0,0,-1.000000e+000,-1.000000e+000
6.090700e+002,2.159900e+002,1,1,6.095400e+002,2.178500e+002
4.701800e+002,2.169400e+002,0,0,-1.000000e+000,-1.000000e+000
5.562900e+002,2.191500e+002,1,1,5.579100e+002,2.204900e+002
5.866500e+002,2.195900e+002,0,0,-1.000000e+000,-1.000000e+000
4.803200e+002,2.205100e+002,1,1,4.816300e+002,2.218800e+002
5.998300e+002,2.220400e+002,1,1,6.017800e+002,2.228800e+002
1.639300e+002,2.246000e+002,0,0,-1.000000e+000,-1.000000e+000
4.759900e+002,2.259200e+002,1,1,4.775300e+002,2.270900e+002
2.804600e+002,2.273300e+002,0,0,-1.000000e+000,-1.000000e+000
2.835700e+002,2.302800e+002,1,0,3.014400e+002,2.474200e+002
1.756500e+002,2.411300e+002,1,1,1.768100e+002,2.421800e+002
2.552500e+002,2.499500e+002,1,1,2.566200e+002,2.512200e+002
4.579300e+002,2.576700e+002,1,1,4.595800e+002,2.590800e+002
4.426300e+002,2.624400e+002,0,0,-1.000000e+000,-1.000000e+000
4.824100e+002,2.735500e+002,0,0,-1.000000e+000,-1.000000e+000
1.215700e+002,2.802300e+002,1,1,1.227800e+002,2.811100e+002
1.215700e+002,2.802300e+002,1,1,1.227800e+002,2.811100e+002
3.591400e+002,2.883700e+002,0,0,-1.000000e+000,-1.000000e+000
3.634800e+002,2.891100e+002,1,1,3.644900e+002,2.904900e+002
1.545300e+002,2.906200e+002,1,1,1.559300e+002,2.915800e+002
4.800600e+002,2.916800e+002,1,1,4.815100e+002,2.931600e+002
3.564600e+002,2.961100e+002,1,1,3.571900e+002,2.972400e+002
4.389400e+002,2.971200e+002,1,1,4.404900e+002,2.986700e+002
4.700200e+002,3.005700e+002,0,0,-1.000000e+000,-1.000000e+000
1.015000e+001,3.019500e+002,0,0,-1.000000e+000,-1.000000e+000
5.700000e+000,3.031100e+002,0,0,-1.000000e+000,-1.000000e+000
6.121800e+002,3.109500e+002,0,0,-1.000000e+000,-1.000000e+000
2.645300e+002,3.147900e+002,0,0,-1.000000e+000,-1.000000e+000
2.521600e+002,3.321000e+002,0,0,-1.000000e+000,-1.000000e+000
1.640900e+002,3.325900e+002,0,0,-1.000000e+000,-1.000000e+000
1.640900e+002,3.325900e+002,0,0,-1.000000e+000,-1.000000e+000
1.940100e+002,3.356400e+002,0,0,-1.000000e+000,-1.000000e+000
1.272100e+002,3.360700e+002,1,1,1.276200e+002,3.376000e+002
2.193000e+002,3.372200e+002,1,0,2.089700e+002,3.257300e+002
1.348000e+002,3.386000e+002,1,0,1.094400e+002,3.553800e+002
1.953200e+002,3.402600e+002,1,1,1.958700e+002,3.414000e+002
1.953200e+002,3.402600e+002,1,1,1.958700e+002,3.414000e+002
2.224800e+002,3.411000e+002,0,0,-1.000000e+000,-1.000000e+000
2.098600e+002,3.413800e+002,1,1,2.104900e+002,3.429500e+002
5.475200e+002,3.420200e+002,0,0,-1.000000e+000,-1.000000e+000
1.577200e+002,3.429800e+002,0,0,-1.000000e+000,-1.000000e+000
1.463800e+002,3.433700e+002,1,1,1.472900e+002,3.445600e+002
1.463800e+002,3.433700e+002,0,0,-1.000000e+000,-1.000000e+000
1.379400e+002,3.440600e+002,0,0,-1.000000e+000,-1.000000e+000
2.016600e+002,3.446100e+002,0,0,-1.000000e+000,-1.000000e+000
2.016600e+002,3.446100e+002,0,0,-1.000000e+000,-1.000000e+000
1.233500e+002,3.469700e+002,0,0,-1.000000e+000,-1.000000e+000
1.199300e+002,3.482700e+002,0,0,-1.000000e+000,-1.000000e+000
1.715200e+002,3.491100e+002,1,1,1.725000e+002,3.502400e+002
1.876700e+002,3.492700e+002,0,0,-1.000000e+000,-1.000000e+000
1.876700e+002,3.492700e+002,1,1,1.880500e+002,3.500300e+002
2.344800e+002,3.495400e+002,0,0,-1.000000e+000,-1.000000e+000
1.979000e+002,3.498100e+002,0,0,-1.000000e+000,-1.000000e+000
1.140800e+002,3.504800e+002,1,0,7.833000e+001,3.735800e+002
1.281100e+002,3.503500e+002,0,0,-1.000000e+000,-1.000000e+000
1.782900e+002,3.534000e+002,0,0,-1.000000e+000,-1.000000e+000
1.377700e+002,3.591600e+002,0,0,-1.000000e+000,-1.000000e+000
9.257000e+001,3.639900e+002,0,0,-1.000000e+000,-1.000000e+000
1.121300e+002,3.642200e+002,0,0,-1.000000e+000,-1.000000e+000
1.121300e+002,3.642200e+002,0,0,-1.000000e+000,-1.000000e+000
8.469000e+001,3.657000e+002,0,0,-1.000000e+000,-1.000000e+000
1.009400e+002,3.665500e+002,0,0,-1.000000e+000,-1.000000e+000
1.147200e+002,3.663900e+002,0,0,-1.000000e+000,-1.000000e+000
9.323000e+001,3.676000e+002,0,0,-1.000000e+000,-1.000000e+000
8.407000e+001,3.697800e+002,1,1,8.557000e+001,3.713200e+002
1.038800e+002,3.694500e+002,1,1,1.048000e+002,3.703400e+002
1.038800e+002,3.694500e+002,1,1,1.048000e+002,3.703400e+002
5.233700e+002,3.720300e+002,0,0,-1.000000e+000,-1.000000e+000
7.772000e+001,3.723200e+002,0,0,-1.000000e+000,-1.000000e+000
9.201000e+001,3.723900e+002,0,0,-1.000000e+000,-1.000000e+000
8.343000e+001,3.737500e+002,0,0,-1.000000e+000,-1.000000e+000
9.589000e+001,3.743500e+002,0,0,-1.000000e+000,-1.000000e+000
8.010000e+001,3.754700e+002,0,0,-1.000000e+000,-1.000000e+000
1.089600e+002,3.755200e+002,0,0,-1.000000e+000,-1.000000e+000
8.416000e+001,3.770800e+002,1,1,8.534000e+001,3.779500e+002
6.339000e+001,3.781500e+002,0,0,-1.000000e+000,-1.000000e+000
6.339000e+001,3.781500e+002,0,0,-1.000000e+000,-1.000000e+000
6.339000e+001,3.781500e+002,0,0,-1.000000e+000,-1.000000e+000
1.067600e+002,3.777600e+002,0,0,-1.000000e+000,-1.000000e+000
1.266800e+002,3.789000e+002,1,1,1.274600e+002,3.800200e+002
8.730000e+001,3.794800e+002,0,0,-1.000000e+000,-1.000000e+000
8.730000e+001,3.794800e+002,0,0,-1.000000e+000,-1.000000e+000
8.730000e+001,3.794800e+002,0,0,-1.000000e+000,-1.000000e+000
7.127000e+001,3.808900e+002,1,1,7.243000e+001,3.819500e+002
6.323000e+001,3.817900e+002,0,0,-1.000000e+000,-1.000000e+000
7.546000e+001,3.822800e+002,1,0,6.804000e+001,3.885400e+002
9.817000e+001,3.827200e+002,0,0,-1.000000e+000,-1.000000e+000
5.472000e+001,3.835500e+002,0,0,-1.000000e+000,-1.000000e+000
5.472000e+001,3.835500e+002,0,0,-1.000000e+000,-1.000000e+000
5.472000e+001,3.835500e+002,1,0,6.424000e+001,3.792200e+002
7.906000e+001,3.851500e+002,0,0,-1.000000e+000,-1.000000e+000
7.906000e+001,3.851500e+002,0,0,-1.000000e+000,-1.000000e+000
6.410000e+001,3.854900e+002,0,0,-1.000000e+000,-1.000000e+000
1.012600e+002,3.856900e+002,0,0,-1.000000e+000,-1.000000e+000
1.012600e+002,3.856900e+002,0,0,-1.000000e+000,-1.000000e+000
1.298300e+002,3.862200e+002,1,1,1.307500e+002,3.876500e+002
6.764000e+001,3.871300e+002,0,0,-1.000000e+000,-1.000000e+000
8.914000e+001,3.876600e+002,0,0,-1.000000e+000,-1.000000e+000
4.551000e+001,3.890900e+002,0,0,-1.000000e+000,-1.000000e+000
9.210000e+001,3.899700e+002,0,0,-1.000000e+000,-1.000000e+000
1.105200e+002,3.898900e+002,0,0,-1.000000e+000,-1.000000e+000
6.987000e+001,3.904000e+002,0,0,-1.000000e+000,-1.000000e+000
6.987000e+001,3.904000e+002,0,0,-1.000000e+000,-1.000000e+000
6.987000e+001,3.904000e+002,0,0,-1.000000e+000,-1.000000e+000
5.522000e+001,3.908800e+002,1,1,5.559000e+001,3.921600e+002
4.425000e+001,3.926300e+002,0,0,-1.000000e+000,-1.000000e+000
8.058000e+001,3.935500e+002,0,0,-1.000000e+000,-1.000000e+000
4.610000e+001,3.946800e+002,0,0,-1.000000e+000,-1.000000e+000
1.017600e+002,3.948900e+002,0,0,-1.000000e+000,-1.000000e+000
1.262400e+002,3.950600e+002,1,1,1.270300e+002,3.959200e+002
6.103000e+001,3.958300e+002,0,0,-1.000000e+000,-1.000000e+000
6.103000e+001,3.958300e+002,0,0,-1.000000e+000,-1.000000e+000
3.147000e+001,3.970900e+002,0,0,-1.000000e+000,-1.000000e+000
3.147000e+001,3.970900e+002,0,0,-1.000000e+000,-1.000000e+000
3.724000e+001,3.970900e+002,1,1,3.780000e+001,3.979200e+002
1.336600e+002,3.980200e+002,0,0,-1.000000e+000,-1.000000e+000
1.040800e+002,3.983500e+002,1,1,1.053100e+002,3.995700e+002
1.014200e+002,4.004600e+002,0,0,-1.000000e+000,-1.000000e+000
5.192000e+001,4.014500e+002,1,1,5.295000e+001,4.024700e+002
5.192000e+001,4.014500e+002,1,1,5.295000e+001,4.024700e+002
7.511000e+001,4.017200e+002,0,0,-1.000000e+000,-1.000000e+000
7.511000e+001,4.017200e+002,0,0,-1.000000e+000,-1.000000e+000
1.156600e+002,4.020300e+002,1,1,1.157300e+002,4.024900e+002
1.156600e+002,4.020300e+002,0,0,-1.000000e+000,-1.000000e+000
2.222000e+001,4.027100e+002,0,0,-1.000000e+000,-1.000000e+000
2.222000e+001,4.027100e+002,0,0,-1.000000e+000,-1.000000e+000
3.976000e+001,4.038700e+002,0,0,-1.000000e+000,-1.000000e+000
3.181000e+001,4.046800e+002,0,0,-1.000000e+000,-1.000000e+000
6.305000e+001,4.049100e+002,0,0,-1.000000e+000,-1.000000e+000
3.544000e+001,4.062100e+002,0,0,-1.000000e+000,-1.000000e+000
8.466000e+001,4.061400e+002,0,0,-1.000000e+000,-1.000000e+000
6.653000e+001,4.079100e+002,0,0,-1.000000e+000,-1.000000e+000
1.223000e+001,4.084000e+002,1,1,1.323000e+001,4.094200e+002
7.181000e+001,4.091800e+002,0,0,-1.000000e+000,-1.000000e+000
5.376000e+001,4.106000e+002,0,0,-1.000000e+000,-1.000000e+000
2.091000e+001,4.114800e+002,0,0,-1.000000e+000,-1.000000e+000
7.503000e+001,4.117100e+002,0,0,-1.000000e+000,-1.000000e+000
3.330000e+001,4.130300e+002,0,0,-1.000000e+000,-1.000000e+000
3.330000e+001,4.130300e+002,0,0,-1.000000e+000,-1.000000e+000
8.765000e+001,4.142600e+002,0,0,-1.000000e+000,-1.000000e+000
2.380000e+000,4.143100e+002,1,1,3.670000e+000,4.156200e+002
2.380000e+000,4.143100e+002,0,0,-1.000000e+000,-1.000000e+000
6.300000e+001,4.150600e+002,0,0,-1.000000e+000,-1.000000e+000
6.661000e+001,4.176900e+002,0,0,-1.000000e+000,-1.000000e+000
3.490000e+001,4.222300e+002,0,0,-1.000000e+000,-1.000000e+000
5.735000e+001,4.238600e+002,0,0,-1.000000e+000,-1.000000e+000
4.384000e+001,4.271400e+002,0,0,-1.000000e+000,-1.000000e+000
2.487000e+001,4.283800e+002,0,0,-1.000000e+000,-1.000000e+000
5.632000e+001,4.300500e+002,0,0,-1.000000e+000,-1.000000e+000
5.632000e+001,4.300500e+002,1,1,5.723000e+001,4.310500e+002
2.980000e+000,4.312500e+002,0,0,-1.000000e+000,-1.000000e+000
2.980000e+000,4.312500e+002,0,0,-1.000000e+000,-1.000000e+000
1.496000e+001,4.349700e+002,0,0,-1.000000e+000,-1.000000e+000
3.958000e+002,4.388900e+002,0,0,-1.000000e+000,-1.000000e+000
2.418000e+001,4.398200e+002,0,0,-1.000000e+000,-1.000000e+000
4.740000e+000,4.441100e+002,1,1,5.400000e+000,4.450300e+002
1.168000e+001,4.506600e+002,0,0,-1.000000e+000,-1.000000e+000
3.412000e+001,4.559900e+002,1,1,3.521000e+001,4.569500e+002
1.887000e+001,4.570100e+002,0,0,-1.000000e+000,-1.000000e+000
3.444800e+002,4.684100e+002,0,0,-1.000000e+000,-1.000000e+000
3.315300e+002,4.713700e+002,1,1,3.320500e+002,4.729500e+002
3.315300e+002,4.713700e+002,1,1,3.320500e+002,4.729500e+002
6.038200e+002,5.010000e+000,0,0,-1.000000e+000,-1.000000e+000
5.273700e+002,3.950000e+001,1,1,5.289500e+002,4.031000e+001
5.357600e+002,6.118000e+001,1,1,5.371400e+002,6.216000e+001
5.303500e+002,8.224000e+001,0,0,-1.000000e+000,-1.000000e+000
5.333000e+002,9.329000e+001,0,0,-1.000000e+000,-1.000000e+000
5.333000e+002,9.329000e+001,1,0,5.352500e+002,8.447000e+001
5.329600e+002,9.729000e+001,0,0,-1.000000e+000,-1.000000e+000
5.329600e+002,9.729000e+001,0,0,-1.000000e+000,-1.000000e+000
6.106200e+002,1.249200e+002,0,0,-1.000000e+000,-1.000000e+000
5.307500e+002,1.296900e+002,0,0,-1.000000e+000,-1.000000e+000
5.259500e+002,1.384700e+002,0,0,-1.000000e+000,-1.000000e+000
6.073900e+002,1.507400e+002,1,1,6.093300e+002,1.517700e+002
3.988400e+002,1.542600e+002,0,0,-1.000000e+000,-1.000000e+000
5.249100e+002,1.554700e+002,1,1,5.262600e+002,1.566800e+002
5.249100e+002,1.554700e+002,1,1,5.262600e+002,1.566800e+002
3.587700e+002,1.647400e+002,1,1,3.590700e+002,1.659000e+002
5.282000e+002,1.679300e+002,1,1,5.297000e+002,1.690200e+002
6.114500e+002,1.826400e+002,1,1,6.130300e+002,1.840800e+002
5.610700e+002,1.903100e+002,0,0,-1.000000e+000,-1.000000e+000
5.258100e+002,2.003700e+002,1,1,5.275200e+002,2.016400e+002
5.685100e+002,2.053300e+002,1,1,5.701400e+002,2.064900e+002
5.685100e+002,2.053300e+002,1,1,5.701400e+002,2.064900e+002
5.836300e+002,2.219600e+002,0,0,-1.000000e+000,-1.000000e+000
2.539500e+002,2.282100e+002,1,1,2.554100e+002,2.293300e+002
5.265800e+002,2.282900e+002,1,1,5.281500e+002,2.291900e+002
1.609200e+002,2.293700e+002,0,0,-1.000000e+000,-1.000000e+000
4.909600e+002,2.413800e+002,1,1,4.923900e+002,2.429000e+002
2.424900e+002,2.443700e+002,1,1,2.441300e+002,2.456800e+002
1.781400e+002,2.512800e+002,1,1,1.793800e+002,2.521100e+002
3.362800e+002,2.829200e+002,0,0,-1.000000e+000,-1.000000e+000
3.593900e+002,2.996300e+002,1,1,3.611900e+002,3.005900e+002
1.525700e+002,3.147600e+002,1,1,1.548000e+002,3.150100e+002
6.229000e+002,3.157200e+002,0,0,-1.000000e+000,-1.000000e+000
1.432800e+002,3.186400e+002,1,1,1.453000e+002,3.191900e+002
6.167100e+002,3.192600e+002,0,0,-1.000000e+000,-1.000000e+000
1.753800e+002,3.271100e+002,0,0,-1.000000e+000,-1.000000e+000
1.811800e+002,3.314300e+002,1,1,1.820200e+002,3.321500e+002
1.742400e+002,3.355500e+002,0,0,-1.000000e+000,-1.000000e+000
1.742400e+002,3.355500e+002,0,0,-1.000000e+000,-1.000000e+000
1.880600e+002,3.359200e+002,0,0,-1.000000e+000,-1.000000e+000
1.567200e+002,3.380500e+002,1,1,1.576200e+002,3.391500e+002
1.666200e+002,3.399500e+002,1,1,1.678000e+002,3.412600e+002
1.815400e+002,3.410200e+002,1,1,1.826200e+002,3.422500e+002
1.815400e+002,3.410200e+002,1,1,1.826200e+002,3.422500e+002
1.318300e+002,3.433300e+002,0,0,-1.000000e+000,-1.000000e+000
1.739000e+002,3.451600e+002,1,1,1.750600e+002,3.462400e+002
1.889100e+002,3.450000e+002,1,1,1.901700e+002,3.462200e+002
1.438900e+002,3.467800e+002,1,1,1.446000e+002,3.479100e+002
1.809600e+002,3.497700e+002,1,1,1.817800e+002,3.508700e+002
1.362600e+002,3.515400e+002,1,1,1.372100e+002,3.522700e+002
1.311600e+002,3.535100e+002,1,1,1.317700e+002,3.544300e+002
1.074000e+002,3.546100e+002,0,0,-1.000000e+000,-1.000000e+000
1.074000e+002,3.546100e+002,0,0,-1.000000e+000,-1.000000e+000
1.860700e+002,3.585200e+002,1,1,1.866200e+002,3.593700e+002
1.002900e+002,3.593700e+002,0,0,-1.000000e+000,-1.000000e+000
9.117000e+001,3.643300e+002,0,0,-1.000000e+000,-1.000000e+000
9.117000e+001,3.643300e+002,1,1,9.168000e+001,3.654500e+002
1.599800e+002,3.644500e+002,1,1,1.608500e+002,3.656500e+002
1.723800e+002,3.664200e+002,0,0,-1.000000e+000,-1.000000e+000
1.723800e+002,3.664200e+002,0,0,-1.000000e+000,-1.000000e+000
1.184900e+002,3.699500e+002,1,1,1.192900e+002,3.710000e+002
1.641200e+002,3.711400e+002,1,1,1.649700e+002,3.723000e+002
1.274700e+002,3.742000e+002,0,0,-1.000000e+000,-1.000000e+000
1.599400e+002,3.744700e+002,1,1,1.602500e+002,3.752200e+002
1.110700e+002,3.751900e+002,0,0,-1.000000e+000,-1.000000e+000
1.110700e+002,3.751900e+002,0,0,-1.000000e+000,-1.000000e+000
7.018000e+001,3.769800e+002,0,0,-1.000000e+000,-1.000000e+000
7.018000e+001,3.769800e+002,0,0,-1.000000e+000,-1.000000e+000
8.445000e+001,3.832300e+002,0,0,-1.000000e+000,-1.000000e+000
8.445000e+001,3.832300e+002,0,0,-1.000000e+000,-1.000000e+000
4.750300e+002,3.834000e+002,0,0,-1.000000e+000,-1.000000e+000
1.120400e+002,3.851700e+002,0,0,-1.000000e+000,-1.000000e+000
5.275000e+001,3.876300e+002,0,0,-1.000000e+000,-1.000000e+000
5.275000e+001,3.876300e+002,0,0,-1.000000e+000,-1.000000e+000
1.451200e+002,3.898700e+002,0,0,-1.000000e+000,-1.000000e+000
8.897000e+001,3.963100e+002,0,0,-1.000000e+000,-1.000000e+000
4.331000e+001,3.977600e+002,0,0,-1.000000e+000,-1.000000e+000
1.069600e+002,3.983000e+002,0,0,-1.000000e+000,-1.000000e+000
3.026000e+001,4.010400e+002,0,0,-1.000000e+000,-1.000000e+000
8.049000e+001,4.024200e+002,1,1,8.137000e+001,4.032800e+002
1.047900e+002,4.026500e+002,1,1,1.057200e+002,4.038400e+002
1.254200e+002,4.033000e+002,1,1,1.257500e+002,4.048400e+002
1.132400e+002,4.058400e+002,1,1,1.129300e+002,4.073100e+002
2.155000e+001,4.067700e+002,0,0,-1.000000e+000,-1.000000e+000
9.628000e+001,4.084300e+002,0,0,-1.000000e+000,-1.000000e+000
1.121000e+002,4.122200e+002,0,0,-1.000000e+000,-1.000000e+000
1.121000e+002,4.122200e+002,0,0,-1.000000e+000,-1.000000e+000
5.656000e+001,4.128500e+002,0,0,-1.000000e+000,-1.000000e+000
2.094000e+001,4.152200e+002,0,0,-1.000000e+000,-1.000000e+000
1.075300e+002,4.151400e+002,1,0,7.527000e+001,4.384200e+002
1.075300e+002,4.151400e+002,1,0,7.527000e+001,4.384200e+002
8.225000e+001,4.153500e+002,0,0,-1.000000e+000,-1.000000e+000
4.454000e+001,4.165100e+002,0,0,-1.000000e+000,-1.000000e+000
4.454000e+001,4.165100e+002,1,0,3.598000e+001,4.235700e+002
7.884000e+001,4.203100e+002,0,0,-1.000000e+000,-1.000000e+000
3.778000e+001,4.249900e+002,1,1,3.871000e+001,4.261200e+002
1.358000e+001,4.252900e+002,1,1,1.451000e+001,4.263000e+002
6.920000e+001,4.261600e+002,0,0,-1.000000e+000,-1.000000e+000
9.137000e+001,4.260100e+002,0,0,-1.000000e+000,-1.000000e+000
9.137000e+001,4.260100e+002,0,0,-1.000000e+000,-1.000000e+000
2.822000e+001,4.313900e+002,0,0,-1.000000e+000,-1.000000e+000
6.015000e+001,4.324700e+002,1,1,6.055000e+001,4.334100e+002
6.015000e+001,4.324700e+002,1,1,6.055000e+001,4.334100e+002
4.740000e+001,4.367000e+002,0,0,-1.000000e+000,-1.000000e+000
7.609000e+001,4.362900e+002,0,0,-1.000000e+000,-1.000000e+000
7.609000e+001,4.362900e+002,0,0,-1.000000e+000,-1.000000e+000
5.021000e+001,4.386900e+002,1,1,5.075000e+001,4.399000e+002
5.946000e+001,4.390200e+002,1,1,6.015000e+001,4.400400e+002
5.946000e+001,4.390200e+002,1,1,6.015000e+001,4.400400e+002
2.769000e+001,4.424500e+002,1,1,2.846000e+001,4.435800e+002
5.779000e+001,4.435300e+002,0,0,-1.000000e+000,-1.000000e+000
3.988000e+001,4.453200e+002,0,0,-1.000000e+000,-1.000000e+000
3.988000e+001,4.453200e+002,1,1,4.072000e+001,4.462500e+002
4.774000e+001,4.478600e+002,1,1,4.817000e+001,4.486000e+002
5.853000e+001,4.484200e+002,0,0,-1.000000e+000,-1.000000e+000
8.780000e+000,4.534400e+002,0,0,-1.000000e+000,-1.000000e+000
8.780000e+000,4.534400e+002,0,0,-1.000000e+000,-1.000000e+000
3.982000e+001,4.548900e+002,1,1,4.058000e+001,4.559300e+002
4.363000e+001,4.584900e+002,0,0,-1.000000e+000,-1.000000e+000
5.893700e+002,6.450000e+000,1,1,5.908300e+002,7.290000e+000
6.018600e+002,3.207000e+001,1,1,6.037200e+002,3.305000e+001
6.018600e+002,3.207000e+001,1,1,6.037200e+002,3.305000e+001
6.137800e+002,5.421000e+001,1,1,6.157200e+002,5.503000e+001
6.137800e+002,5.421000e+001,0,0,-1.000000e+000,-1.000000e+000
6.181800e+002,6.095000e+001,1,1,6.197100e+002,6.188000e+001
5.302700e+002,1.352500e+002,0,0,-1.000000e+000,-1.000000e+000
5.302700e+002,1.352500e+002,0,0,-1.000000e+000,-1.000000e+000
3.876700e+002,1.449300e+002,1,1,3.888000e+002,1.461900e+002
5.200600e+002,1.512500e+002,1,1,5.224400e+002,1.522800e+002
3.990900e+002,1.547400e+002,0,0,-1.000000e+000,-1.000000e+000
5.887400e+002,1.585800e+002,0,0,-1.000000e+000,-1.000000e+000
5.288000e+002,1.590900e+002,1,1,5.301300e+002,1.603700e+002
3.805000e+002,1.791500e+002,0,0,-1.000000e+000,-1.000000e+000
3.805000e+002,1.791500e+002,0,0,-1.000000e+000,-1.000000e+000
5.453900e+002,1.932900e+002,1,1,5.465000e+002,1.952000e+002
4.656500e+002,2.139600e+002,1,1,4.669600e+002,2.138800e+002
5.968000e+002,2.285800e+002,1,1,5.981900e+002,2.297600e+002
2.225500e+002,2.432200e+002,1,1,2.236600e+002,2.442500e+002
1.783600e+002,2.510500e+002,0,0,-1.000000e+000,-1.000000e+000
4.817000e+002,2.692600e+002,1,1,4.828800e+002,2.699700e+002
1.206800e+002,2.814400e+002,0,0,-1.000000e+000,-1.000000e+000
1.206800e+002,2.814400e+002,0,0,-1.000000e+000,-1.000000e+000
3.412500e+002,2.815100e+002,0,0,-1.000000e+000,-1.000000e+000
1.977200e+002,3.114600e+002,1,1,1.980400e+002,3.141100e+002
3.835200e+002,3.136800e+002,0,0,-1.000000e+000,-1.000000e+000
3.835200e+002,3.136800e+002,0,0,-1.000000e+000,-1.000000e+000
1.391300e+002,3.384000e+002,1,1,1.401900e+002,3.396300e+002
1.391300e+002,3.384000e+002,0,0,-1.000000e+000,-1.000000e+000
1.524400e+002,3.408100e+002,0,0,-1.000000e+000,-1.000000e+000
1.524400e+002,3.408100e+002,1,1,1.534600e+002,3.419400e+002
2.019400e+002,3.508500e+002,0,0,-1.000000e+000,-1.000000e+000
1.506200e+002,3.520100e+002,1,1,1.514400e+002,3.531400e+002
1.506200e+002,3.520100e+002,1,1,1.514400e+002,3.531400e+002
1.130700e+002,3.543200e+002,1,1,1.139200e+002,3.556600e+002
1.892600e+002,3.538700e+002,1,1,1.901600e+002,3.551600e+002
1.432100e+002,3.570100e+002,1,1,1.440700e+002,3.580900e+002
1.053100e+002,3.592100e+002,0,0,-1.000000e+000,-1.000000e+000
1.814900e+002,3.603900e+002,1,1,1.821300e+002,3.612500e+002
9.695000e+001,3.640600e+002,1,1,9.780000e+001,3.652700e+002
1.706400e+002,3.720200e+002,1,1,1.714800e+002,3.731600e+002
1.597400e+002,3.743800e+002,0,0,-1.000000e+000,-1.000000e+000
1.535400e+002,3.784100e+002,0,0,-1.000000e+000,-1.000000e+000
1.535400e+002,3.784100e+002,0,0,-1.000000e+000,-1.000000e+000
1.535400e+002,3.784100e+002,0,0,-1.000000e+000,-1.000000e+000
8.157000e+001,3.798000e+002,0,0,-1.000000e+000,-1.000000e+000
1.032800e+002,3.809500e+002,0,0,-1.000000e+000,-1.000000e+000
1.032800e+002,3.809500e+002,0,0,-1.000000e+000,-1.000000e+000
6.711000e+001,3.814800e+002,0,0,-1.000000e+000,-1.000000e+000
1.426200e+002,3.856000e+002,1,1,1.435100e+002,3.868100e+002
1.426200e+002,3.856000e+002,1,1,1.435100e+002,3.868100e+002
9.503000e+001,3.863000e+002,1,1,9.591000e+001,3.872800e+002
9.503000e+001,3.863000e+002,0,0,-1.000000e+000,-1.000000e+000
1.502900e+002,3.858400e+002,0,0,-1.000000e+000,-1.000000e+000
5.859000e+001,3.871300e+002,0,0,-1.000000e+000,-1.000000e+000
1.234400e+002,3.873500e+002,0,0,-1.000000e+000,-1.000000e+000
1.234400e+002,3.873500e+002,1,1,1.242900e+002,3.885300e+002
1.042400e+002,3.906500e+002,0,0,-1.000000e+000,-1.000000e+000
8.632000e+001,3.916900e+002,1,1,8.727000e+001,3.927500e+002
8.632000e+001,3.916900e+002,1,1,8.727000e+001,3.927500e+002
1.326500e+002,3.922600e+002,1,1,1.334900e+002,3.932700e+002
1.326500e+002,3.922600e+002,1,1,1.334900e+002,3.932700e+002
1.152500e+002,3.928400e+002,1,1,1.160000e+002,3.939400e+002
1.400800e+002,3.925200e+002,0,0,-1.000000e+000,-1.000000e+000
9.541000e+001,3.958900e+002,0,0,-1.000000e+000,-1.000000e+000
7.799000e+001,3.973900e+002,0,0,-1.000000e+000,-1.000000e+000
7.799000e+001,3.973900e+002,1,1,7.867000e+001,3.982300e+002
1.071900e+002,3.982100e+002,1,1,1.073200e+002,3.992000e+002
1.071900e+002,3.982100e+002,1,1,1.073200e+002,3.992000e+002
6.848000e+001,4.025800e+002,0,0,-1.000000e+000,-1.000000e+000
6.848000e+001,4.025800e+002,0,0,-1.000000e+000,-1.000000e+000
8.714000e+001,4.017100e+002,1,1,8.786000e+001,4.027200e+002
8.714000e+001,4.017100e+002,1,1,8.786000e+001,4.027200e+002
4.855000e+001,4.050800e+002,0,0,-1.000000e+000,-1.000000e+000
1.121700e+002,4.059700e+002,0,0,-1.000000e+000,-1.000000e+000
1.920000e+001,4.072700e+002,1,1,2.015000e+001,4.080300e+002
2.623000e+001,4.067400e+002,1,1,2.705000e+001,4.079700e+002
7.799000e+001,4.070100e+002,1,1,7.883000e+001,4.081900e+002
7.799000e+001,4.070100e+002,1,1,7.883000e+001,4.081900e+002
5.928000e+001,4.084700e+002,0,0,-1.000000e+000,-1.000000e+000
5.928000e+001,4.084700e+002,0,0,-1.000000e+000,-1.000000e+000
3.908000e+001,4.111500e+002,1,1,4.016000e+001,4.119600e+002
9.070000e+000,4.131200e+002,1,1,9.950000e+000,4.139800e+002
6.860000e+001,4.127800e+002,0,0,-1.000000e+000,-1.000000e+000
5.034000e+001,4.145200e+002,0,0,-1.000000e+000,-1.000000e+000
8.079000e+001,4.153500e+002,0,0,-1.000000e+000,-1.000000e+000
8.079000e+001,4.153500e+002,0,0,-1.000000e+000,-1.000000e+000
5.945000e+001,4.187500e+002,0,0,-1.000000e+000,-1.000000e+000
5.945000e+001,4.187500e+002,0,0,-1.000000e+000,-1.000000e+000
4.029000e+001,4.201500e+002,0,0,-1.000000e+000,-1.000000e+000
4.029000e+001,4.201500e+002,0,0,-1.000000e+000,-1.000000e+000
7.088000e+001,4.213100e+002,0,0,-1.000000e+000,-1.000000e+000
5.017000e+001,4.248500e+002,1,1,5.119000e+001,4.260000e+002
6.182000e+001,4.273200e+002,1,1,6.283000e+001,4.283100e+002
4.028000e+001,4.311000e+002,1,1,4.147000e+001,4.319800e+002
5.284000e+001,4.337200e+002,1,1,5.334000e+001,4.346500e+002
3.111000e+001,4.373500e+002,1,1,3.202000e+001,4.384900e+002
3.111000e+001,4.373500e+002,0,0,-1.000000e+000,-1.000000e+000
4.313000e+001,4.404400e+002,1,1,4.396000e+001,4.413900e+002
3.210000e+001,4.465400e+002,1,1,3.304000e+001,4.475700e+002
2.191000e+001,4.652400e+002,0,0,-1.000000e+000,-1.000000e+000
2.191000e+001,4.652400e+002,0,0,-1.000000e+000,-1.000000e+000
5.199500e+002,9.090000e+000,0,0,-1.000000e+000,-1.000000e+000
5.493400e+002,6.915000e+001,1,1,5.503000e+002,7.035000e+001
6.158000e+002,8.511000e+001,0,0,-1.000000e+000,-1.000000e+000
3.864600e+002,1.377500e+002,1,1,3.881400e+002,1.388200e+002
5.287000e+002,1.500600e+002,1,1,5.300000e+002,1.510300e+002
5.285900e+002,1.672900e+002,1,1,5.298700e+002,1.687700e+002
6.095500e+002,1.701600e+002,0,0,-1.000000e+000,-1.000000e+000
5.545900e+002,1.770600e+002,0,0,-1.000000e+000,-1.000000e+000
3.793400e+002,1.790200e+002,0,0,-1.000000e+000,-1.000000e+000
3.793400e+002,1.790200e+002,0,0,-1.000000e+000,-1.000000e+000
5.624100e+002,1.882400e+002,1,1,5.639600e+002,1.893000e+002
5.626400e+002,2.097100e+002,0,0,-1.000000e+000,-1.000000e+000
5.574100e+002,2.268300e+002,0,0,-1.000000e+000,-1.000000e+000
2.313000e+002,2.329600e+002,1,1,2.320900e+002,2.340000e+002
2.313000e+002,2.329600e+002,1,1,2.320900e+002,2.340000e+002
4.347700e+002,2.657600e+002,1,1,4.357100e+002,2.669900e+002
5.821900e+002,3.447200e+002,0,0,-1.000000e+000,-1.000000e+000
9.443000e+001,3.544900e+002,0,0,-1.000000e+000,-1.000000e+000
1.739200e+002,3.573900e+002,0,0,-1.000000e+000,-1.000000e+000
1.167800e+002,3.599100e+002,1,1,1.179900e+002,3.609400e+002
1.781400e+002,3.666400e+002,1,1,1.789400e+002,3.679500e+002
9.876000e+001,3.696500e+002,1,1,9.985000e+001,3.708700e+002
8.999000e+001,3.741500e+002,1,1,9.078000e+001,3.753900e+002
7.557000e+001,3.762800e+002,0,0,-1.000000e+000,-1.000000e+000
7.557000e+001,3.762800e+002,1,1,7.640000e+001,3.770500e+002
7.312000e+001,3.851500e+002,1,1,7.414000e+001,3.862100e+002
6.428000e+001,3.906900e+002,1,1,6.536000e+001,3.916200e+002
1.220000e+002,3.991100e+002,1,1,1.227900e+002,4.002900e+002
1.220000e+002,3.991100e+002,1,1,1.227900e+002,4.002900e+002
1.298900e+002,3.991700e+002,0,0,-1.000000e+000,-1.000000e+000
4.659000e+001,4.027200e+002,0,0,-1.000000e+000,-1.000000e+000
4.659000e+001,4.027200e+002,1,1,4.779000e+001,4.039200e+002
1.191600e+002,4.062800e+002,1,1,1.199500e+002,4.073700e+002
3.683000e+001,4.079500e+002,1,1,3.800000e+001,4.089800e+002
1.628000e+001,4.125600e+002,0,0,-1.000000e+000,-1.000000e+000
2.717000e+001,4.137500e+002,1,1,2.821000e+001,4.147200e+002
1.725000e+001,4.197700e+002,1,1,1.819000e+001,4.206200e+002
3.091000e+001,4.260500e+002,0,0,-1.000000e+000,-1.000000e+000
2.103000e+001,4.323800e+002,0,0,-1.000000e+000,-1.000000e+000
6.542000e+001,4.364700e+002,1,1,6.613000e+001,4.375700e+002
6.361000e+001,4.433400e+002,1,1,6.447000e+001,4.445700e+002
5.438000e+001,4.441000e+002,1,1,5.504000e+001,4.451700e+002
5.438000e+001,4.441000e+002,1,1,5.504000e+001,4.451700e+002
4.259000e+001,4.522900e+002,1,1,4.326000e+001,4.533000e+002
4.259000e+001,4.522900e+002,0,0,-1.000000e+000,-1.000000e+000
4.259000e+001,4.522900e+002,1,1,4.326000e+001,4.533000e+002
5.092000e+001,4.519400e+002,1,1,5.162000e+001,4.530000e+002
3.016000e+001,4.601900e+002,1,1,3.019000e+001,4.616300e+002
3.851000e+001,4.603900e+002,0,0,-1.000000e+000,-1.000000e+000
5.892600e+002,1.524000e+001,1,1,5.908900e+002,1.641000e+001
5.892600e+002,1.524000e+001,1,1,5.908900e+002,1.641000e+001
5.174800e+002,2.098000e+001,1,1,5.191300e+002,2.210000e+001
5.251000e+002,4.433000e+001,1,1,5.267500e+002,4.540000e+001
4.972000e+002,1.552400e+002,1,1,5.007300e+002,1.566000e+002
1.764000e+002,2.131800e+002,1,1,1.770100e+002,2.143600e+002
1.769100e+002,2.299200e+002,1,1,1.783300e+002,2.306500e+002
5.239000e+002,2.309600e+002,0,0,-1.000000e+000,-1.000000e+000
2.249200e+002,2.373400e+002,1,1,2.265500e+002,2.386100e+002
2.499900e+002,2.451500e+002,1,1,2.513600e+002,2.462600e+002
2.499900e+002,2.451500e+002,1,1,2.513600e+002,2.462600e+002
2.493400e+002,2.875000e+002,1,1,2.492600e+002,2.882500e+002
4.846100e+002,2.899100e+002,1,1,4.857300e+002,2.914500e+002
3.427400e+002,3.295300e+002,0,0,-1.000000e+000,-1.000000e+000
5.426800e+002,3.680600e+002,1,1,5.436700e+002,3.697600e+002
5.256900e+002,3.769200e+002,0,0,-1.000000e+000,-1.000000e+000
5.908800e+002,1.354000e+001,0,0,-1.000000e+000,-1.000000e+000
5.908800e+002,1.354000e+001,0,0,-1.000000e+000,-1.000000e+000
5.189700e+002,5.235000e+001,1,1,5.207100e+002,5.412000e+001
4.484300e+002,1.465300e+002,0,0,-1.000000e+000,-1.000000e+000
3.747800e+002,1.785300e+002,0,0,-1.000000e+000,-1.000000e+000
3.747800e+002,1.785300e+002,0,0,-1.000000e+000,-1.000000e+000
5.728000e+002,1.898300e+002,1,1,5.742800e+002,1.909800e+002
5.576000e+002,2.300500e+002,1,1,5.590800e+002,2.308600e+002
1.827400e+002,2.472200e+002,1,1,1.838700e+002,2.481700e+002
4.646400e+002,2.584100e+002,1,1,4.659200e+002,2.597100e+002
4.912300e+002,2.629400e+002,1,1,4.924700e+002,2.645000e+002
4.788300e+002,2.808200e+002,1,1,4.798300e+002,2.819600e+002
4.354700e+002,3.005300e+002,1,1,4.359500e+002,3.018700e+002
1.367400e+002,3.060200e+002,1,1,1.382900e+002,3.070200e+002
2.260200e+002,3.130400e+002,0,0,-1.000000e+000,-1.000000e+000
3.867600e+002,3.147000e+002,0,0,-1.000000e+000,-1.000000e+000
5.637300e+002,3.424400e+002,1,1,5.648500e+002,3.443200e+002
5.459400e+002,3.505200e+002,1,1,5.472200e+002,3.518500e+002
2.312600e+002,3.557000e+002,1,1,2.319700e+002,3.563300e+002
1.698700e+002,3.577400e+002,1,1,1.713600e+002,3.589100e+002
1.893400e+002,3.680000e+002,0,0,-1.000000e+000,-1.000000e+000
1.893400e+002,3.680000e+002,0,0,-1.000000e+000,-1.000000e+000
1.451900e+002,1.283800e+002,1,1,1.459500e+002,1.302600e+002
1.451900e+002,1.283800e+002,1,1,1.459500e+002,1.302600e+002
6.015800e+002,1.416700e+002,1,1,6.033700e+002,1.426700e+002
6.165000e+002,1.427000e+002,1,1,6.182600e+002,1.441300e+002
4.743100e+002,1.437700e+002,1,1,4.756300e+002,1.456200e+002
5.729900e+002,1.638800e+002,0,0,-1.000000e+000,-1.000000e+000
1.742100e+002,1.719400e+002,0,0,-1.000000e+000,-1.000000e+000
2.668100e+002,2.095400e+002,1,1,2.692200e+002,2.108900e+002
4.548700e+002,2.173200e+002,0,0,-1.000000e+000,-1.000000e+000
4.548700e+002,2.173200e+002,0,0,-1.000000e+000,-1.000000e+000
2.656500e+002,2.246000e+002,1,1,2.669800e+002,2.261100e+002
5.580300e+002,2.310800e+002,0,0,-1.000000e+000,-1.000000e+000
2.492300e+002,2.334600e+002,1,1,2.511900e+002,2.345500e+002
2.383700e+002,2.352200e+002,1,1,2.389700e+002,2.364200e+002
1.674200e+002,2.715100e+002,1,1,1.673800e+002,2.727900e+002
1.426100e+002,2.905300e+002,1,1,1.442500e+002,2.916200e+002
3.614700e+002,2.907300e+002,1,1,3.625900e+002,2.917700e+002
3.452400e+002,3.236900e+002,1,1,3.458500e+002,3.254600e+002
5.692000e+001,3.320000e+002,1,1,5.786000e+001,3.333400e+002
2.199900e+002,3.457800e+002,1,1,2.208700e+002,3.471100e+002
1.535700e+002,1.144700e+002,1,1,1.545100e+002,1.156500e+002
3.724700e+002,1.417100e+002,1,0,3.689500e+002,1.431900e+002
4.483700e+002,1.483900e+002,1,1,4.500700e+002,1.486200e+002
5.666500e+002,1.782300e+002,1,1,5.680000e+002,1.793800e+002
4.773000e+002,2.250100e+002,1,1,4.785200e+002,2.261700e+002
4.773000e+002,2.250100e+002,1,1,4.785200e+002,2.261700e+002
4.690800e+002,2.432100e+002,0,0,-1.000000e+000,-1.000000e+000
4.939200e+002,2.670800e+002,1,1,4.949300e+002,2.691700e+002
1.570700e+002,2.870300e+002,1,1,1.580600e+002,2.881100e+002
2.102300e+002,3.127300e+002,1,1,2.113700e+002,3.141300e+002
3.453200e+002,3.225700e+002,1,1,3.461500e+002,3.238500e+002
1.306500e+002,3.263000e+002,0,0,-1.000000e+000,-1.000000e+000
5.690300e+002,2.005900e+002,1,1,5.704700e+002,2.004200e+002
4.492300e+002,2.525800e+002,0,0,-1.000000e+000,-1.000000e+000
1.505200e+002,2.463800e+002,1,1,1.511100e+002,2.467100e+002
2.153800e+002,2.528500e+002,0,0,-1.000000e+000,-1.000000e+000
4.953300e+002,2.685600e+002,0,0,-1.000000e+000,-1.000000e+000
1.296900e+002,2.721200e+002,1,1,1.296300e+002,2.731400e+002
2.521200e+002,3.170600e+002,0,0,-1.000000e+000,-1.000000e+000
2.521200e+002,3.170600e+002,0,0,-1.000000e+000,-1.000000e+000
2.333400e+002,3.327900e+002,1,1,2.339400e+002,3.335800e+002
4.060700e+002,1.391300e+002,1,1,4.077300e+002,1.400600e+002
3.956200e+002,1.661100e+002,0,0,-1.000000e+000,-1.000000e+000
3.423900e+002,1.756800e+002,1,1,3.434900e+002,1.769900e+002
4.616000e+002,2.424600e+002,0,0,-1.000000e+000,-1.000000e+000
1.096000e+002,3.370000e+002,1,1,1.114000e+002,3.372500e+002
3.725000e+001,3.427100e+002,1,1,3.794000e+001,3.439500e+002
5.677300e+002,4.891000e+001,1,1,5.698500e+002,4.986000e+001
1.819800e+002,1.899800e+002,1,1,1.834000e+002,1.911100e+002
1.819800e+002,1.899800e+002,1,1,1.834000e+002,1.911100e+002
2.404100e+002,2.051800e+002,1,1,2.419400e+002,2.062100e+002
2.404100e+002,2.051800e+002,1,1,2.419400e+002,2.062100e+002
2.767200e+002,2.489500e+002,1,1,2.778700e+002,2.502900e+002
1.105500e+002,3.040700e+002,1,1,1.116500e+002,3.053300e+002
6.068000e+001,3.186400e+002,1,1,6.193000e+001,3.199700e+002
1.460900e+002,3.228000e+002,1,1,1.465700e+002,3.234400e+002
2.515900e+002,3.469000e+002,1,1,2.522100e+002,3.479500e+002
5.159600e+002,1.810100e+002,0,0,-1.000000e+000,-1.000000e+000
1.459900e+002,2.405000e+002,0,0,-1.000000e+000,-1.000000e+000
5.862000e+002,3.032000e+002,0,0,-1.000000e+000,-1.000000e+000
3.003400e+002,3.662800e+002,0,0,-1.000000e+000,-1.000000e+000
1.266300e+002,1.617100e+002,1,1,1.276100e+002,1.627700e+002
4.989900e+002,1.806700e+002,0,0,-1.000000e+000,-1.000000e+000
3.145300e+002,2.264400e+002,1,0,3.362500e+002,2.357200e+002
3.145300e+002,2.264400e+002,0,0,-1.000000e+000,-1.000000e+000
2.193100e+002,2.711300e+002,1,1,2.207900e+002,2.725300e+002
4.482400e+002,2.847100e+002,1,1,4.495000e+002,2.859200e+002
4.886600e+002,1.803700e+002,0,0,-1.000000e+000,-1.000000e+000
3.339900e+002,2.322200e+002,0,0,-1.000000e+000,-1.000000e+000
4.963000e+002,4.070300e+002,1,1,4.972600e+002,4.088300e+002
3.461800e+002,2.359300e+002,0,0,-1.000000e+000,-1.000000e+000
2.951000e+002,3.123200e+002,1,1,2.963300e+002,3.134700e+002
3.345400e+002,8.147000e+001,0,0,1.000000e+000,-1.000000e+000