5.874200e+002,2.410000e+000,0,0,-1.000000e+000,-1.000000e+000
3.920600e+002,3.410000e+000,0,0,-1.000000e+000,-1.000000e+000
3.983300e+002,4.910000e+000,0,0,-1.000000e+000,-1.000000e+000
5.860900e+002,1.057000e+001,0,0,-1.000000e+000,-1.000000e+000
5.833500e+002,1.202000e+001,1,1,5.840800e+002,1.242000e+001
4.258100e+002,1.339000e+001,0,0,-1.000000e+000,-1.000000e+000
3.914900e+002,1.699000e+001,0,0,-1.000000e+000,-1.000000e+000
5.881900e+002,1.792000e+001,0,0,-1.000000e+000,-1.000000e+000
5.040500e+002,2.003000e+001,0,0,-1.000000e+000,-1.000000e+000
3.907100e+002,2.853000e+001,0,0,-1.000000e+000,-1.000000e+000
5.822800e+002,3.112000e+001,0,0,-1.000000e+000,-1.000000e+000
5.582200e+002,3.488000e+001,0,0,-1.000000e+000,-1.000000e+000
4.773500e+002,3.671000e+001,0,0,-1.000000e+000,-1.000000e+000
5.392700e+002,3.798000e+001,0,0,-1.000000e+000,-1.000000e+000
5.526600e+002,3.805000e+001,1,0,5.427300e+002,4.345000e+001
6.041700e+002,5.465000e+001,0,0,-1.000000e+000,-1.000000e+000
5.478500e+002,5.498000e+001,0,0,-1.000000e+000,-1.000000e+000
5.868500e+002,5.868000e+001,0,0,-1.000000e+000,-1.000000e+000
5.824900e+002,5.954000e+001,0,0,-1.000000e+000,-1.000000e+000
5.772000e+002,6.055000e+001,0,0,-1.000000e+000,-1.000000e+000
5.741300e+002,6.135000e+001,1,0,5.445100e+002,1.016000e+002
5.316600e+002,6.718000e+001,0,0,-1.000000e+000,-1.000000e+000
5.464700e+002,6.753000e+001,1,1,5.470000e+002,6.763000e+001
5.308400e+002,7.332000e+001,1,1,5.310500e+002,7.245000e+001
1.557000e+002,7.669000e+001,0,0,-1.000000e+000,-1.000000e+000
1.557000e+002,7.669000e+001,0,0,-1.000000e+000,-1.000000e+000
5.303000e+002,8.063000e+001,0,0,-1.000000e+000,-1.000000e+000
6.194200e+002,8.160000e+001,1,1,6.199500e+002,8.175000e+001
6.194200e+002,8.160000e+001,1,1,6.199500e+002,8.175000e+001
4.661000e+002,8.897000e+001,0,0,-1.000000e+000,-1.000000e+000
4.342900e+002,9.467000e+001,0,0,-1.000000e+000,-1.000000e+000
4.342900e+002,9.467000e+001,0,0,-1.000000e+000,-1.000000e+000
5.291800e+002,9.962000e+001,0,0,-1.000000e+000,-1.000000e+000
6.274100e+002,1.001100e+002,0,0,-1.000000e+000,-1.000000e+000
5.414300e+002,1.003500e+002,1,0,5.439900e+002,7.312000e+001
3.894700e+002,1.051400e+002,0,0,-1.000000e+000,-1.000000e+000
1.544300e+002,1.070500e+002,0,0,-1.000000e+000,-1.000000e+000
5.284000e+002,1.076600e+002,0,0,-1.000000e+000,-1.000000e+000
4.721900e+002,1.099600e+002,1,1,4.727500e+002,1.098300e+002
4.721900e+002,1.099600e+002,1,1,4.727500e+002,1.098300e+002
1.618300e+002,1.106000e+002,0,0,-1.000000e+000,-1.000000e+000
6.084000e+002,1.111900e+002,0,0,-1.000000e+000,-1.000000e+000
1.396600e+002,1.120800e+002,1,0,1.117400e+002,1.165900e+002
5.405800e+002,1.125300e+002,0,0,-1.000000e+000,-1.000000e+000
1.467700e+002,1.134900e+002,0,0,-1.000000e+000,-1.000000e+000
4.744600e+002,1.151400e+002,1,1,4.752600e+002,1.150600e+002
9.883000e+001,1.165500e+002,1,1,9.971000e+001,1.161300e+002
4.557700e+002,1.195800e+002,0,0,-1.000000e+000,-1.000000e+000
8.833000e+001,1.209900e+002,0,0,-1.000000e+000,-1.000000e+000
6.070800e+002,1.210900e+002,1,0,6.095700e+002,1.030900e+002
4.444500e+002,1.224500e+002,0,0,-1.000000e+000,-1.000000e+000
4.444500e+002,1.224500e+002,0,0,-1.000000e+000,-1.000000e+000
4.279700e+002,1.235300e+002,0,0,-1.000000e+000,-1.000000e+000
5.338800e+002,1.233100e+002,0,0,-1.000000e+000,-1.000000e+000
5.437000e+001,1.245900e+002,0,0,-1.000000e+000,-1.000000e+000
4.981900e+002,1.247700e+002,1,1,4.984400e+002,1.249000e+002
4.291000e+001,1.265500e+002,0,0,-1.000000e+000,-1.000000e+000
1.257400e+002,1.269300e+002,0,0,-1.000000e+000,-1.000000e+000
5.268100e+002,1.276400e+002,0,0,-1.000000e+000,-1.000000e+000
4.189500e+002,1.280900e+002,0,0,-1.000000e+000,-1.000000e+000
5.335000e+002,1.283400e+002,0,0,-1.000000e+000,-1.000000e+000
1.026300e+002,1.289200e+002,1,0,7.242000e+001,1.340800e+002
4.127700e+002,1.296600e+002,0,0,-1.000000e+000,-1.000000e+000
5.266000e+002,1.322900e+002,1,1,5.273000e+002,1.323000e+002
4.076300e+002,1.335900e+002,0,0,-1.000000e+000,-1.000000e+000
8.855000e+001,1.341000e+002,1,0,7.243000e+001,1.364300e+002
8.490000e+001,1.345500e+002,0,0,-1.000000e+000,-1.000000e+000
3.859800e+002,1.355200e+002,0,0,-1.000000e+000,-1.000000e+000
5.263000e+002,1.371700e+002,0,0,-1.000000e+000,-1.000000e+000
6.053100e+002,1.373900e+002,0,0,-1.000000e+000,-1.000000e+000
4.864000e+001,1.390000e+002,0,0,-1.000000e+000,-1.000000e+000
5.082400e+002,1.395700e+002,0,0,-1.000000e+000,-1.000000e+000
3.434500e+002,1.407100e+002,0,0,-1.000000e+000,-1.000000e+000
3.835800e+002,1.420300e+002,1,1,3.836700e+002,1.420800e+002
4.467200e+002,1.426500e+002,0,0,-1.000000e+000,-1.000000e+000
4.032000e+001,1.428400e+002,0,0,-1.000000e+000,-1.000000e+000
3.904200e+002,1.427900e+002,0,0,-1.000000e+000,-1.000000e+000
4.916300e+002,1.441500e+002,0,0,-1.000000e+000,-1.000000e+000
3.041900e+002,1.455100e+002,0,0,-1.000000e+000,-1.000000e+000
4.671900e+002,1.460700e+002,0,0,-1.000000e+000,-1.000000e+000
6.570000e+000,1.472600e+002,0,0,-1.000000e+000,-1.000000e+000
4.914600e+002,1.467200e+002,0,0,-1.000000e+000,-1.000000e+000
3.789300e+002,1.482000e+002,1,1,3.793500e+002,1.480000e+002
3.667500e+002,1.485100e+002,0,0,-1.000000e+000,-1.000000e+000
4.749600e+002,1.489500e+002,1,1,4.753700e+002,1.488400e+002
3.939000e+002,1.529800e+002,0,0,-1.000000e+000,-1.000000e+000
4.878200e+002,1.540400e+002,1,1,4.875000e+002,1.537300e+002
4.953900e+002,1.569800e+002,0,0,-1.000000e+000,-1.000000e+000
5.107900e+002,1.574700e+002,1,1,5.107200e+002,1.574100e+002
3.236100e+002,1.620300e+002,0,0,-1.000000e+000,-1.000000e+000
2.268900e+002,1.662800e+002,1,0,2.663400e+002,2.145100e+002
5.389800e+002,1.688600e+002,0,0,-1.000000e+000,-1.000000e+000
6.035300e+002,1.692800e+002,1,1,6.040000e+002,1.694500e+002
3.266600e+002,1.702800e+002,0,0,-1.000000e+000,-1.000000e+000
5.316500e+002,1.705400e+002,0,0,-1.000000e+000,-1.000000e+000
5.635000e+002,1.712900e+002,0,0,-1.000000e+000,-1.000000e+000
3.749200e+002,1.730300e+002,1,0,4.199600e+002,2.034600e+002
5.396800e+002,1.735600e+002,0,0,-1.000000e+000,-1.000000e+000
5.725500e+002,1.732500e+002,0,0,-1.000000e+000,-1.000000e+000
2.755500e+002,1.741100e+002,0,0,-1.000000e+000,-1.000000e+000
5.870200e+002,1.740400e+002,0,0,-1.000000e+000,-1.000000e+000
3.784800e+002,1.745400e+002,1,1,3.785200e+002,1.740900e+002
2.528700e+002,1.799900e+002,0,0,-1.000000e+000,-1.000000e+000
5.782200e+002,1.820800e+002,1,1,5.780800e+002,1.825300e+002
6.189900e+002,1.841700e+002,0,0,-1.000000e+000,-1.000000e+000
5.737300e+002,1.847800e+002,1,1,5.746500e+002,1.847000e+002
3.522100e+002,1.860700e+002,0,0,-1.000000e+000,-1.000000e+000
2.544300e+002,1.865800e+002,0,0,-1.000000e+000,-1.000000e+000
6.180600e+002,1.865800e+002,1,1,6.180400e+002,1.863000e+002
2.255400e+002,1.873100e+002,0,0,-1.000000e+000,-1.000000e+000
5.464500e+002,1.886800e+002,1,1,5.477500e+002,1.883500e+002
5.681200e+002,1.887200e+002,0,0,-1.000000e+000,-1.000000e+000
5.806000e+002,1.892200e+002,0,0,-1.000000e+000,-1.000000e+000
5.927900e+002,1.891100e+002,1,1,5.930500e+002,1.892900e+002
6.354300e+002,1.897200e+002,1,1,6.348000e+002,1.894900e+002
6.354300e+002,1.897200e+002,0,0,-1.000000e+000,-1.000000e+000
5.651500e+002,1.910300e+002,0,0,-1.000000e+000,-1.000000e+000
4.156000e+002,1.919500e+002,0,0,-1.000000e+000,-1.000000e+000
5.869600e+002,1.923000e+002,0,0,-1.000000e+000,-1.000000e+000
5.618500e+002,1.935500e+002,0,0,-1.000000e+000,-1.000000e+000
4.215600e+002,1.947700e+002,0,0,-1.000000e+000,-1.000000e+000
2.171800e+002,1.963900e+002,0,0,-1.000000e+000,-1.000000e+000
5.790800e+002,1.966700e+002,0,0,-1.000000e+000,-1.000000e+000
1.978600e+002,1.971200e+002,1,1,1.939500e+002,1.975800e+002
2.945600e+002,1.974400e+002,0,0,-1.000000e+000,-1.000000e+000
4.218900e+002,1.975400e+002,0,0,-1.000000e+000,-1.000000e+000
4.114000e+002,1.984800e+002,0,0,-1.000000e+000,-1.000000e+000
5.760400e+002,1.984500e+002,0,0,-1.000000e+000,-1.000000e+000
2.163300e+002,1.990900e+002,1,0,2.025000e+002,2.026900e+002
5.559300e+002,1.995300e+002,1,1,5.560000e+002,2.001200e+002
1.760400e+002,2.002800e+002,0,0,-1.000000e+000,-1.000000e+000
5.658800e+002,2.001200e+002,1,1,5.657800e+002,1.999000e+002
4.347900e+002,2.008700e+002,0,0,-1.000000e+000,-1.000000e+000
5.689800e+002,2.020000e+002,1,1,5.693900e+002,2.018600e+002
5.643300e+002,2.025400e+002,1,1,5.650900e+002,2.023800e+002
5.643300e+002,2.025400e+002,0,0,-1.000000e+000,-1.000000e+000
5.723800e+002,2.035500e+002,1,1,5.723300e+002,2.037400e+002
4.432200e+002,2.046400e+002,0,0,-1.000000e+000,-1.000000e+000
5.600700e+002,2.045000e+002,0,0,-1.000000e+000,-1.000000e+000
5.398500e+002,2.054900e+002,0,0,-1.000000e+000,-1.000000e+000
4.235100e+002,2.060100e+002,0,0,-1.000000e+000,-1.000000e+000
5.579600e+002,2.061700e+002,1,1,5.581800e+002,2.063200e+002
5.579600e+002,2.061700e+002,1,1,5.581800e+002,2.063200e+002
6.226700e+002,2.071500e+002,1,1,6.226000e+002,2.075900e+002
6.191200e+002,2.093800e+002,1,1,6.190500e+002,2.096800e+002
6.191200e+002,2.093800e+002,1,1,6.190500e+002,2.096800e+002
1.614700e+002,2.097700e+002,0,0,-1.000000e+000,-1.000000e+000
6.159200e+002,2.114400e+002,0,0,-1.000000e+000,-1.000000e+000
6.159200e+002,2.114400e+002,0,0,-1.000000e+000,-1.000000e+000
6.027500e+002,2.121600e+002,1,1,6.029900e+002,2.122800e+002
6.027500e+002,2.121600e+002,0,0,-1.000000e+000,-1.000000e+000
5.384400e+002,2.130900e+002,0,0,-1.000000e+000,-1.000000e+000
4.401700e+002,2.135100e+002,0,0,-1.000000e+000,-1.000000e+000
1.721100e+002,2.147700e+002,0,0,-1.000000e+000,-1.000000e+000
6.111400e+002,2.145000e+002,0,0,-1.000000e+000,-1.000000e+000
5.794100e+002,2.160400e+002,1,1,5.797500e+002,2.159900e+002
2.679100e+002,2.172400e+002,0,0,-1.000000e+000,-1.000000e+000
4.452300e+002,2.168100e+002,0,0,-1.000000e+000,-1.000000e+000
5.883400e+002,2.172800e+002,1,1,5.886600e+002,2.172100e+002
6.035200e+002,2.188000e+002,1,1,6.044500e+002,2.188900e+002
2.704900e+002,2.193800e+002,0,0,-1.000000e+000,-1.000000e+000
5.864500e+002,2.197000e+002,0,0,-1.000000e+000,-1.000000e+000
4.799800e+002,2.206400e+002,0,0,-1.000000e+000,-1.000000e+000
4.799800e+002,2.206400e+002,1,1,4.803200e+002,2.205100e+002
5.484400e+002,2.251800e+002,1,1,5.484900e+002,2.260300e+002
4.617300e+002,2.265600e+002,1,1,4.615300e+002,2.263300e+002
5.266700e+002,2.276700e+002,0,0,-1.000000e+000,-1.000000e+000
6.046100e+002,2.284800e+002,0,0,-1.000000e+000,-1.000000e+000
2.393100e+002,2.302000e+002,0,0,-1.000000e+000,-1.000000e+000
4.676400e+002,2.306000e+002,0,0,-1.000000e+000,-1.000000e+000
2.318800e+002,2.313500e+002,0,0,-1.000000e+000,-1.000000e+000
2.255900e+002,2.335200e+002,0,0,-1.000000e+000,-1.000000e+000
5.395600e+002,2.332100e+002,0,0,-1.000000e+000,-1.000000e+000
5.395600e+002,2.332100e+002,0,0,-1.000000e+000,-1.000000e+000
4.686900e+002,2.344300e+002,0,0,-1.000000e+000,-1.000000e+000
5.918300e+002,2.353000e+002,0,0,-1.000000e+000,-1.000000e+000
2.851200e+002,2.358000e+002,0,0,-1.000000e+000,-1.000000e+000
2.901800e+002,2.372600e+002,0,0,-1.000000e+000,-1.000000e+000
2.904700e+002,2.409500e+002,0,0,-1.000000e+000,-1.000000e+000
1.758100e+002,2.418800e+002,0,0,-1.000000e+000,-1.000000e+000
2.032200e+002,2.447400e+002,1,1,2.031600e+002,2.444800e+002
2.956500e+002,2.454500e+002,0,0,-1.000000e+000,-1.000000e+000
4.834000e+002,2.491300e+002,1,1,4.843900e+002,2.489100e+002
2.354300e+002,2.509900e+002,1,1,2.359000e+002,2.507300e+002
3.039500e+002,2.533000e+002,0,0,-1.000000e+000,-1.000000e+000
4.597400e+002,2.542900e+002,0,0,-1.000000e+000,-1.000000e+000
4.672700e+002,2.545400e+002,0,0,-1.000000e+000,-1.000000e+000
3.092900e+002,2.549900e+002,0,0,-1.000000e+000,-1.000000e+000
1.629800e+002,2.582200e+002,1,1,1.631700e+002,2.576400e+002
1.586400e+002,2.596200e+002,0,0,-1.000000e+000,-1.000000e+000
1.536900e+002,2.610100e+002,0,0,-1.000000e+000,-1.000000e+000
4.432300e+002,2.619100e+002,1,1,4.426300e+002,2.624400e+002
3.220800e+002,2.666300e+002,0,0,-1.000000e+000,-1.000000e+000
3.243000e+002,2.687100e+002,0,0,-1.000000e+000,-1.000000e+000
3.296800e+002,2.736100e+002,0,0,-1.000000e+000,-1.000000e+000
3.890900e+002,2.732700e+002,1,1,3.884400e+002,2.734600e+002
3.826600e+002,2.773800e+002,0,0,-1.000000e+000,-1.000000e+000
3.311300e+002,2.781400e+002,0,0,-1.000000e+000,-1.000000e+000
1.715700e+002,2.823000e+002,0,0,-1.000000e+000,-1.000000e+000
1.102400e+002,2.834300e+002,1,0,9.068000e+001,2.888900e+002
3.402400e+002,2.836200e+002,1,1,3.402100e+002,2.833500e+002
2.775900e+002,2.839000e+002,1,1,2.772300e+002,2.833100e+002
1.562500e+002,2.859500e+002,0,0,-1.000000e+000,-1.000000e+000
1.549300e+002,2.916600e+002,1,1,1.545300e+002,2.906200e+002
4.795400e+002,2.918500e+002,1,1,4.800600e+002,2.916800e+002
6.294700e+002,3.010000e+002,0,0,-1.000000e+000,-1.000000e+000
2.165200e+002,3.013900e+002,0,0,-1.000000e+000,-1.000000e+000
6.262700e+002,3.026300e+002,0,0,-1.000000e+000,-1.000000e+000
1.595100e+002,3.029900e+002,1,1,1.595000e+002,3.027100e+002
1.595100e+002,3.029900e+002,1,1,1.595000e+002,3.027100e+002
1.608200e+002,3.054100e+002,0,0,-1.000000e+000,-1.000000e+000
2.019900e+002,3.103100e+002,0,0,-1.000000e+000,-1.000000e+000
6.039300e+002,3.120300e+002,0,0,-1.000000e+000,-1.000000e+000
6.062500e+002,3.135900e+002,0,0,-1.000000e+000,-1.000000e+000
6.003400e+002,3.141000e+002,0,0,-1.000000e+000,-1.000000e+000
2.609200e+002,3.150100e+002,0,0,-1.000000e+000,-1.000000e+000
6.036200e+002,3.150500e+002,0,0,-1.000000e+000,-1.000000e+000
5.399600e+002,3.153800e+002,1,0,5.489800e+002,3.203000e+002
2.059000e+002,3.193600e+002,0,0,-1.000000e+000,-1.000000e+000
2.032700e+002,3.197300e+002,0,0,-1.000000e+000,-1.000000e+000
5.941400e+002,3.200800e+002,0,0,-1.000000e+000,-1.000000e+000
1.222000e+002,3.221300e+002,0,0,-1.000000e+000,-1.000000e+000
2.050200e+002,3.218400e+002,0,0,-1.000000e+000,-1.000000e+000
2.673000e+002,3.235700e+002,0,0,-1.000000e+000,-1.000000e+000
5.873000e+002,3.235900e+002,0,0,-1.000000e+000,-1.000000e+000
1.776900e+002,3.245600e+002,0,0,-1.000000e+000,-1.000000e+000
1.776900e+002,3.245600e+002,0,0,-1.000000e+000,-1.000000e+000
2.115800e+002,3.255200e+002,0,0,-1.000000e+000,-1.000000e+000
1.867500e+002,3.278000e+002,0,0,-1.000000e+000,-1.000000e+000
1.706200e+002,3.285800e+002,0,0,-1.000000e+000,-1.000000e+000
1.706200e+002,3.285800e+002,0,0,-1.000000e+000,-1.000000e+000
2.126400e+002,3.302000e+002,0,0,-1.000000e+000,-1.000000e+000
4.496000e+001,3.311100e+002,1,1,4.627000e+001,3.314900e+002
5.678900e+002,3.311500e+002,1,1,5.679300e+002,3.312200e+002
5.678900e+002,3.311500e+002,1,1,5.679300e+002,3.312200e+002
1.701300e+002,3.317200e+002,0,0,-1.000000e+000,-1.000000e+000
5.956800e+002,3.313700e+002,0,0,-1.000000e+000,-1.000000e+000
1.637900e+002,3.330800e+002,0,0,-1.000000e+000,-1.000000e+000
1.637900e+002,3.330800e+002,0,0,-1.000000e+000,-1.000000e+000
1.954500e+002,3.334300e+002,0,0,-1.000000e+000,-1.000000e+000
1.909800e+002,3.340400e+002,0,0,-1.000000e+000,-1.000000e+000
2.163600e+002,3.344000e+002,0,0,-1.000000e+000,-1.000000e+000
4.657000e+001,3.353600e+002,0,0,-1.000000e+000,-1.000000e+000
1.356500e+002,3.357300e+002,0,0,-1.000000e+000,-1.000000e+000
1.356500e+002,3.357300e+002,0,0,-1.000000e+000,-1.000000e+000
1.629000e+002,3.359700e+002,0,0,-1.000000e+000,-1.000000e+000
1.941200e+002,3.365700e+002,0,0,-1.000000e+000,-1.000000e+000
1.941200e+002,3.365700e+002,0,0,-1.000000e+000,-1.000000e+000
3.293500e+002,3.367900e+002,0,0,-1.000000e+000,-1.000000e+000
1.774400e+002,3.369900e+002,0,0,-1.000000e+000,-1.000000e+000
3.485500e+002,3.374400e+002,1,0,3.640100e+002,3.326200e+002
3.485500e+002,3.374400e+002,1,0,3.640100e+002,3.326200e+002
1.834500e+002,3.381300e+002,0,0,-1.000000e+000,-1.000000e+000
3.372200e+002,3.384500e+002,0,0,-1.000000e+000,-1.000000e+000
1.356300e+002,3.392600e+002,0,0,-1.000000e+000,-1.000000e+000
2.256300e+002,3.405000e+002,0,0,-1.000000e+000,-1.000000e+000
1.840500e+002,3.413100e+002,0,0,-1.000000e+000,-1.000000e+000
2.029300e+002,3.414800e+002,1,1,2.029100e+002,3.411700e+002
1.578000e+002,3.435000e+002,0,0,-1.000000e+000,-1.000000e+000
2.070700e+002,3.435900e+002,1,1,2.068600e+002,3.430400e+002
1.385200e+002,3.442000e+002,1,1,1.379400e+002,3.440600e+002
2.291600e+002,3.446300e+002,0,0,-1.000000e+000,-1.000000e+000
1.198900e+002,3.450100e+002,1,1,1.198500e+002,3.443700e+002
1.910100e+002,3.455400e+002,0,0,-1.000000e+000,-1.000000e+000
1.484500e+002,3.457300e+002,0,0,-1.000000e+000,-1.000000e+000
5.399800e+002,3.463100e+002,0,0,-1.000000e+000,-1.000000e+000
1.458800e+002,3.468200e+002,0,0,-1.000000e+000,-1.000000e+000
3.063300e+002,3.475000e+002,1,0,2.864800e+002,3.544700e+002
2.006200e+002,3.484300e+002,1,1,2.006400e+002,3.480600e+002
5.762400e+002,3.486800e+002,0,0,-1.000000e+000,-1.000000e+000
1.951400e+002,3.490200e+002,0,0,-1.000000e+000,-1.000000e+000
2.336700e+002,3.492500e+002,0,0,-1.000000e+000,-1.000000e+000
1.401700e+002,3.494800e+002,0,0,-1.000000e+000,-1.000000e+000
1.401700e+002,3.494800e+002,0,0,-1.000000e+000,-1.000000e+000
1.212400e+002,3.497800e+002,0,0,-1.000000e+000,-1.000000e+000
1.788300e+002,3.500900e+002,1,1,1.790700e+002,3.499900e+002
1.544300e+002,3.503100e+002,0,0,-1.000000e+000,-1.000000e+000
1.544300e+002,3.503100e+002,0,0,-1.000000e+000,-1.000000e+000
1.086000e+002,3.512500e+002,1,1,1.086800e+002,3.507500e+002
1.086000e+002,3.512500e+002,1,1,1.086800e+002,3.507500e+002
1.382900e+002,3.514200e+002,0,0,-1.000000e+000,-1.000000e+000
1.201600e+002,3.521800e+002,1,0,8.343000e+001,3.737500e+002
1.201600e+002,3.521800e+002,0,0,-1.000000e+000,-1.000000e+000
1.114500e+002,3.530300e+002,0,0,-1.000000e+000,-1.000000e+000
1.003700e+002,3.534800e+002,0,0,-1.000000e+000,-1.000000e+000
1.726600e+002,3.536800e+002,1,1,1.720000e+002,3.529000e+002
2.373100e+002,3.533600e+002,1,0,2.258900e+002,3.407100e+002
1.086200e+002,3.538500e+002,0,0,-1.000000e+000,-1.000000e+000
5.304500e+002,3.540000e+002,0,0,-1.000000e+000,-1.000000e+000
2.366900e+002,3.561400e+002,0,0,-1.000000e+000,-1.000000e+000
1.124600e+002,3.569500e+002,0,0,-1.000000e+000,-1.000000e+000
1.408000e+002,3.576800e+002,0,0,-1.000000e+000,-1.000000e+000
1.802400e+002,3.587000e+002,0,0,-1.000000e+000,-1.000000e+000
5.218700e+002,3.586500e+002,0,0,-1.000000e+000,-1.000000e+000
2.429900e+002,3.594200e+002,1,1,2.440800e+002,3.598900e+002
9.302000e+001,3.609700e+002,0,0,-1.000000e+000,-1.000000e+000
9.302000e+001,3.609700e+002,0,0,-1.000000e+000,-1.000000e+000
1.396700e+002,3.614600e+002,0,0,-1.000000e+000,-1.000000e+000
1.851000e+002,3.621200e+002,0,0,-1.000000e+000,-1.000000e+000
1.775300e+002,3.625200e+002,0,0,-1.000000e+000,-1.000000e+000
1.008000e+002,3.635600e+002,0,0,-1.000000e+000,-1.000000e+000
2.110200e+002,3.636600e+002,0,0,-1.000000e+000,-1.000000e+000
2.110200e+002,3.636600e+002,0,0,-1.000000e+000,-1.000000e+000
5.397000e+002,3.633500e+002,0,0,-1.000000e+000,-1.000000e+000
7.556000e+001,3.642300e+002,0,0,-1.000000e+000,-1.000000e+000
7.556000e+001,3.642300e+002,0,0,-1.000000e+000,-1.000000e+000
9.280000e+001,3.644600e+002,0,0,-1.000000e+000,-1.000000e+000
1.842300e+002,3.649200e+002,0,0,-1.000000e+000,-1.000000e+000
2.544500e+002,3.653900e+002,0,0,-1.000000e+000,-1.000000e+000
1.071800e+002,3.685100e+002,0,0,-1.000000e+000,-1.000000e+000
5.277100e+002,3.698600e+002,0,0,-1.000000e+000,-1.000000e+000
1.172900e+002,3.708100e+002,0,0,-1.000000e+000,-1.000000e+000
9.347000e+001,3.715300e+002,1,1,9.405000e+001,3.706500e+002
7.686000e+001,3.735800e+002,0,0,-1.000000e+000,-1.000000e+000
1.174700e+002,3.754200e+002,0,0,-1.000000e+000,-1.000000e+000
1.174700e+002,3.754200e+002,0,0,-1.000000e+000,-1.000000e+000
5.700200e+002,3.765700e+002,0,0,-1.000000e+000,-1.000000e+000
1.064100e+002,3.780200e+002,0,0,-1.000000e+000,-1.000000e+000
6.321000e+001,3.786700e+002,0,0,-1.000000e+000,-1.000000e+000
6.321000e+001,3.786700e+002,0,0,-1.000000e+000,-1.000000e+000
9.537000e+001,3.784400e+002,0,0,-1.000000e+000,-1.000000e+000
6.876000e+001,3.791200e+002,1,0,2.758000e+001,4.030100e+002
1.887600e+002,3.796600e+002,0,0,-1.000000e+000,-1.000000e+000
1.887600e+002,3.796600e+002,0,0,-1.000000e+000,-1.000000e+000
5.354000e+001,3.815400e+002,0,0,-1.000000e+000,-1.000000e+000
1.592100e+002,3.818000e+002,0,0,-1.000000e+000,-1.000000e+000
1.461300e+002,3.818700e+002,0,0,-1.000000e+000,-1.000000e+000
1.461300e+002,3.818700e+002,0,0,-1.000000e+000,-1.000000e+000
1.856700e+002,3.818000e+002,1,0,1.358600e+002,4.174600e+002
1.856700e+002,3.818000e+002,0,0,-1.000000e+000,-1.000000e+000
5.472000e+001,3.841300e+002,0,0,-1.000000e+000,-1.000000e+000
5.472000e+001,3.841300e+002,0,0,-1.000000e+000,-1.000000e+000
5.472000e+001,3.841300e+002,0,0,-1.000000e+000,-1.000000e+000
1.320500e+002,3.844800e+002,0,0,-1.000000e+000,-1.000000e+000
1.273400e+002,3.849300e+002,0,0,-1.000000e+000,-1.000000e+000
1.273400e+002,3.849300e+002,0,0,-1.000000e+000,-1.000000e+000
7.881000e+001,3.854300e+002,0,0,-1.000000e+000,-1.000000e+000
7.881000e+001,3.854300e+002,0,0,-1.000000e+000,-1.000000e+000
7.881000e+001,3.854300e+002,0,0,-1.000000e+000,-1.000000e+000
1.461100e+002,3.856700e+002,0,0,-1.000000e+000,-1.000000e+000
4.985800e+002,3.856900e+002,0,0,-1.000000e+000,-1.000000e+000
6.931000e+001,3.861200e+002,1,1,6.976000e+001,3.854000e+002
4.452000e+001,3.863600e+002,0,0,-1.000000e+000,-1.000000e+000
4.955300e+002,3.870600e+002,0,0,-1.000000e+000,-1.000000e+000
5.435000e+001,3.876000e+002,0,0,-1.000000e+000,-1.000000e+000
1.272000e+002,3.877300e+002,0,0,-1.000000e+000,-1.000000e+000
5.101000e+001,3.895800e+002,0,0,-1.000000e+000,-1.000000e+000
5.853000e+001,3.901000e+002,1,0,1.679000e+001,4.144100e+002
1.189400e+002,3.903100e+002,0,0,-1.000000e+000,-1.000000e+000
1.189400e+002,3.903100e+002,1,1,1.187100e+002,3.896500e+002
6.098000e+001,3.914900e+002,0,0,-1.000000e+000,-1.000000e+000
1.720200e+002,3.916500e+002,0,0,-1.000000e+000,-1.000000e+000
1.720200e+002,3.916500e+002,0,0,-1.000000e+000,-1.000000e+000
9.841000e+001,3.925600e+002,0,0,-1.000000e+000,-1.000000e+000
9.841000e+001,3.925600e+002,0,0,-1.000000e+000,-1.000000e+000
1.746400e+002,3.925800e+002,1,1,1.716000e+002,3.943200e+002
1.184700e+002,3.931700e+002,0,0,-1.000000e+000,-1.000000e+000
4.837500e+002,3.935200e+002,1,0,5.203100e+002,3.739800e+002
1.022500e+002,3.957600e+002,0,0,-1.000000e+000,-1.000000e+000
4.837300e+002,3.962000e+002,0,0,-1.000000e+000,-1.000000e+000
9.006000e+001,3.989500e+002,0,0,-1.000000e+000,-1.000000e+000
7.168000e+001,3.995000e+002,0,0,-1.000000e+000,-1.000000e+000
6.041000e+001,4.004100e+002,0,0,-1.000000e+000,-1.000000e+000
1.014400e+002,4.010800e+002,0,0,-1.000000e+000,-1.000000e+000
8.368000e+001,4.025600e+002,0,0,-1.000000e+000,-1.000000e+000
2.681000e+001,4.030400e+002,0,0,-1.000000e+000,-1.000000e+000
2.167000e+001,4.032700e+002,0,0,-1.000000e+000,-1.000000e+000
2.167000e+001,4.032700e+002,0,0,-1.000000e+000,-1.000000e+000
9.302000e+001,4.067100e+002,0,0,-1.000000e+000,-1.000000e+000
3.486000e+001,4.076600e+002,0,0,-1.000000e+000,-1.000000e+000
4.250000e+001,4.076700e+002,0,0,-1.000000e+000,-1.000000e+000
4.250000e+001,4.076700e+002,0,0,-1.000000e+000,-1.000000e+000
4.250000e+001,4.076700e+002,0,0,-1.000000e+000,-1.000000e+000
9.252000e+001,4.097700e+002,0,0,-1.000000e+000,-1.000000e+000
4.205400e+002,4.106100e+002,0,0,-1.000000e+000,-1.000000e+000
5.901000e+001,4.111400e+002,1,0,1.024200e+002,3.825300e+002
2.770000e+001,4.118200e+002,0,0,-1.000000e+000,-1.000000e+000
8.486000e+001,4.129000e+002,0,0,-1.000000e+000,-1.000000e+000
8.486000e+001,4.129000e+002,0,0,-1.000000e+000,-1.000000e+000
1.362100e+002,4.178400e+002,0,0,-1.000000e+000,-1.000000e+000
1.362100e+002,4.178400e+002,0,0,-1.000000e+000,-1.000000e+000
7.523000e+001,4.185300e+002,0,0,-1.000000e+000,-1.000000e+000
1.470000e+001,4.195700e+002,0,0,-1.000000e+000,-1.000000e+000
8.289000e+001,4.195700e+002,0,0,-1.000000e+000,-1.000000e+000
5.361000e+001,4.217600e+002,0,0,-1.000000e+000,-1.000000e+000
7.484000e+001,4.219200e+002,1,0,8.392000e+001,4.153500e+002
5.099000e+001,4.230400e+002,0,0,-1.000000e+000,-1.000000e+000
7.020000e+001,4.235000e+002,0,0,-1.000000e+000,-1.000000e+000
6.626000e+001,4.246300e+002,0,0,-1.000000e+000,-1.000000e+000
6.626000e+001,4.246300e+002,0,0,-1.000000e+000,-1.000000e+000
3.878900e+002,4.242700e+002,0,0,-1.000000e+000,-1.000000e+000
7.407000e+001,4.254100e+002,1,0,9.220000e+001,4.125400e+002
4.193100e+002,4.272200e+002,0,0,-1.000000e+000,-1.000000e+000
4.960000e+001,4.275000e+002,0,0,-1.000000e+000,-1.000000e+000
4.233000e+002,4.280800e+002,0,0,-1.000000e+000,-1.000000e+000
4.200400e+002,4.297400e+002,0,0,-1.000000e+000,-1.000000e+000
3.728600e+002,4.318900e+002,0,0,-1.000000e+000,-1.000000e+000
5.655000e+001,4.342300e+002,1,1,5.644000e+001,4.337000e+002
1.084800e+002,4.380400e+002,0,0,-1.000000e+000,-1.000000e+000
1.084800e+002,4.380400e+002,0,0,-1.000000e+000,-1.000000e+000
2.379000e+001,4.401800e+002,0,0,-1.000000e+000,-1.000000e+000
2.950000e+001,4.399900e+002,0,0,-1.000000e+000,-1.000000e+000
2.126000e+001,4.413600e+002,0,0,-1.000000e+000,-1.000000e+000
3.881300e+002,4.431700e+002,0,0,-1.000000e+000,-1.000000e+000
1.001300e+002,4.466300e+002,1,0,9.059000e+001,4.525700e+002
3.637000e+001,4.473900e+002,0,0,-1.000000e+000,-1.000000e+000
3.389400e+002,4.514300e+002,0,0,-1.000000e+000,-1.000000e+000
4.660000e+001,4.520600e+002,0,0,-1.000000e+000,-1.000000e+000
8.259000e+001,4.559800e+002,0,0,-1.000000e+000,-1.000000e+000
8.259000e+001,4.559800e+002,0,0,-1.000000e+000,-1.000000e+000
1.820000e+001,4.572600e+002,0,0,-1.000000e+000,-1.000000e+000
1.315000e+001,4.585100e+002,0,0,-1.000000e+000,-1.000000e+000
7.713000e+001,4.594900e+002,0,0,-1.000000e+000,-1.000000e+000
7.713000e+001,4.594900e+002,0,0,-1.000000e+000,-1.000000e+000
6.892000e+001,4.650800e+002,0,0,-1.000000e+000,-1.000000e+000
6.892000e+001,4.650800e+002,1,0,5.996000e+001,4.699600e+002
6.371000e+001,4.685500e+002,0,0,-1.000000e+000,-1.000000e+000
6.371000e+001,4.685500e+002,1,0,5.458000e+001,4.735000e+002
6.739000e+001,4.688900e+002,0,0,-1.000000e+000,-1.000000e+000
5.937000e+001,4.713200e+002,0,0,-1.000000e+000,-1.000000e+000
5.937000e+001,4.713200e+002,0,0,-1.000000e+000,-1.000000e+000
2.914500e+002,4.720700e+002,0,0,-1.000000e+000,-1.000000e+000
4.250700e+002,4.150000e+000,0,0,-1.000000e+000,-1.000000e+000
6.320900e+002,8.520000e+000,0,0,-1.000000e+000,-1.000000e+000
5.147300e+002,1.459000e+001,1,1,5.153900e+002,1.436000e+001
4.694600e+002,3.357000e+001,0,0,-1.000000e+000,-1.000000e+000
3.934700e+002,3.727000e+001,0,0,-1.000000e+000,-1.000000e+000
5.263500e+002,3.978000e+001,1,1,5.273700e+002,3.950000e+001
6.030100e+002,5.218000e+001,1,0,5.864300e+002,5.608000e+001
5.352500e+002,6.094000e+001,1,1,5.357600e+002,6.118000e+001
5.586600e+002,6.218000e+001,0,0,-1.000000e+000,-1.000000e+000
4.212000e+002,6.633000e+001,0,0,-1.000000e+000,-1.000000e+000
4.149000e+002,6.705000e+001,1,1,4.148800e+002,6.711000e+001
4.149000e+002,6.705000e+001,1,1,4.148800e+002,6.711000e+001
2.439000e+002,7.316000e+001,0,0,-1.000000e+000,-1.000000e+000
4.515800e+002,9.139000e+001,0,0,-1.000000e+000,-1.000000e+000
5.275200e+002,1.130500e+002,0,0,-1.000000e+000,-1.000000e+000
1.082900e+002,1.304600e+002,0,0,-1.000000e+000,-1.000000e+000
6.087500e+002,1.313800e+002,0,0,-1.000000e+000,-1.000000e+000
1.218000e+001,1.319400e+002,0,0,-1.000000e+000,-1.000000e+000
4.038600e+002,1.321200e+002,0,0,-1.000000e+000,-1.000000e+000
5.416100e+002,1.353800e+002,0,0,-1.000000e+000,-1.000000e+000
4.478000e+001,1.424800e+002,0,0,-1.000000e+000,-1.000000e+000
4.588500e+002,1.429800e+002,0,0,-1.000000e+000,-1.000000e+000
4.158800e+002,1.472600e+002,0,0,-1.000000e+000,-1.000000e+000
5.248700e+002,1.469400e+002,0,0,-1.000000e+000,-1.000000e+000
5.248700e+002,1.469400e+002,1,1,5.259800e+002,1.467500e+002
1.554600e+002,1.507500e+002,1,0,1.546200e+002,1.376400e+002
4.000400e+002,1.508600e+002,1,1,4.002400e+002,1.505300e+002
5.400500e+002,1.545600e+002,0,0,-1.000000e+000,-1.000000e+000
5.395900e+002,1.585900e+002,0,0,-1.000000e+000,-1.000000e+000
5.852800e+002,1.632500e+002,1,1,5.857900e+002,1.632200e+002
3.058600e+002,1.658200e+002,1,1,3.065000e+002,1.655200e+002
3.205100e+002,1.690700e+002,0,0,-1.000000e+000,-1.000000e+000
3.321300e+002,1.688200e+002,0,0,-1.000000e+000,-1.000000e+000
5.940000e+002,1.704000e+002,1,1,5.937200e+002,1.706100e+002
5.599000e+002,1.730300e+002,0,0,-1.000000e+000,-1.000000e+000
5.934800e+002,1.738900e+002,0,0,-1.000000e+000,-1.000000e+000
5.494700e+002,1.770200e+002,0,0,-1.000000e+000,-1.000000e+000
5.855400e+002,1.780400e+002,1,1,5.860500e+002,1.780400e+002
3.826100e+002,1.797500e+002,0,0,-1.000000e+000,-1.000000e+000
3.826100e+002,1.797500e+002,1,1,3.832100e+002,1.796500e+002
2.702600e+002,1.821600e+002,0,0,-1.000000e+000,-1.000000e+000
5.668300e+002,1.863300e+002,0,0,-1.000000e+000,-1.000000e+000
5.600400e+002,1.913100e+002,1,1,5.607000e+002,1.911000e+002
3.135100e+002,1.935400e+002,0,0,-1.000000e+000,-1.000000e+000
1.604300e+002,1.985700e+002,0,0,-1.000000e+000,-1.000000e+000
5.680800e+002,2.049900e+002,1,1,5.685100e+002,2.053300e+002
2.578800e+002,2.075200e+002,1,1,2.585100e+002,2.071400e+002
4.277200e+002,2.089100e+002,0,0,-1.000000e+000,-1.000000e+000
5.680200e+002,2.092800e+002,1,1,5.683800e+002,2.093400e+002
5.680200e+002,2.092800e+002,0,0,-1.000000e+000,-1.000000e+000
6.114000e+002,2.100200e+002,0,0,-1.000000e+000,-1.000000e+000
4.336200e+002,2.124000e+002,0,0,-1.000000e+000,-1.000000e+000
2.641700e+002,2.130000e+002,1,1,2.624500e+002,2.113900e+002
6.080900e+002,2.161800e+002,1,1,6.090700e+002,2.159900e+002
5.557400e+002,2.190800e+002,1,1,5.562900e+002,2.191500e+002
5.949600e+002,2.205000e+002,0,0,-1.000000e+000,-1.000000e+000
5.998500e+002,2.215300e+002,1,1,5.998300e+002,2.220400e+002
5.911000e+002,2.220100e+002,0,0,-1.000000e+000,-1.000000e+000
2.743700e+002,2.224500e+002,0,0,-1.000000e+000,-1.000000e+000
4.520900e+002,2.239500e+002,0,0,-1.000000e+000,-1.000000e+000
4.756200e+002,2.260500e+002,1,1,4.759900e+002,2.259200e+002
2.540700e+002,2.281100e+002,1,1,2.539500e+002,2.282100e+002
4.776500e+002,2.288500e+002,0,0,-1.000000e+000,-1.000000e+000
4.918000e+002,2.412000e+002,1,1,4.909600e+002,2.413800e+002
4.850500e+002,2.417300e+002,0,0,-1.000000e+000,-1.000000e+000
2.422300e+002,2.445100e+002,1,1,2.424900e+002,2.443700e+002
1.664300e+002,2.498800e+002,0,0,-1.000000e+000,-1.000000e+000
2.550400e+002,2.504100e+002,1,1,2.552500e+002,2.499500e+002
4.582800e+002,2.577100e+002,1,1,4.579300e+002,2.576700e+002
1.578600e+002,2.696000e+002,1,1,1.574700e+002,2.691800e+002
3.632100e+002,2.891600e+002,1,1,3.634800e+002,2.891100e+002
3.563700e+002,2.962900e+002,1,1,3.564600e+002,2.961100e+002
3.563700e+002,2.962900e+002,0,0,-1.000000e+000,-1.000000e+000
4.391100e+002,2.974000e+002,1,1,4.389400e+002,2.971200e+002
1.212000e+001,3.019900e+002,1,1,1.015000e+001,3.019500e+002
9.050000e+000,3.027500e+002,0,0,-1.000000e+000,-1.000000e+000
5.790000e+000,3.038800e+002,0,0,-1.000000e+000,-1.000000e+000
2.244200e+002,3.094100e+002,0,0,-1.000000e+000,-1.000000e+000
6.349900e+002,3.084700e+002,0,0,-1.000000e+000,-1.000000e+000
1.876000e+002,3.124600e+002,0,0,-1.000000e+000,-1.000000e+000
6.196900e+002,3.174000e+002,0,0,-1.000000e+000,-1.000000e+000
2.094000e+002,3.229500e+002,0,0,-1.000000e+000,-1.000000e+000
5.729200e+002,3.276600e+002,0,0,-1.000000e+000,-1.000000e+000
1.883800e+002,3.326700e+002,0,0,-1.000000e+000,-1.000000e+000
1.805500e+002,3.364500e+002,0,0,-1.000000e+000,-1.000000e+000
1.805500e+002,3.364500e+002,0,0,-1.000000e+000,-1.000000e+000
1.250400e+002,3.377500e+002,0,0,-1.000000e+000,-1.000000e+000
2.191200e+002,3.377200e+002,0,0,-1.000000e+000,-1.000000e+000
1.330400e+002,3.402700e+002,0,0,-1.000000e+000,-1.000000e+000
2.097800e+002,3.418700e+002,1,1,2.098600e+002,3.413800e+002
1.350500e+002,3.466900e+002,0,0,-1.000000e+000,-1.000000e+000
1.285600e+002,3.469100e+002,0,0,-1.000000e+000,-1.000000e+000
1.630400e+002,3.473800e+002,0,0,-1.000000e+000,-1.000000e+000
1.201200e+002,3.490900e+002,1,1,1.199300e+002,3.482700e+002
1.873300e+002,3.495800e+002,1,1,1.876700e+002,3.492700e+002
1.873300e+002,3.495800e+002,1,1,1.876700e+002,3.492700e+002
5.482800e+002,3.520700e+002,0,0,-1.000000e+000,-1.000000e+000
2.401200e+002,3.561200e+002,0,0,-1.000000e+000,-1.000000e+000
1.012400e+002,3.562900e+002,0,0,-1.000000e+000,-1.000000e+000
1.012400e+002,3.562900e+002,0,0,-1.000000e+000,-1.000000e+000
1.824900e+002,3.571900e+002,0,0,-1.000000e+000,-1.000000e+000
1.095000e+002,3.620300e+002,1,0,1.009400e+002,3.665500e+002
1.746700e+002,3.638300e+002,1,1,1.738500e+002,3.631400e+002
1.123100e+002,3.648800e+002,0,0,-1.000000e+000,-1.000000e+000
1.123100e+002,3.648800e+002,0,0,-1.000000e+000,-1.000000e+000
1.032400e+002,3.657100e+002,0,0,-1.000000e+000,-1.000000e+000
8.474000e+001,3.662000e+002,1,1,8.469000e+001,3.657000e+002
1.148800e+002,3.670000e+002,1,1,1.147200e+002,3.663900e+002
1.737400e+002,3.668200e+002,0,0,-1.000000e+000,-1.000000e+000
9.314000e+001,3.683500e+002,1,1,9.323000e+001,3.676000e+002
9.697000e+001,3.694800e+002,0,0,-1.000000e+000,-1.000000e+000
1.038500e+002,3.697400e+002,0,0,-1.000000e+000,-1.000000e+000
1.038500e+002,3.697400e+002,0,0,-1.000000e+000,-1.000000e+000
1.069200e+002,3.721200e+002,0,0,-1.000000e+000,-1.000000e+000
2.027600e+002,3.729000e+002,0,0,-1.000000e+000,-1.000000e+000
8.312000e+001,3.744500e+002,0,0,-1.000000e+000,-1.000000e+000
7.198000e+001,3.771100e+002,0,0,-1.000000e+000,-1.000000e+000
8.345000e+001,3.783900e+002,1,1,8.416000e+001,3.770800e+002
1.264200e+002,3.790600e+002,1,1,1.266800e+002,3.789000e+002
8.727000e+001,3.799600e+002,0,0,-1.000000e+000,-1.000000e+000
8.727000e+001,3.799600e+002,1,1,8.730000e+001,3.794800e+002
8.727000e+001,3.799600e+002,0,0,-1.000000e+000,-1.000000e+000
1.490500e+002,3.801400e+002,0,0,-1.000000e+000,-1.000000e+000
1.093900e+002,3.804700e+002,0,0,-1.000000e+000,-1.000000e+000
1.093900e+002,3.804700e+002,0,0,-1.000000e+000,-1.000000e+000
7.800000e+001,3.813100e+002,0,0,-1.000000e+000,-1.000000e+000
6.338000e+001,3.826400e+002,0,0,-1.000000e+000,-1.000000e+000
6.422000e+001,3.859500e+002,1,1,6.410000e+001,3.854900e+002
1.011000e+002,3.859000e+002,0,0,-1.000000e+000,-1.000000e+000
1.011000e+002,3.859000e+002,0,0,-1.000000e+000,-1.000000e+000
1.298900e+002,3.870100e+002,0,0,-1.000000e+000,-1.000000e+000
1.298900e+002,3.870100e+002,0,0,-1.000000e+000,-1.000000e+000
1.298900e+002,3.870100e+002,1,1,1.298300e+002,3.862200e+002
6.684000e+001,3.884400e+002,1,0,7.546000e+001,3.822800e+002
1.364500e+002,3.887000e+002,0,0,-1.000000e+000,-1.000000e+000
9.014000e+001,3.889500e+002,0,0,-1.000000e+000,-1.000000e+000
4.573000e+001,3.899000e+002,0,0,-1.000000e+000,-1.000000e+000
1.318500e+002,3.902900e+002,0,0,-1.000000e+000,-1.000000e+000
1.103900e+002,3.903100e+002,0,0,-1.000000e+000,-1.000000e+000
1.103900e+002,3.903100e+002,1,1,1.105200e+002,3.898900e+002
6.987000e+001,3.907900e+002,0,0,-1.000000e+000,-1.000000e+000
6.987000e+001,3.907900e+002,1,1,6.987000e+001,3.904000e+002
1.448600e+002,3.909200e+002,1,1,1.451200e+002,3.898700e+002
5.417000e+001,3.920600e+002,0,0,-1.000000e+000,-1.000000e+000
1.216600e+002,3.921500e+002,0,0,-1.000000e+000,-1.000000e+000
4.906400e+002,3.930500e+002,0,0,-1.000000e+000,-1.000000e+000
4.478000e+001,3.938600e+002,0,0,-1.000000e+000,-1.000000e+000
5.775000e+001,3.942400e+002,0,0,-1.000000e+000,-1.000000e+000
6.889000e+001,3.942600e+002,0,0,-1.000000e+000,-1.000000e+000
4.792300e+002,3.956600e+002,0,0,-1.000000e+000,-1.000000e+000
1.272400e+002,3.959600e+002,0,0,-1.000000e+000,-1.000000e+000
1.272400e+002,3.959600e+002,0,0,-1.000000e+000,-1.000000e+000
6.122000e+001,3.965400e+002,0,0,-1.000000e+000,-1.000000e+000
6.122000e+001,3.965400e+002,0,0,-1.000000e+000,-1.000000e+000
4.387000e+001,3.983000e+002,1,1,4.331000e+001,3.977600e+002
9.329000e+001,4.008500e+002,0,0,-1.000000e+000,-1.000000e+000
3.120000e+001,4.016100e+002,0,0,-1.000000e+000,-1.000000e+000
5.206000e+001,4.021800e+002,1,1,5.192000e+001,4.014500e+002
5.206000e+001,4.021800e+002,1,1,5.192000e+001,4.014500e+002
7.533000e+001,4.025000e+002,0,0,-1.000000e+000,-1.000000e+000
7.533000e+001,4.025000e+002,0,0,-1.000000e+000,-1.000000e+000
7.533000e+001,4.025000e+002,0,0,-1.000000e+000,-1.000000e+000
1.152400e+002,4.023500e+002,1,1,1.156600e+002,4.020300e+002
1.152400e+002,4.023500e+002,1,1,1.156600e+002,4.020300e+002
5.094000e+001,4.055800e+002,0,0,-1.000000e+000,-1.000000e+000
6.285000e+001,4.053700e+002,0,0,-1.000000e+000,-1.000000e+000
8.466000e+001,4.067500e+002,0,0,-1.000000e+000,-1.000000e+000
2.223000e+001,4.073900e+002,1,0,6.323000e+001,3.817900e+002
1.263000e+001,4.092400e+002,0,0,-1.000000e+000,-1.000000e+000
4.546000e+001,4.102000e+002,0,0,-1.000000e+000,-1.000000e+000
7.260000e+001,4.100500e+002,0,0,-1.000000e+000,-1.000000e+000
7.260000e+001,4.100500e+002,0,0,-1.000000e+000,-1.000000e+000
5.405000e+001,4.113300e+002,0,0,-1.000000e+000,-1.000000e+000
7.582000e+001,4.126300e+002,0,0,-1.000000e+000,-1.000000e+000
1.209000e+001,4.129600e+002,0,0,-1.000000e+000,-1.000000e+000
3.334000e+001,4.137400e+002,0,0,-1.000000e+000,-1.000000e+000
3.334000e+001,4.137400e+002,0,0,-1.000000e+000,-1.000000e+000
5.341000e+001,4.151600e+002,0,0,-1.000000e+000,-1.000000e+000
2.720000e+000,4.152900e+002,0,0,-1.000000e+000,-1.000000e+000
2.720000e+000,4.152900e+002,0,0,-1.000000e+000,-1.000000e+000
2.356000e+001,4.195600e+002,0,0,-1.000000e+000,-1.000000e+000
2.356000e+001,4.195600e+002,0,0,-1.000000e+000,-1.000000e+000
7.901000e+001,4.210000e+002,0,0,-1.000000e+000,-1.000000e+000
4.288900e+002,4.219400e+002,0,0,-1.000000e+000,-1.000000e+000
5.705000e+001,4.241600e+002,0,0,-1.000000e+000,-1.000000e+000
1.344000e+001,4.257400e+002,0,0,-1.000000e+000,-1.000000e+000
1.344000e+001,4.257400e+002,0,0,-1.000000e+000,-1.000000e+000
1.344000e+001,4.257400e+002,0,0,-1.000000e+000,-1.000000e+000
5.381000e+001,4.259900e+002,0,0,-1.000000e+000,-1.000000e+000
2.527000e+001,4.293300e+002,0,0,-1.000000e+000,-1.000000e+000
4.042000e+001,4.296200e+002,0,0,-1.000000e+000,-1.000000e+000
1.235000e+001,4.299000e+002,0,0,-1.000000e+000,-1.000000e+000
5.649000e+001,4.306700e+002,1,1,5.632000e+001,4.300500e+002
5.649000e+001,4.306700e+002,1,1,5.632000e+001,4.300500e+002
3.350000e+000,4.320200e+002,1,1,2.980000e+000,4.312500e+002
3.350000e+000,4.320200e+002,0,0,-1.000000e+000,-1.000000e+000
6.470000e+000,4.354500e+002,0,0,-1.000000e+000,-1.000000e+000
3.089000e+001,4.355700e+002,0,0,-1.000000e+000,-1.000000e+000
4.675000e+001,4.369900e+002,0,0,-1.000000e+000,-1.000000e+000
1.844000e+001,4.388400e+002,0,0,-1.000000e+000,-1.000000e+000
1.844000e+001,4.388400e+002,0,0,-1.000000e+000,-1.000000e+000
3.620200e+002,4.402500e+002,0,0,-1.000000e+000,-1.000000e+000
5.480000e+001,4.414600e+002,0,0,-1.000000e+000,-1.000000e+000
5.480000e+001,4.414600e+002,0,0,-1.000000e+000,-1.000000e+000
2.753000e+001,4.430400e+002,0,0,-1.000000e+000,-1.000000e+000
2.753000e+001,4.430400e+002,0,0,-1.000000e+000,-1.000000e+000
3.703000e+001,4.435300e+002,0,0,-1.000000e+000,-1.000000e+000
3.703000e+001,4.435300e+002,0,0,-1.000000e+000,-1.000000e+000
4.480000e+000,4.447700e+002,1,1,4.740000e+000,4.441100e+002
2.685000e+001,4.502400e+002,0,0,-1.000000e+000,-1.000000e+000
1.180000e+001,4.514200e+002,1,1,1.168000e+001,4.506600e+002
6.290000e+000,4.519900e+002,0,0,-1.000000e+000,-1.000000e+000
3.227400e+002,4.595400e+002,0,0,-1.000000e+000,-1.000000e+000
7.279000e+001,4.624400e+002,0,0,-1.000000e+000,-1.000000e+000
7.279000e+001,4.624400e+002,0,0,-1.000000e+000,-1.000000e+000
3.429700e+002,4.694900e+002,1,1,3.444800e+002,4.684100e+002
2.630000e+001,4.710700e+002,0,0,-1.000000e+000,-1.000000e+000
6.335800e+002,3.920000e+000,0,0,-1.000000e+000,-1.000000e+000
6.038800e+002,5.070000e+000,1,1,6.038200e+002,5.010000e+000
5.778600e+002,6.085000e+001,0,0,-1.000000e+000,-1.000000e+000
5.473800e+002,6.829000e+001,0,0,-1.000000e+000,-1.000000e+000
5.473800e+002,6.829000e+001,1,1,5.470000e+002,6.763000e+001
6.164300e+002,6.792000e+001,0,0,-1.000000e+000,-1.000000e+000
6.152400e+002,7.967000e+001,0,0,-1.000000e+000,-1.000000e+000
5.302000e+002,1.295800e+002,1,1,5.307500e+002,1.296900e+002
1.544600e+002,1.359300e+002,0,0,-1.000000e+000,-1.000000e+000
3.879300e+002,1.450900e+002,1,1,3.876700e+002,1.449300e+002
6.068900e+002,1.506600e+002,1,1,6.073900e+002,1.507400e+002
3.986700e+002,1.545000e+002,1,1,3.988400e+002,1.542600e+002
5.243600e+002,1.555000e+002,1,1,5.249100e+002,1.554700e+002
5.243600e+002,1.555000e+002,1,1,5.249100e+002,1.554700e+002
5.276400e+002,1.679900e+002,1,1,5.282000e+002,1.679300e+002
6.064000e+002,1.689600e+002,0,0,-1.000000e+000,-1.000000e+000
5.509100e+002,1.770100e+002,0,0,-1.000000e+000,-1.000000e+000
6.106500e+002,1.827000e+002,1,1,6.114500e+002,1.826400e+002
5.565300e+002,1.837000e+002,0,0,-1.000000e+000,-1.000000e+000
5.254100e+002,2.003600e+002,1,1,5.258100e+002,2.003700e+002
5.546600e+002,2.031800e+002,0,0,-1.000000e+000,-1.000000e+000
5.574100e+002,2.128100e+002,0,0,-1.000000e+000,-1.000000e+000
5.680000e+002,2.137000e+002,0,0,-1.000000e+000,-1.000000e+000
2.302700e+002,2.328800e+002,0,0,-1.000000e+000,-1.000000e+000
2.302700e+002,2.328800e+002,0,0,-1.000000e+000,-1.000000e+000
1.750900e+002,2.333600e+002,0,0,-1.000000e+000,-1.000000e+000
1.780000e+002,2.514700e+002,0,0,-1.000000e+000,-1.000000e+000
4.818200e+002,2.747300e+002,0,0,-1.000000e+000,-1.000000e+000
3.753600e+002,2.754900e+002,0,0,-1.000000e+000,-1.000000e+000
1.210200e+002,2.810000e+002,1,1,1.215700e+002,2.802300e+002
1.210200e+002,2.810000e+002,1,1,1.215700e+002,2.802300e+002
3.364900e+002,2.833800e+002,1,1,3.362800e+002,2.829200e+002
3.589400e+002,2.887700e+002,1,1,3.591400e+002,2.883700e+002
2.514000e+001,3.091400e+002,0,0,-1.000000e+000,-1.000000e+000
1.209100e+002,3.134200e+002,0,0,-1.000000e+000,-1.000000e+000
3.831600e+002,3.133600e+002,1,1,3.835200e+002,3.136800e+002
1.442700e+002,3.183800e+002,1,1,1.432800e+002,3.186400e+002
1.756900e+002,3.276400e+002,0,0,-1.000000e+000,-1.000000e+000
1.756900e+002,3.276400e+002,1,1,1.753800e+002,3.271100e+002
1.809700e+002,3.314700e+002,1,1,1.811800e+002,3.314300e+002
1.745000e+002,3.362100e+002,1,1,1.742400e+002,3.355500e+002
1.745000e+002,3.362100e+002,1,1,1.742400e+002,3.355500e+002
1.669100e+002,3.403000e+002,1,1,1.666200e+002,3.399500e+002
1.956400e+002,3.408500e+002,1,1,1.953200e+002,3.402600e+002
1.956400e+002,3.408500e+002,1,1,1.953200e+002,3.402600e+002
1.816700e+002,3.414800e+002,1,1,1.815400e+002,3.410200e+002
1.816700e+002,3.414800e+002,0,0,-1.000000e+000,-1.000000e+000
1.318700e+002,3.437700e+002,1,1,1.318300e+002,3.433300e+002
1.738600e+002,3.457100e+002,1,1,1.739000e+002,3.451600e+002
1.892500e+002,3.455600e+002,0,0,-1.000000e+000,-1.000000e+000
1.892500e+002,3.455600e+002,1,1,1.889100e+002,3.450000e+002
2.020700e+002,3.452700e+002,1,1,2.016600e+002,3.446100e+002
2.020700e+002,3.452700e+002,1,1,2.016600e+002,3.446100e+002
1.440100e+002,3.472600e+002,0,0,-1.000000e+000,-1.000000e+000
1.440100e+002,3.472600e+002,1,1,1.438900e+002,3.467800e+002
1.811400e+002,3.501300e+002,1,1,1.809600e+002,3.497700e+002
1.365000e+002,3.517800e+002,1,1,1.362600e+002,3.515400e+002
1.077300e+002,3.550800e+002,1,1,1.074000e+002,3.546100e+002
1.077300e+002,3.550800e+002,0,0,-1.000000e+000,-1.000000e+000
1.861100e+002,3.589800e+002,1,1,1.860700e+002,3.585200e+002
9.977000e+001,3.600300e+002,0,0,-1.000000e+000,-1.000000e+000
9.977000e+001,3.600300e+002,0,0,-1.000000e+000,-1.000000e+000
1.599200e+002,3.649000e+002,1,1,1.599800e+002,3.644500e+002
1.090900e+002,3.683800e+002,0,0,-1.000000e+000,-1.000000e+000
1.185700e+002,3.705000e+002,1,1,1.184900e+002,3.699500e+002
1.020000e+002,3.734500e+002,1,0,8.445000e+001,3.832300e+002
1.593000e+002,3.745400e+002,1,1,1.599400e+002,3.744700e+002
1.277500e+002,3.747900e+002,1,1,1.274700e+002,3.742000e+002
1.096500e+002,3.759100e+002,0,0,-1.000000e+000,-1.000000e+000
7.076000e+001,3.774700e+002,0,0,-1.000000e+000,-1.000000e+000
7.490000e+001,3.835400e+002,0,0,-1.000000e+000,-1.000000e+000
4.838000e+001,3.922800e+002,0,0,-1.000000e+000,-1.000000e+000
4.838000e+001,3.922800e+002,0,0,-1.000000e+000,-1.000000e+000
8.905000e+001,3.971100e+002,0,0,-1.000000e+000,-1.000000e+000
8.905000e+001,3.971100e+002,1,1,8.897000e+001,3.963100e+002
1.352400e+002,3.973500e+002,0,0,-1.000000e+000,-1.000000e+000
1.252600e+002,3.992200e+002,0,0,-1.000000e+000,-1.000000e+000
8.030000e+001,4.030000e+002,1,1,8.049000e+001,4.024200e+002
1.051700e+002,4.033200e+002,1,1,1.047900e+002,4.026500e+002
1.252100e+002,4.039800e+002,0,0,-1.000000e+000,-1.000000e+000
1.140500e+002,4.063800e+002,1,1,1.132400e+002,4.058400e+002
9.642000e+001,4.091500e+002,0,0,-1.000000e+000,-1.000000e+000
1.147600e+002,4.111400e+002,0,0,-1.000000e+000,-1.000000e+000
8.785000e+001,4.148900e+002,0,0,-1.000000e+000,-1.000000e+000
2.056000e+001,4.164200e+002,1,1,2.094000e+001,4.152200e+002
4.722000e+001,4.193000e+002,0,0,-1.000000e+000,-1.000000e+000
1.017900e+002,4.198900e+002,0,0,-1.000000e+000,-1.000000e+000
1.017900e+002,4.198900e+002,1,0,9.137000e+001,4.260100e+002
9.643000e+001,4.233900e+002,1,0,9.137000e+001,4.260100e+002
9.643000e+001,4.233900e+002,0,0,-1.000000e+000,-1.000000e+000
3.811000e+001,4.257800e+002,1,1,3.778000e+001,4.249900e+002
6.972000e+001,4.270200e+002,0,0,-1.000000e+000,-1.000000e+000
9.050000e+001,4.272400e+002,0,0,-1.000000e+000,-1.000000e+000
9.050000e+001,4.272400e+002,0,0,-1.000000e+000,-1.000000e+000
4.443000e+001,4.278800e+002,0,0,-1.000000e+000,-1.000000e+000
4.443000e+001,4.278800e+002,0,0,-1.000000e+000,-1.000000e+000
8.474000e+001,4.312000e+002,0,0,-1.000000e+000,-1.000000e+000
8.474000e+001,4.312000e+002,0,0,-1.000000e+000,-1.000000e+000
5.993000e+001,4.328100e+002,1,1,6.015000e+001,4.324700e+002
5.993000e+001,4.328100e+002,1,1,6.015000e+001,4.324700e+002
5.049000e+001,4.395500e+002,1,1,5.021000e+001,4.386900e+002
5.983000e+001,4.397000e+002,1,1,5.946000e+001,4.390200e+002
5.983000e+001,4.397000e+002,1,1,5.946000e+001,4.390200e+002
4.760000e+001,4.483600e+002,0,0,-1.000000e+000,-1.000000e+000
4.760000e+001,4.483600e+002,1,1,4.774000e+001,4.478600e+002
5.804000e+001,4.496000e+002,0,0,-1.000000e+000,-1.000000e+000
4.024000e+001,4.556100e+002,1,1,3.982000e+001,4.548900e+002
3.464000e+001,4.567400e+002,1,1,3.412000e+001,4.559900e+002
3.317000e+001,4.608000e+002,0,0,-1.000000e+000,-1.000000e+000
1.193000e+001,4.620900e+002,0,0,-1.000000e+000,-1.000000e+000
3.306000e+001,4.667100e+002,0,0,-1.000000e+000,-1.000000e+000
3.318300e+002,4.715700e+002,1,1,3.315300e+002,4.713700e+002
3.318300e+002,4.715700e+002,1,1,3.315300e+002,4.713700e+002
5.885000e+002,6.280000e+000,1,1,5.893700e+002,6.450000e+000
6.015100e+002,3.197000e+001,1,1,6.018600e+002,3.207000e+001
6.015100e+002,3.197000e+001,1,1,6.018600e+002,3.207000e+001
6.149700e+002,8.474000e+001,1,1,6.158000e+002,8.511000e+001
6.118500e+002,1.142800e+002,0,0,-1.000000e+000,-1.000000e+000
5.297300e+002,1.355900e+002,1,1,5.302700e+002,1.352500e+002
5.297300e+002,1.355900e+002,1,1,5.302700e+002,1.352500e+002
5.248700e+002,1.390400e+002,1,1,5.259500e+002,1.384700e+002
4.003800e+002,1.501000e+002,0,0,-1.000000e+000,-1.000000e+000
3.987800e+002,1.549000e+002,0,0,-1.000000e+000,-1.000000e+000
5.281200e+002,1.590200e+002,1,1,5.288000e+002,1.590900e+002
5.277800e+002,1.676700e+002,0,0,-1.000000e+000,-1.000000e+000
3.805400e+002,1.794800e+002,1,1,3.805000e+002,1.791500e+002
3.805400e+002,1.794800e+002,1,1,3.805000e+002,1.791500e+002
5.558300e+002,1.838900e+002,0,0,-1.000000e+000,-1.000000e+000
2.120300e+002,1.896800e+002,0,0,-1.000000e+000,-1.000000e+000
5.450400e+002,1.933600e+002,1,1,5.453900e+002,1.932900e+002
4.650800e+002,2.139200e+002,1,1,4.656500e+002,2.139600e+002
2.303800e+002,2.331000e+002,1,1,2.313000e+002,2.329600e+002
2.303800e+002,2.331000e+002,1,1,2.313000e+002,2.329600e+002
1.782400e+002,2.513500e+002,1,1,1.783600e+002,2.510500e+002
2.466700e+002,2.528400e+002,0,0,-1.000000e+000,-1.000000e+000
4.894000e+002,2.538700e+002,0,0,-1.000000e+000,-1.000000e+000
1.795100e+002,2.563400e+002,0,0,-1.000000e+000,-1.000000e+000
1.729900e+002,2.611300e+002,0,0,-1.000000e+000,-1.000000e+000
4.816700e+002,2.695700e+002,1,1,4.817000e+002,2.692600e+002
3.851200e+002,2.780800e+002,0,0,-1.000000e+000,-1.000000e+000
2.525900e+002,2.890500e+002,0,0,-1.000000e+000,-1.000000e+000
2.364900e+002,3.071400e+002,0,0,-1.000000e+000,-1.000000e+000
3.829300e+002,3.138900e+002,0,0,-1.000000e+000,-1.000000e+000
6.190300e+002,3.168300e+002,1,1,6.167100e+002,3.192600e+002
1.451900e+002,3.179900e+002,0,0,-1.000000e+000,-1.000000e+000
1.390300e+002,3.388600e+002,1,1,1.391300e+002,3.384000e+002
1.390300e+002,3.388600e+002,1,1,1.391300e+002,3.384000e+002
1.602000e+002,3.467200e+002,0,0,-1.000000e+000,-1.000000e+000
2.020900e+002,3.514400e+002,1,1,2.019400e+002,3.508500e+002
1.504800e+002,3.523700e+002,1,1,1.506200e+002,3.520100e+002
1.504800e+002,3.523700e+002,1,1,1.506200e+002,3.520100e+002
1.890900e+002,3.543800e+002,1,1,1.892600e+002,3.538700e+002
1.129900e+002,3.549300e+002,1,1,1.130700e+002,3.543200e+002
1.432100e+002,3.574900e+002,1,1,1.432100e+002,3.570100e+002
1.049600e+002,3.599300e+002,1,1,1.053100e+002,3.592100e+002
1.808100e+002,3.606400e+002,1,1,1.814900e+002,3.603900e+002
9.697000e+001,3.646200e+002,1,1,9.695000e+001,3.640600e+002
9.900000e+001,3.702000e+002,0,0,-1.000000e+000,-1.000000e+000
1.640600e+002,3.715700e+002,0,0,-1.000000e+000,-1.000000e+000
1.640600e+002,3.715700e+002,1,1,1.641200e+002,3.711400e+002
6.578000e+001,3.809100e+002,0,0,-1.000000e+000,-1.000000e+000
1.037000e+002,3.816700e+002,0,0,-1.000000e+000,-1.000000e+000
1.037000e+002,3.816700e+002,0,0,-1.000000e+000,-1.000000e+000
1.319600e+002,3.825600e+002,0,0,-1.000000e+000,-1.000000e+000
1.125900e+002,3.856800e+002,0,0,-1.000000e+000,-1.000000e+000
1.427300e+002,3.861900e+002,1,1,1.426200e+002,3.856000e+002
1.427300e+002,3.861900e+002,1,1,1.426200e+002,3.856000e+002
9.506000e+001,3.868100e+002,0,0,-1.000000e+000,-1.000000e+000
9.506000e+001,3.868100e+002,1,1,9.503000e+001,3.863000e+002
5.839000e+001,3.880400e+002,0,0,-1.000000e+000,-1.000000e+000
1.239000e+002,3.880600e+002,0,0,-1.000000e+000,-1.000000e+000
1.239000e+002,3.880600e+002,1,1,1.234400e+002,3.873500e+002
1.041200e+002,3.911400e+002,1,1,1.042400e+002,3.906500e+002
1.041200e+002,3.911400e+002,0,0,-1.000000e+000,-1.000000e+000
8.649000e+001,3.924100e+002,0,0,-1.000000e+000,-1.000000e+000
8.649000e+001,3.924100e+002,1,1,8.632000e+001,3.916900e+002
9.548000e+001,3.964100e+002,1,1,9.541000e+001,3.958900e+002
4.908000e+001,3.980700e+002,0,0,-1.000000e+000,-1.000000e+000
7.804000e+001,3.980000e+002,1,1,7.799000e+001,3.973900e+002
7.804000e+001,3.980000e+002,0,0,-1.000000e+000,-1.000000e+000
1.071000e+002,3.988100e+002,1,1,1.071900e+002,3.982100e+002
1.071000e+002,3.988100e+002,1,1,1.071900e+002,3.982100e+002
1.301000e+002,3.996600e+002,0,0,-1.000000e+000,-1.000000e+000
2.910000e+001,4.021900e+002,1,0,1.920000e+001,4.072700e+002
8.729000e+001,4.022000e+002,0,0,-1.000000e+000,-1.000000e+000
8.729000e+001,4.022000e+002,0,0,-1.000000e+000,-1.000000e+000
6.855000e+001,4.033200e+002,0,0,-1.000000e+000,-1.000000e+000
6.855000e+001,4.033200e+002,0,0,-1.000000e+000,-1.000000e+000
9.813000e+001,4.042500e+002,0,0,-1.000000e+000,-1.000000e+000
9.813000e+001,4.042500e+002,0,0,-1.000000e+000,-1.000000e+000
4.881000e+001,4.059000e+002,1,1,4.855000e+001,4.050800e+002
1.131800e+002,4.065900e+002,0,0,-1.000000e+000,-1.000000e+000
1.927000e+001,4.079100e+002,0,0,-1.000000e+000,-1.000000e+000
7.800000e+001,4.077400e+002,0,0,-1.000000e+000,-1.000000e+000
7.800000e+001,4.077400e+002,1,1,7.799000e+001,4.070100e+002
5.938000e+001,4.090600e+002,1,1,5.928000e+001,4.084700e+002
5.938000e+001,4.090600e+002,1,1,5.928000e+001,4.084700e+002
8.962000e+001,4.101100e+002,1,0,8.079000e+001,4.153500e+002
8.962000e+001,4.101100e+002,0,0,-1.000000e+000,-1.000000e+000
3.934000e+001,4.117900e+002,1,1,3.908000e+001,4.111500e+002
9.260000e+000,4.138700e+002,1,1,9.070000e+000,4.131200e+002
1.667000e+001,4.137200e+002,1,0,2.623000e+001,4.067400e+002
6.918000e+001,4.136700e+002,1,1,6.860000e+001,4.127800e+002
5.038000e+001,4.148600e+002,1,1,5.034000e+001,4.145200e+002
8.065000e+001,4.161300e+002,0,0,-1.000000e+000,-1.000000e+000
2.937000e+001,4.175000e+002,0,0,-1.000000e+000,-1.000000e+000
5.933000e+001,4.193700e+002,0,0,-1.000000e+000,-1.000000e+000
5.933000e+001,4.193700e+002,1,1,5.945000e+001,4.187500e+002
4.044000e+001,4.208600e+002,1,1,4.029000e+001,4.201500e+002
4.044000e+001,4.208600e+002,1,1,4.029000e+001,4.201500e+002
7.129000e+001,4.218600e+002,1,1,7.088000e+001,4.213100e+002
5.044000e+001,4.255000e+002,0,0,-1.000000e+000,-1.000000e+000
3.119000e+001,4.270300e+002,0,0,-1.000000e+000,-1.000000e+000
6.210000e+001,4.279400e+002,1,1,6.182000e+001,4.273200e+002
4.053000e+001,4.317500e+002,1,1,4.028000e+001,4.311000e+002
5.316000e+001,4.345300e+002,1,1,5.284000e+001,4.337200e+002
3.148000e+001,4.380700e+002,1,1,3.111000e+001,4.373500e+002
3.148000e+001,4.380700e+002,1,1,3.111000e+001,4.373500e+002
5.061000e+001,4.393800e+002,0,0,-1.000000e+000,-1.000000e+000
4.339000e+001,4.412000e+002,1,1,4.313000e+001,4.404400e+002
3.238000e+001,4.476400e+002,1,1,3.210000e+001,4.465400e+002
2.229000e+001,4.660100e+002,1,1,2.191000e+001,4.652400e+002
5.242900e+002,4.442000e+001,1,1,5.251000e+002,4.433000e+001
5.482100e+002,6.909000e+001,1,1,5.493400e+002,6.915000e+001
5.482100e+002,6.909000e+001,0,0,-1.000000e+000,-1.000000e+000
1.477500e+002,1.255800e+002,1,1,1.451900e+002,1.283800e+002
3.864600e+002,1.376700e+002,1,1,3.864600e+002,1.377500e+002
4.240300e+002,1.439600e+002,0,0,-1.000000e+000,-1.000000e+000
6.087600e+002,1.702000e+002,1,1,6.095500e+002,1.701600e+002
5.542200e+002,1.770100e+002,1,1,5.545900e+002,1.770600e+002
5.619200e+002,1.881700e+002,1,1,5.624100e+002,1.882400e+002
3.192500e+002,1.962600e+002,0,0,-1.000000e+000,-1.000000e+000
5.624500e+002,2.098900e+002,1,1,5.626400e+002,2.097100e+002
6.086600e+002,2.224500e+002,0,0,-1.000000e+000,-1.000000e+000
5.548600e+002,2.254600e+002,1,1,5.574100e+002,2.268300e+002
4.784700e+002,2.353500e+002,0,0,-1.000000e+000,-1.000000e+000
2.246800e+002,2.376500e+002,1,1,2.249200e+002,2.373400e+002
2.366800e+002,2.412600e+002,0,0,-1.000000e+000,-1.000000e+000
2.222800e+002,2.441000e+002,1,1,2.225500e+002,2.432200e+002
4.345000e+002,2.659900e+002,0,0,-1.000000e+000,-1.000000e+000
1.968300e+002,3.129800e+002,1,1,1.977200e+002,3.114600e+002
5.822700e+002,3.445400e+002,1,1,5.821900e+002,3.447200e+002
1.341300e+002,3.489500e+002,0,0,-1.000000e+000,-1.000000e+000
1.167000e+002,3.601500e+002,1,1,1.167800e+002,3.599100e+002
1.781100e+002,3.672200e+002,1,1,1.781400e+002,3.666400e+002
8.996000e+001,3.749100e+002,1,1,8.999000e+001,3.741500e+002
1.531200e+002,3.789300e+002,1,1,1.535400e+002,3.784100e+002
1.501100e+002,3.860000e+002,1,1,1.502900e+002,3.858400e+002
6.444000e+001,3.913400e+002,1,1,6.428000e+001,3.906900e+002
1.326700e+002,3.926800e+002,0,0,-1.000000e+000,-1.000000e+000
1.326700e+002,3.926800e+002,0,0,-1.000000e+000,-1.000000e+000
5.570000e+001,3.968700e+002,0,0,-1.000000e+000,-1.000000e+000
1.220900e+002,3.997000e+002,1,1,1.220000e+002,3.991100e+002
1.220900e+002,3.997000e+002,1,1,1.220000e+002,3.991100e+002
3.511000e+001,4.012300e+002,0,0,-1.000000e+000,-1.000000e+000
3.511000e+001,4.012300e+002,1,0,7.557000e+001,3.762800e+002
2.599000e+001,4.072900e+002,0,0,-1.000000e+000,-1.000000e+000
1.192700e+002,4.067900e+002,1,1,1.191600e+002,4.062800e+002
3.721000e+001,4.088800e+002,1,1,3.683000e+001,4.079500e+002
2.733000e+001,4.145500e+002,1,1,2.717000e+001,4.137500e+002
1.763000e+001,4.203800e+002,1,1,1.725000e+001,4.197700e+002
2.112000e+001,4.331000e+002,1,1,2.103000e+001,4.323800e+002
6.574000e+001,4.371400e+002,1,1,6.542000e+001,4.364700e+002
6.382000e+001,4.440700e+002,1,1,6.361000e+001,4.433400e+002
5.442000e+001,4.448800e+002,1,1,5.438000e+001,4.441000e+002
5.442000e+001,4.448800e+002,1,1,5.438000e+001,4.441000e+002
5.577900e+002,4.508300e+002,0,0,-1.000000e+000,-1.000000e+000
5.116000e+001,4.525000e+002,1,1,5.092000e+001,4.519400e+002
4.259000e+001,4.529900e+002,1,1,4.259000e+001,4.522900e+002
4.259000e+001,4.529900e+002,1,1,4.259000e+001,4.522900e+002
3.893000e+001,4.613500e+002,1,1,3.851000e+001,4.603900e+002
5.884100e+002,1.525000e+001,1,1,5.892600e+002,1.524000e+001
5.884100e+002,1.525000e+001,1,1,5.892600e+002,1.524000e+001
5.168700e+002,2.104000e+001,1,1,5.174800e+002,2.098000e+001
5.281400e+002,1.497800e+002,0,0,-1.000000e+000,-1.000000e+000
5.281400e+002,1.497800e+002,1,1,5.287000e+002,1.500600e+002
4.964100e+002,1.553000e+002,1,1,4.972000e+002,1.552400e+002
1.758900e+002,2.135600e+002,1,1,1.764000e+002,2.131800e+002
1.768000e+002,2.300300e+002,1,1,1.769100e+002,2.299200e+002
5.238000e+002,2.307400e+002,1,1,5.239000e+002,2.309600e+002
2.346200e+002,2.351600e+002,0,0,-1.000000e+000,-1.000000e+000
4.962100e+002,2.416300e+002,0,0,-1.000000e+000,-1.000000e+000
2.496300e+002,2.455000e+002,1,1,2.499900e+002,2.451500e+002
2.496300e+002,2.455000e+002,1,1,2.499900e+002,2.451500e+002
4.843600e+002,2.895200e+002,1,1,4.846100e+002,2.899100e+002
1.528800e+002,3.005800e+002,0,0,-1.000000e+000,-1.000000e+000
5.426200e+002,3.679200e+002,1,1,5.426800e+002,3.680600e+002
5.908700e+002,1.283000e+001,1,1,5.908800e+002,1.354000e+001
5.908700e+002,1.283000e+001,1,1,5.908800e+002,1.354000e+001
5.186900e+002,5.267000e+001,1,1,5.189700e+002,5.235000e+001
6.091400e+002,5.824000e+001,1,0,6.137800e+002,5.421000e+001
1.456300e+002,1.283900e+002,0,0,-1.000000e+000,-1.000000e+000
1.456300e+002,1.283900e+002,1,1,1.451900e+002,1.283800e+002
4.481400e+002,1.464000e+002,1,1,4.484300e+002,1.465300e+002
5.067600e+002,1.548000e+002,0,0,-1.000000e+000,-1.000000e+000
1.725600e+002,1.737000e+002,1,1,1.742100e+002,1.719400e+002
3.740500e+002,1.787000e+002,1,1,3.747800e+002,1.785300e+002
3.740500e+002,1.787000e+002,1,1,3.747800e+002,1.785300e+002
5.722500e+002,1.898600e+002,1,1,5.728000e+002,1.898300e+002
5.601300e+002,2.199700e+002,0,0,-1.000000e+000,-1.000000e+000
5.601300e+002,2.199700e+002,0,0,-1.000000e+000,-1.000000e+000
5.567300e+002,2.289800e+002,0,0,-1.000000e+000,-1.000000e+000
1.824100e+002,2.475400e+002,1,1,1.827400e+002,2.472200e+002
1.595700e+002,2.497000e+002,0,0,-1.000000e+000,-1.000000e+000
3.420900e+002,2.793300e+002,1,1,3.412500e+002,2.815100e+002
4.354200e+002,3.006400e+002,1,1,4.354700e+002,3.005300e+002
1.368000e+002,3.065800e+002,1,1,1.367400e+002,3.060200e+002
1.262600e+002,3.133300e+002,0,0,-1.000000e+000,-1.000000e+000
2.260600e+002,3.134800e+002,1,1,2.260200e+002,3.130400e+002
3.869200e+002,3.148200e+002,1,1,3.867600e+002,3.147000e+002
2.377900e+002,3.264500e+002,0,0,-1.000000e+000,-1.000000e+000
5.664000e+001,3.333500e+002,1,1,5.692000e+001,3.320000e+002
5.457700e+002,3.504700e+002,1,1,5.459400e+002,3.505200e+002
2.313200e+002,3.557700e+002,1,1,2.312600e+002,3.557000e+002
1.700500e+002,3.583200e+002,1,1,1.698700e+002,3.577400e+002
1.700500e+002,3.583200e+002,0,0,-1.000000e+000,-1.000000e+000
1.900500e+002,3.681000e+002,1,1,1.893400e+002,3.680000e+002
1.900500e+002,3.681000e+002,1,1,1.893400e+002,3.680000e+002
6.013000e+002,1.417700e+002,1,1,6.015800e+002,1.416700e+002
6.158900e+002,1.427700e+002,1,1,6.165000e+002,1.427000e+002
4.734900e+002,1.438900e+002,1,1,4.743100e+002,1.437700e+002
5.723000e+002,1.638000e+002,1,1,5.729900e+002,1.638800e+002
2.658300e+002,2.096200e+002,1,1,2.668100e+002,2.095400e+002
4.542000e+002,2.171500e+002,1,1,4.548700e+002,2.173200e+002
4.542000e+002,2.171500e+002,1,1,4.548700e+002,2.173200e+002
2.655000e+002,2.248200e+002,1,1,2.656500e+002,2.246000e+002
5.571200e+002,2.309600e+002,0,0,-1.000000e+000,-1.000000e+000
2.492700e+002,2.337000e+002,1,1,2.492300e+002,2.334600e+002
2.382900e+002,2.355800e+002,1,1,2.383700e+002,2.352200e+002
1.664800e+002,2.717900e+002,1,1,1.674200e+002,2.715100e+002
1.424900e+002,2.910300e+002,1,1,1.426100e+002,2.905300e+002
3.615700e+002,2.906500e+002,1,1,3.614700e+002,2.907300e+002
5.632400e+002,3.429000e+002,1,1,5.637300e+002,3.424400e+002
2.199700e+002,3.461300e+002,1,1,2.199900e+002,3.457800e+002
1.532800e+002,1.149200e+002,1,1,1.535700e+002,1.144700e+002
1.532800e+002,1.149200e+002,0,0,-1.000000e+000,-1.000000e+000
3.697900e+002,1.422000e+002,1,1,3.724700e+002,1.417100e+002
5.660500e+002,1.781800e+002,1,1,5.666500e+002,1.782300e+002
4.770300e+002,2.249500e+002,1,1,4.773000e+002,2.250100e+002
4.770300e+002,2.249500e+002,1,1,4.773000e+002,2.250100e+002
4.933800e+002,2.670300e+002,1,1,4.939200e+002,2.670800e+002
1.566100e+002,2.875600e+002,1,1,1.570700e+002,2.870300e+002
2.101300e+002,3.131600e+002,1,1,2.102300e+002,3.127300e+002
3.453600e+002,3.221800e+002,1,1,3.453200e+002,3.225700e+002
1.308400e+002,3.266800e+002,1,1,1.306500e+002,3.263000e+002
6.031400e+002,6.491000e+001,0,0,-1.000000e+000,-1.000000e+000
4.469800e+002,1.527500e+002,0,0,-1.000000e+000,-1.000000e+000
1.804400e+002,1.673400e+002,0,0,-1.000000e+000,-1.000000e+000
5.685200e+002,2.006000e+002,1,1,5.690300e+002,2.005900e+002
4.670100e+002,2.429500e+002,1,1,4.690800e+002,2.432100e+002
1.504200e+002,2.467400e+002,1,1,1.505200e+002,2.463800e+002
1.279700e+002,2.726500e+002,1,1,1.296900e+002,2.721200e+002
2.519900e+002,3.173900e+002,1,1,2.521200e+002,3.170600e+002
2.519900e+002,3.173900e+002,1,1,2.521200e+002,3.170600e+002
2.331000e+002,3.330400e+002,1,1,2.333400e+002,3.327900e+002
1.107300e+002,3.367100e+002,1,1,1.096000e+002,3.370000e+002
4.055700e+002,1.391300e+002,1,1,4.060700e+002,1.391300e+002
3.923300e+002,1.664400e+002,1,1,3.956200e+002,1.661100e+002
3.419800e+002,1.759300e+002,1,1,3.423900e+002,1.756800e+002
4.619100e+002,2.425300e+002,1,1,4.616000e+002,2.424600e+002
3.696000e+001,3.435500e+002,1,1,3.725000e+001,3.427100e+002
5.675800e+002,4.872000e+001,1,1,5.677300e+002,4.891000e+001
5.177600e+002,1.810300e+002,1,1,5.159600e+002,1.810100e+002
1.817800e+002,1.903800e+002,1,1,1.819800e+002,1.899800e+002
1.817800e+002,1.903800e+002,1,1,1.819800e+002,1.899800e+002
2.402500e+002,2.054400e+002,1,1,2.404100e+002,2.051800e+002
2.402500e+002,2.054400e+002,1,1,2.404100e+002,2.051800e+002
2.764800e+002,2.492100e+002,1,1,2.767200e+002,2.489500e+002
1.104300e+002,3.047200e+002,1,1,1.105500e+002,3.040700e+002
6.064000e+001,3.193500e+002,1,1,6.068000e+001,3.186400e+002
2.516100e+002,3.472400e+002,1,1,2.515900e+002,3.469000e+002
5.158800e+002,1.809500e+002,0,0,-1.000000e+000,-1.000000e+000
1.442700e+002,2.379100e+002,1,1,1.459900e+002,2.405000e+002
5.858500e+002,3.032900e+002,1,1,5.862000e+002,3.032000e+002
4.981700e+002,1.806600e+002,1,1,4.989900e+002,1.806700e+002
3.131600e+002,2.262400e+002,1,1,3.145300e+002,2.264400e+002
3.131600e+002,2.262400e+002,1,1,3.145300e+002,2.264400e+002
2.192700e+002,2.715800e+002,1,1,2.193100e+002,2.711300e+002
4.488700e+002,2.844900e+002,1,1,4.482400e+002,2.847100e+002
4.879200e+002,1.803400e+002,1,1,4.886600e+002,1.803700e+002
3.335800e+002,2.324800e+002,1,1,3.339900e+002,2.322200e+002
3.335800e+002,2.324800e+002,0,0,-1.000000e+000,-1.000000e+000
4.964300e+002,4.070200e+002,1,1,4.963000e+002,4.070300e+002
2.949800e+002,3.126500e+002,1,1,2.951000e+002,3.123200e+002