4.527000e+002,4.300000e+000,0,0,-1.000000e+000,-1.000000e+000
5.860600e+002,4.390000e+000,0,0,-1.000000e+000,-1.000000e+000
5.998200e+002,4.290000e+000,0,0,-1.000000e+000,-1.000000e+000
5.998200e+002,4.290000e+000,0,0,-1.000000e+000,-1.000000e+000
4.333500e+002,5.530000e+000,1,1,4.358500e+002,2.480000e+000
4.333500e+002,5.530000e+000,1,1,4.358500e+002,2.480000e+000
3.916600e+002,8.760000e+000,0,0,-1.000000e+000,-1.000000e+000
6.310300e+002,8.940000e+000,0,0,-1.000000e+000,-1.000000e+000
6.125100e+002,1.168000e+001,0,0,-1.000000e+000,-1.000000e+000
6.125100e+002,1.168000e+001,0,0,-1.000000e+000,-1.000000e+000
4.568000e+002,1.336000e+001,0,0,-1.000000e+000,-1.000000e+000
5.984300e+002,1.345000e+001,0,0,-1.000000e+000,-1.000000e+000
3.913800e+002,1.532000e+001,0,0,-1.000000e+000,-1.000000e+000
6.288200e+002,2.017000e+001,0,0,-1.000000e+000,-1.000000e+000
3.913100e+002,2.137000e+001,0,0,-1.000000e+000,-1.000000e+000
5.860800e+002,2.150000e+001,0,0,-1.000000e+000,-1.000000e+000
5.850100e+002,2.569000e+001,0,0,-1.000000e+000,-1.000000e+000
5.149200e+002,2.625000e+001,0,0,-1.000000e+000,-1.000000e+000
3.909500e+002,2.801000e+001,0,0,-1.000000e+000,-1.000000e+000
3.881700e+002,3.846000e+001,0,0,-1.000000e+000,-1.000000e+000
4.693900e+002,4.511000e+001,0,0,-1.000000e+000,-1.000000e+000
3.925100e+002,4.931000e+001,0,0,-1.000000e+000,-1.000000e+000
5.255400e+002,5.140000e+001,0,0,-1.000000e+000,-1.000000e+000
5.212200e+002,5.830000e+001,1,1,5.241300e+002,5.509000e+001
5.406700e+002,6.747000e+001,0,0,-1.000000e+000,-1.000000e+000
5.555500e+002,7.396000e+001,0,0,-1.000000e+000,-1.000000e+000
5.302700e+002,8.465000e+001,0,0,-1.000000e+000,-1.000000e+000
4.627200e+002,1.005900e+002,0,0,-1.000000e+000,-1.000000e+000
4.627200e+002,1.005900e+002,0,0,-1.000000e+000,-1.000000e+000
5.292800e+002,1.022900e+002,1,1,5.313700e+002,9.988000e+001
5.288400e+002,1.063300e+002,1,1,5.310900e+002,1.035300e+002
6.096100e+002,1.112600e+002,0,0,-1.000000e+000,-1.000000e+000
5.283000e+002,1.139900e+002,0,0,-1.000000e+000,-1.000000e+000
3.894600e+002,1.163700e+002,0,0,-1.000000e+000,-1.000000e+000
3.868400e+002,1.199700e+002,0,0,-1.000000e+000,-1.000000e+000
5.404800e+002,1.202800e+002,0,0,-1.000000e+000,-1.000000e+000
1.541200e+002,1.214400e+002,0,0,-1.000000e+000,-1.000000e+000
1.317700e+002,1.227400e+002,0,0,-1.000000e+000,-1.000000e+000
1.237600e+002,1.240000e+002,0,0,-1.000000e+000,-1.000000e+000
5.426700e+002,1.241000e+002,0,0,-1.000000e+000,-1.000000e+000
5.401600e+002,1.254400e+002,0,0,-1.000000e+000,-1.000000e+000
1.012300e+002,1.280100e+002,0,0,-1.000000e+000,-1.000000e+000
9.647000e+001,1.288000e+002,0,0,-1.000000e+000,-1.000000e+000
3.864500e+002,1.290700e+002,0,0,-1.000000e+000,-1.000000e+000
6.137400e+002,1.297800e+002,0,0,-1.000000e+000,-1.000000e+000
7.541000e+001,1.324200e+002,0,0,-1.000000e+000,-1.000000e+000
4.481000e+002,1.325200e+002,0,0,-1.000000e+000,-1.000000e+000
7.214000e+001,1.330000e+002,0,0,-1.000000e+000,-1.000000e+000
5.901000e+001,1.353400e+002,1,1,6.362000e+001,1.319600e+002
5.193000e+001,1.367300e+002,0,0,-1.000000e+000,-1.000000e+000
3.886900e+002,1.365600e+002,0,0,-1.000000e+000,-1.000000e+000
1.322300e+002,1.372600e+002,0,0,-1.000000e+000,-1.000000e+000
3.835600e+002,1.384800e+002,1,1,3.857300e+002,1.354700e+002
5.267600e+002,1.385600e+002,0,0,-1.000000e+000,-1.000000e+000
4.121500e+002,1.410900e+002,1,1,4.131700e+002,1.388600e+002
4.090300e+002,1.424400e+002,0,0,-1.000000e+000,-1.000000e+000
4.090300e+002,1.424400e+002,0,0,-1.000000e+000,-1.000000e+000
4.049900e+002,1.430000e+002,0,0,-1.000000e+000,-1.000000e+000
5.266100e+002,1.432600e+002,0,0,-1.000000e+000,-1.000000e+000
7.813000e+001,1.476200e+002,0,0,-1.000000e+000,-1.000000e+000
6.125000e+002,1.479800e+002,0,0,-1.000000e+000,-1.000000e+000
6.041000e+001,1.510600e+002,0,0,-1.000000e+000,-1.000000e+000
3.432900e+002,1.520900e+002,0,0,-1.000000e+000,-1.000000e+000
4.818400e+002,1.527000e+002,0,0,-1.000000e+000,-1.000000e+000
3.840900e+002,1.533800e+002,0,0,-1.000000e+000,-1.000000e+000
4.470800e+002,1.531400e+002,0,0,-1.000000e+000,-1.000000e+000
4.583800e+002,1.542400e+002,0,0,-1.000000e+000,-1.000000e+000
4.859400e+002,1.570500e+002,1,1,4.883300e+002,1.540800e+002
4.676800e+002,1.574300e+002,0,0,-1.000000e+000,-1.000000e+000
1.537400e+002,1.583900e+002,0,0,-1.000000e+000,-1.000000e+000
3.784200e+002,1.596500e+002,0,0,-1.000000e+000,-1.000000e+000
3.647200e+002,1.602400e+002,0,0,-1.000000e+000,-1.000000e+000
4.678100e+002,1.601200e+002,0,0,-1.000000e+000,-1.000000e+000
5.400100e+002,1.600700e+002,0,0,-1.000000e+000,-1.000000e+000
5.399300e+002,1.631600e+002,0,0,-1.000000e+000,-1.000000e+000
1.546900e+002,1.639700e+002,0,0,-1.000000e+000,-1.000000e+000
3.940300e+002,1.642800e+002,0,0,-1.000000e+000,-1.000000e+000
5.109000e+002,1.684500e+002,1,1,5.136600e+002,1.656000e+002
4.957700e+002,1.704700e+002,1,1,4.986000e+002,1.682200e+002
3.347600e+002,1.729400e+002,0,0,-1.000000e+000,-1.000000e+000
3.586400e+002,1.734600e+002,0,0,-1.000000e+000,-1.000000e+000
6.076000e+002,1.762000e+002,1,1,6.102000e+002,1.733400e+002
5.393800e+002,1.799300e+002,0,0,-1.000000e+000,-1.000000e+000
5.719000e+002,1.805900e+002,0,0,-1.000000e+000,-1.000000e+000
5.299200e+002,1.833900e+002,0,0,-1.000000e+000,-1.000000e+000
5.401400e+002,1.844300e+002,0,0,-1.000000e+000,-1.000000e+000
1.543400e+002,1.862200e+002,0,0,-1.000000e+000,-1.000000e+000
5.889800e+002,1.867900e+002,0,0,-1.000000e+000,-1.000000e+000
5.809100e+002,1.884400e+002,1,1,5.832700e+002,1.855800e+002
2.631600e+002,1.889900e+002,0,0,-1.000000e+000,-1.000000e+000
5.720000e+002,1.940800e+002,1,1,5.748300e+002,1.910600e+002
6.033600e+002,1.940700e+002,0,0,-1.000000e+000,-1.000000e+000
2.752000e+002,1.949200e+002,0,0,-1.000000e+000,-1.000000e+000
5.749200e+002,1.951900e+002,0,0,-1.000000e+000,-1.000000e+000
6.005600e+002,1.955500e+002,0,0,-1.000000e+000,-1.000000e+000
5.675000e+002,1.971100e+002,0,0,-1.000000e+000,-1.000000e+000
6.194700e+002,1.979800e+002,0,0,-1.000000e+000,-1.000000e+000
1.559200e+002,2.008700e+002,0,0,-1.000000e+000,-1.000000e+000
3.412300e+002,2.018900e+002,0,0,-1.000000e+000,-1.000000e+000
3.377200e+002,2.025500e+002,0,0,-1.000000e+000,-1.000000e+000
5.464800e+002,2.022600e+002,0,0,-1.000000e+000,-1.000000e+000
4.000800e+002,2.029600e+002,0,0,-1.000000e+000,-1.000000e+000
5.874400e+002,2.031100e+002,0,0,-1.000000e+000,-1.000000e+000
2.321700e+002,2.039800e+002,0,0,-1.000000e+000,-1.000000e+000
2.297600e+002,2.045500e+002,0,0,-1.000000e+000,-1.000000e+000
4.193700e+002,2.052100e+002,0,0,-1.000000e+000,-1.000000e+000
3.201700e+002,2.060100e+002,0,0,-1.000000e+000,-1.000000e+000
5.796500e+002,2.073600e+002,0,0,-1.000000e+000,-1.000000e+000
4.090400e+002,2.086200e+002,0,0,-1.000000e+000,-1.000000e+000
1.596400e+002,2.110600e+002,0,0,-1.000000e+000,-1.000000e+000
5.662600e+002,2.111000e+002,1,1,5.683200e+002,2.080800e+002
5.783600e+002,2.109100e+002,0,0,-1.000000e+000,-1.000000e+000
5.726400e+002,2.112500e+002,0,0,-1.000000e+000,-1.000000e+000
5.582200e+002,2.119500e+002,0,0,-1.000000e+000,-1.000000e+000
6.260800e+002,2.122400e+002,0,0,-1.000000e+000,-1.000000e+000
6.260800e+002,2.122400e+002,0,0,-1.000000e+000,-1.000000e+000
5.696200e+002,2.128200e+002,0,0,-1.000000e+000,-1.000000e+000
4.215200e+002,2.136000e+002,0,0,-1.000000e+000,-1.000000e+000
4.375200e+002,2.134500e+002,0,0,-1.000000e+000,-1.000000e+000
6.300900e+002,2.133300e+002,0,0,-1.000000e+000,-1.000000e+000
5.628500e+002,2.164400e+002,0,0,-1.000000e+000,-1.000000e+000
5.628500e+002,2.164400e+002,0,0,-1.000000e+000,-1.000000e+000
4.447400e+002,2.170500e+002,0,0,-1.000000e+000,-1.000000e+000
6.116800e+002,2.170100e+002,0,0,-1.000000e+000,-1.000000e+000
4.897300e+002,2.195300e+002,0,0,-1.000000e+000,-1.000000e+000
1.715900e+002,2.200600e+002,0,0,-1.000000e+000,-1.000000e+000
5.681500e+002,2.201900e+002,1,1,5.703800e+002,2.174100e+002
6.186000e+002,2.207700e+002,1,1,6.192900e+002,2.193100e+002
6.157600e+002,2.225200e+002,0,0,-1.000000e+000,-1.000000e+000
6.157600e+002,2.225200e+002,1,1,6.192900e+002,2.193100e+002
6.065700e+002,2.229500e+002,0,0,-1.000000e+000,-1.000000e+000
2.606500e+002,2.255300e+002,0,0,-1.000000e+000,-1.000000e+000
4.601300e+002,2.266400e+002,0,0,-1.000000e+000,-1.000000e+000
6.041500e+002,2.267400e+002,0,0,-1.000000e+000,-1.000000e+000
4.413100e+002,2.285600e+002,0,0,-1.000000e+000,-1.000000e+000
5.892200e+002,2.283300e+002,1,1,5.912900e+002,2.255800e+002
6.043800e+002,2.296100e+002,0,0,-1.000000e+000,-1.000000e+000
5.946100e+002,2.309100e+002,0,0,-1.000000e+000,-1.000000e+000
1.624800e+002,2.362500e+002,0,0,-1.000000e+000,-1.000000e+000
2.735200e+002,2.377800e+002,0,0,-1.000000e+000,-1.000000e+000
4.563200e+002,2.380200e+002,0,0,-1.000000e+000,-1.000000e+000
2.762500e+002,2.399500e+002,0,0,-1.000000e+000,-1.000000e+000
1.604500e+002,2.409700e+002,0,0,-1.000000e+000,-1.000000e+000
1.729500e+002,2.426500e+002,0,0,-1.000000e+000,-1.000000e+000
2.794600e+002,2.429700e+002,0,0,-1.000000e+000,-1.000000e+000
2.279600e+002,2.434500e+002,1,1,2.303400e+002,2.409600e+002
2.279600e+002,2.434500e+002,1,1,2.303400e+002,2.409600e+002
2.543600e+002,2.461100e+002,0,0,-1.000000e+000,-1.000000e+000
4.747100e+002,2.492500e+002,0,0,-1.000000e+000,-1.000000e+000
2.505500e+002,2.510400e+002,0,0,-1.000000e+000,-1.000000e+000
2.212400e+002,2.534700e+002,0,0,-1.000000e+000,-1.000000e+000
2.494900e+002,2.536700e+002,0,0,-1.000000e+000,-1.000000e+000
2.919400e+002,2.543500e+002,0,0,-1.000000e+000,-1.000000e+000
2.026500e+002,2.563300e+002,0,0,-1.000000e+000,-1.000000e+000
2.067800e+002,2.575500e+002,0,0,-1.000000e+000,-1.000000e+000
3.015100e+002,2.601100e+002,0,0,-1.000000e+000,-1.000000e+000
2.545400e+002,2.613100e+002,1,1,2.566200e+002,2.586800e+002
3.009000e+002,2.630500e+002,0,0,-1.000000e+000,-1.000000e+000
4.663600e+002,2.656500e+002,1,1,4.679100e+002,2.630800e+002
4.573100e+002,2.659800e+002,0,0,-1.000000e+000,-1.000000e+000
4.573000e+002,2.686000e+002,0,0,-1.000000e+000,-1.000000e+000
1.610500e+002,2.699000e+002,0,0,-1.000000e+000,-1.000000e+000
1.572600e+002,2.712800e+002,0,0,-1.000000e+000,-1.000000e+000
1.531300e+002,2.723200e+002,0,0,-1.000000e+000,-1.000000e+000
1.736400e+002,2.733100e+002,0,0,-1.000000e+000,-1.000000e+000
1.479600e+002,2.739600e+002,0,0,-1.000000e+000,-1.000000e+000
4.368600e+002,2.744100e+002,0,0,-1.000000e+000,-1.000000e+000
4.211100e+002,2.764800e+002,0,0,-1.000000e+000,-1.000000e+000
3.195800e+002,2.769500e+002,0,0,-1.000000e+000,-1.000000e+000
4.097900e+002,2.794700e+002,0,0,-1.000000e+000,-1.000000e+000
3.990100e+002,2.819000e+002,0,0,-1.000000e+000,-1.000000e+000
3.849600e+002,2.855800e+002,0,0,-1.000000e+000,-1.000000e+000
3.284700e+002,2.886300e+002,0,0,-1.000000e+000,-1.000000e+000
1.122900e+002,2.915000e+002,0,0,-1.000000e+000,-1.000000e+000
1.208800e+002,2.915800e+002,0,0,-1.000000e+000,-1.000000e+000
1.208800e+002,2.915800e+002,0,0,-1.000000e+000,-1.000000e+000
4.829100e+002,2.949000e+002,0,0,-1.000000e+000,-1.000000e+000
1.224900e+002,2.952900e+002,0,0,-1.000000e+000,-1.000000e+000
2.768700e+002,2.953100e+002,0,0,-1.000000e+000,-1.000000e+000
3.605500e+002,3.049900e+002,1,1,3.617200e+002,3.019100e+002
4.382600e+002,3.079300e+002,0,0,-1.000000e+000,-1.000000e+000
6.317000e+002,3.080400e+002,0,0,-1.000000e+000,-1.000000e+000
4.527500e+002,3.103600e+002,1,1,4.537700e+002,3.078500e+002
4.376000e+001,3.114800e+002,0,0,-1.000000e+000,-1.000000e+000
6.181900e+002,3.155500e+002,0,0,-1.000000e+000,-1.000000e+000
2.053600e+002,3.159600e+002,1,1,2.072100e+002,3.128000e+002
1.561500e+002,3.170100e+002,0,0,-1.000000e+000,-1.000000e+000
1.561500e+002,3.170100e+002,0,0,-1.000000e+000,-1.000000e+000
2.571800e+002,3.194600e+002,0,0,-1.000000e+000,-1.000000e+000
2.008000e+002,3.215400e+002,0,0,-1.000000e+000,-1.000000e+000
2.601600e+002,3.225000e+002,0,0,-1.000000e+000,-1.000000e+000
1.315400e+002,3.252500e+002,0,0,-1.000000e+000,-1.000000e+000
2.360200e+002,3.309300e+002,0,0,-1.000000e+000,-1.000000e+000
5.843900e+002,3.334300e+002,0,0,-1.000000e+000,-1.000000e+000
2.086200e+002,3.349900e+002,0,0,-1.000000e+000,-1.000000e+000
6.066900e+002,3.363400e+002,0,0,-1.000000e+000,-1.000000e+000
1.693700e+002,3.401400e+002,1,1,1.706100e+002,3.372200e+002
1.693700e+002,3.401400e+002,1,1,1.706100e+002,3.372200e+002
1.198800e+002,3.415000e+002,0,0,-1.000000e+000,-1.000000e+000
2.145000e+002,3.413700e+002,1,1,2.156800e+002,3.380900e+002
5.676700e+002,3.423800e+002,0,0,-1.000000e+000,-1.000000e+000
5.676700e+002,3.423800e+002,0,0,-1.000000e+000,-1.000000e+000
2.583800e+002,3.435200e+002,0,0,-1.000000e+000,-1.000000e+000
1.758000e+002,3.453000e+002,0,0,-1.000000e+000,-1.000000e+000
5.650800e+002,3.464900e+002,0,0,-1.000000e+000,-1.000000e+000
3.278800e+002,3.481500e+002,0,0,-1.000000e+000,-1.000000e+000
1.360100e+002,3.486100e+002,0,0,-1.000000e+000,-1.000000e+000
1.440300e+002,3.484300e+002,1,1,1.448900e+002,3.453600e+002
1.964800e+002,3.499000e+002,1,1,1.979800e+002,3.468500e+002
3.277100e+002,3.505100e+002,0,0,-1.000000e+000,-1.000000e+000
5.353000e+001,3.507700e+002,0,0,-1.000000e+000,-1.000000e+000
1.440100e+002,3.512000e+002,0,0,-1.000000e+000,-1.000000e+000
1.438800e+002,3.512400e+002,0,0,-1.000000e+000,-1.000000e+000
1.535300e+002,3.526500e+002,1,1,1.549500e+002,3.498600e+002
1.290000e+002,3.534300e+002,0,0,-1.000000e+000,-1.000000e+000
1.486400e+002,3.552000e+002,0,0,-1.000000e+000,-1.000000e+000
1.445600e+002,3.553100e+002,0,0,-1.000000e+000,-1.000000e+000
1.365900e+002,3.557400e+002,0,0,-1.000000e+000,-1.000000e+000
1.784400e+002,3.565000e+002,0,0,-1.000000e+000,-1.000000e+000
5.453000e+002,3.571700e+002,1,1,5.433400e+002,3.565600e+002
1.443000e+002,3.582700e+002,0,0,-1.000000e+000,-1.000000e+000
1.826500e+002,3.590700e+002,1,1,1.843400e+002,3.560900e+002
2.968900e+002,3.597800e+002,0,0,-1.000000e+000,-1.000000e+000
1.367400e+002,3.597000e+002,1,1,1.385300e+002,3.569400e+002
1.367400e+002,3.597000e+002,0,0,-1.000000e+000,-1.000000e+000
1.991000e+002,3.601900e+002,1,1,2.004000e+002,3.573500e+002
1.193300e+002,3.610100e+002,1,1,1.193900e+002,3.570100e+002
1.280000e+002,3.609700e+002,0,0,-1.000000e+000,-1.000000e+000
1.969400e+002,3.617300e+002,0,0,-1.000000e+000,-1.000000e+000
1.071900e+002,3.626300e+002,1,1,1.086800e+002,3.596100e+002
1.071900e+002,3.626300e+002,1,1,1.086800e+002,3.596100e+002
2.336600e+002,3.624400e+002,0,0,-1.000000e+000,-1.000000e+000
5.305300e+002,3.623800e+002,0,0,-1.000000e+000,-1.000000e+000
1.366300e+002,3.628900e+002,0,0,-1.000000e+000,-1.000000e+000
1.435200e+002,3.651700e+002,0,0,-1.000000e+000,-1.000000e+000
5.246700e+002,3.657200e+002,0,0,-1.000000e+000,-1.000000e+000
1.077900e+002,3.662200e+002,1,1,1.087800e+002,3.630900e+002
2.371600e+002,3.660800e+002,0,0,-1.000000e+000,-1.000000e+000
9.913000e+001,3.674100e+002,1,1,1.006500e+002,3.644700e+002
9.913000e+001,3.674100e+002,1,1,1.006500e+002,3.644700e+002
1.308800e+002,3.706500e+002,0,0,-1.000000e+000,-1.000000e+000
1.347100e+002,3.705600e+002,0,0,-1.000000e+000,-1.000000e+000
9.078000e+001,3.722500e+002,1,1,9.262000e+001,3.692100e+002
9.078000e+001,3.722500e+002,1,1,9.262000e+001,3.692100e+002
7.134000e+001,3.736700e+002,1,1,7.307000e+001,3.704100e+002
1.346400e+002,3.735600e+002,0,0,-1.000000e+000,-1.000000e+000
1.834700e+002,3.737400e+002,1,1,1.843100e+002,3.706100e+002
2.417500e+002,3.742100e+002,0,0,-1.000000e+000,-1.000000e+000
1.101600e+002,3.762300e+002,1,1,1.115100e+002,3.730600e+002
1.101600e+002,3.762300e+002,1,1,1.115100e+002,3.730600e+002
1.101600e+002,3.762300e+002,1,1,1.115100e+002,3.730600e+002
1.000100e+002,3.780300e+002,1,1,1.004000e+002,3.756200e+002
1.664000e+002,3.780700e+002,1,1,1.681000e+002,3.749200e+002
1.723100e+002,3.779800e+002,1,1,1.731500e+002,3.752600e+002
5.056200e+002,3.780300e+002,0,0,-1.000000e+000,-1.000000e+000
1.019100e+002,3.811900e+002,1,1,1.033700e+002,3.781800e+002
1.019100e+002,3.811900e+002,1,1,1.033700e+002,3.781800e+002
5.266600e+002,3.815700e+002,0,0,-1.000000e+000,-1.000000e+000
1.280700e+002,3.829800e+002,0,0,-1.000000e+000,-1.000000e+000
1.123700e+002,3.841100e+002,0,0,-1.000000e+000,-1.000000e+000
6.992000e+001,3.848100e+002,1,1,7.142000e+001,3.816300e+002
6.992000e+001,3.848100e+002,1,1,7.142000e+001,3.816300e+002
9.356000e+001,3.862400e+002,0,0,-1.000000e+000,-1.000000e+000
9.356000e+001,3.862400e+002,1,1,9.520000e+001,3.832000e+002
9.356000e+001,3.862400e+002,0,0,-1.000000e+000,-1.000000e+000
1.328300e+002,3.867100e+002,0,0,-1.000000e+000,-1.000000e+000
1.328300e+002,3.867100e+002,0,0,-1.000000e+000,-1.000000e+000
1.067700e+002,3.875500e+002,0,0,-1.000000e+000,-1.000000e+000
4.812300e+002,3.880200e+002,0,0,-1.000000e+000,-1.000000e+000
1.041700e+002,3.891900e+002,1,1,1.054700e+002,3.860800e+002
6.112000e+001,3.901100e+002,1,1,6.287000e+001,3.870000e+002
6.112000e+001,3.901100e+002,0,0,-1.000000e+000,-1.000000e+000
1.582900e+002,3.907400e+002,0,0,-1.000000e+000,-1.000000e+000
5.224000e+001,3.954100e+002,0,0,-1.000000e+000,-1.000000e+000
1.294500e+002,3.956400e+002,0,0,-1.000000e+000,-1.000000e+000
1.244100e+002,3.961100e+002,0,0,-1.000000e+000,-1.000000e+000
7.636000e+001,3.967600e+002,1,1,7.805000e+001,3.936700e+002
7.636000e+001,3.967600e+002,0,0,-1.000000e+000,-1.000000e+000
4.225000e+001,3.978700e+002,1,1,4.471000e+001,3.941000e+002
5.257000e+001,3.994200e+002,1,1,5.373000e+001,3.959600e+002
1.247000e+002,3.994600e+002,0,0,-1.000000e+000,-1.000000e+000
1.380300e+002,3.994500e+002,1,1,1.393000e+002,3.963100e+002
1.190300e+002,3.997500e+002,0,0,-1.000000e+000,-1.000000e+000
7.599000e+001,4.006800e+002,0,0,-1.000000e+000,-1.000000e+000
4.312000e+001,4.009500e+002,1,1,4.479000e+001,3.977800e+002
4.312000e+001,4.009500e+002,0,0,-1.000000e+000,-1.000000e+000
6.780000e+001,4.022400e+002,0,0,-1.000000e+000,-1.000000e+000
6.780000e+001,4.022400e+002,0,0,-1.000000e+000,-1.000000e+000
1.081100e+002,4.071500e+002,0,0,-1.000000e+000,-1.000000e+000
2.914000e+001,4.090600e+002,0,0,-1.000000e+000,-1.000000e+000
2.914000e+001,4.090600e+002,0,0,-1.000000e+000,-1.000000e+000
1.659700e+002,4.090100e+002,0,0,-1.000000e+000,-1.000000e+000
1.081600e+002,4.102500e+002,0,0,-1.000000e+000,-1.000000e+000
1.013500e+002,4.103500e+002,0,0,-1.000000e+000,-1.000000e+000
1.156000e+002,4.116600e+002,0,0,-1.000000e+000,-1.000000e+000
4.394800e+002,4.118300e+002,1,1,4.370400e+002,4.110300e+002
9.944000e+001,4.125000e+002,1,1,1.005000e+002,4.091400e+002
9.944000e+001,4.125000e+002,0,0,-1.000000e+000,-1.000000e+000
4.041000e+001,4.137500e+002,0,0,-1.000000e+000,-1.000000e+000
1.951000e+001,4.146500e+002,1,1,2.107000e+001,4.114400e+002
1.951000e+001,4.146500e+002,1,1,2.107000e+001,4.114400e+002
4.344000e+002,4.144300e+002,0,0,-1.000000e+000,-1.000000e+000
7.552000e+001,4.166200e+002,0,0,-1.000000e+000,-1.000000e+000
4.254500e+002,4.165400e+002,0,0,-1.000000e+000,-1.000000e+000
6.025000e+001,4.169100e+002,0,0,-1.000000e+000,-1.000000e+000
4.001000e+001,4.192200e+002,0,0,-1.000000e+000,-1.000000e+000
4.001000e+001,4.192200e+002,1,1,4.164000e+001,4.158000e+002
4.001000e+001,4.192200e+002,0,0,-1.000000e+000,-1.000000e+000
1.438500e+002,4.220900e+002,0,0,-1.000000e+000,-1.000000e+000
1.438500e+002,4.220900e+002,0,0,-1.000000e+000,-1.000000e+000
8.579000e+001,4.230300e+002,0,0,-1.000000e+000,-1.000000e+000
4.436200e+002,4.256500e+002,0,0,-1.000000e+000,-1.000000e+000
7.219000e+001,4.301000e+002,0,0,-1.000000e+000,-1.000000e+000
1.144800e+002,4.434400e+002,0,0,-1.000000e+000,-1.000000e+000
1.144800e+002,4.434400e+002,0,0,-1.000000e+000,-1.000000e+000
3.091000e+001,4.457400e+002,1,1,3.268000e+001,4.422900e+002
5.377000e+001,4.457700e+002,1,1,5.494000e+001,4.425200e+002
1.164000e+001,4.469500e+002,0,0,-1.000000e+000,-1.000000e+000
4.361000e+001,4.484800e+002,0,0,-1.000000e+000,-1.000000e+000
2.127000e+001,4.519000e+002,0,0,-1.000000e+000,-1.000000e+000
5.224000e+001,4.522900e+002,0,0,-1.000000e+000,-1.000000e+000
3.542900e+002,4.545600e+002,0,0,-1.000000e+000,-1.000000e+000
9.171000e+001,4.594600e+002,0,0,-1.000000e+000,-1.000000e+000
9.171000e+001,4.594600e+002,0,0,-1.000000e+000,-1.000000e+000
3.327700e+002,4.626000e+002,1,1,3.335400e+002,4.594400e+002
3.359700e+002,4.636100e+002,1,1,3.328800e+002,4.625900e+002
9.920000e+000,4.701600e+002,1,1,1.154000e+001,4.664000e+002
7.408000e+001,4.713800e+002,0,0,-1.000000e+000,-1.000000e+000
7.408000e+001,4.713800e+002,0,0,-1.000000e+000,-1.000000e+000
5.888100e+002,3.600000e+000,0,0,-1.000000e+000,-1.000000e+000
6.248800e+002,2.364000e+001,0,0,-1.000000e+000,-1.000000e+000
4.420500e+002,4.250000e+001,0,0,-1.000000e+000,-1.000000e+000
4.420500e+002,4.250000e+001,0,0,-1.000000e+000,-1.000000e+000
6.133900e+002,6.410000e+001,1,1,6.164800e+002,6.089000e+001
6.133900e+002,6.410000e+001,1,1,6.164800e+002,6.089000e+001
5.344700e+002,7.225000e+001,0,0,-1.000000e+000,-1.000000e+000
4.138200e+002,7.876000e+001,0,0,-1.000000e+000,-1.000000e+000
4.138200e+002,7.876000e+001,0,0,-1.000000e+000,-1.000000e+000
5.296000e+002,9.249000e+001,0,0,-1.000000e+000,-1.000000e+000
4.555100e+002,1.023500e+002,0,0,-1.000000e+000,-1.000000e+000
4.555100e+002,1.023500e+002,0,0,-1.000000e+000,-1.000000e+000
4.518500e+002,1.027800e+002,0,0,-1.000000e+000,-1.000000e+000
2.340600e+002,1.070600e+002,0,0,-1.000000e+000,-1.000000e+000
6.087000e+002,1.187700e+002,1,1,6.114100e+002,1.188500e+002
5.268900e+002,1.313100e+002,0,0,-1.000000e+000,-1.000000e+000
5.411600e+002,1.506800e+002,0,0,-1.000000e+000,-1.000000e+000
1.536300e+002,1.527600e+002,0,0,-1.000000e+000,-1.000000e+000
4.542900e+002,1.525200e+002,0,0,-1.000000e+000,-1.000000e+000
5.251600e+002,1.575300e+002,0,0,-1.000000e+000,-1.000000e+000
3.999000e+002,1.620300e+002,1,1,4.022200e+002,1.587600e+002
4.020500e+002,1.646400e+002,1,1,4.045000e+002,1.619800e+002
4.887200e+002,1.650700e+002,0,0,-1.000000e+000,-1.000000e+000
3.571200e+002,1.762900e+002,0,0,-1.000000e+000,-1.000000e+000
3.058800e+002,1.771400e+002,0,0,-1.000000e+000,-1.000000e+000
5.276400e+002,1.793100e+002,0,0,-1.000000e+000,-1.000000e+000
5.865300e+002,1.850200e+002,1,1,5.891900e+002,1.823700e+002
5.495800e+002,1.879600e+002,0,0,-1.000000e+000,-1.000000e+000
5.601600e+002,2.020300e+002,0,0,-1.000000e+000,-1.000000e+000
3.210100e+002,2.031100e+002,1,1,3.230500e+002,2.001200e+002
5.305000e+002,2.089700e+002,0,0,-1.000000e+000,-1.000000e+000
1.705000e+002,2.123400e+002,0,0,-1.000000e+000,-1.000000e+000
5.635500e+002,2.133500e+002,0,0,-1.000000e+000,-1.000000e+000
6.261500e+002,2.157800e+002,0,0,-1.000000e+000,-1.000000e+000
5.581400e+002,2.174000e+002,1,1,5.603500e+002,2.149100e+002
2.573200e+002,2.188800e+002,0,0,-1.000000e+000,-1.000000e+000
5.778800e+002,2.219000e+002,1,1,5.800400e+002,2.190900e+002
6.076200e+002,2.230200e+002,0,0,-1.000000e+000,-1.000000e+000
5.797700e+002,2.270300e+002,0,0,-1.000000e+000,-1.000000e+000
6.081300e+002,2.271800e+002,0,0,-1.000000e+000,-1.000000e+000
2.660200e+002,2.308400e+002,0,0,-1.000000e+000,-1.000000e+000
4.793900e+002,2.316000e+002,1,1,4.813800e+002,2.289100e+002
4.793900e+002,2.316000e+002,1,1,4.813800e+002,2.289100e+002
2.725300e+002,2.329700e+002,0,0,-1.000000e+000,-1.000000e+000
2.696500e+002,2.340700e+002,0,0,-1.000000e+000,-1.000000e+000
4.750600e+002,2.371700e+002,1,1,4.770600e+002,2.342900e+002
5.481000e+002,2.372400e+002,0,0,-1.000000e+000,-1.000000e+000
1.699900e+002,2.396400e+002,0,0,-1.000000e+000,-1.000000e+000
4.770100e+002,2.400900e+002,0,0,-1.000000e+000,-1.000000e+000
2.570600e+002,2.427000e+002,0,0,-1.000000e+000,-1.000000e+000
1.637100e+002,2.455600e+002,0,0,-1.000000e+000,-1.000000e+000
1.745800e+002,2.526700e+002,0,0,-1.000000e+000,-1.000000e+000
2.951500e+002,2.578700e+002,0,0,-1.000000e+000,-1.000000e+000
1.655700e+002,2.607000e+002,0,0,-1.000000e+000,-1.000000e+000
3.092300e+002,2.668400e+002,0,0,-1.000000e+000,-1.000000e+000
3.124600e+002,2.699000e+002,0,0,-1.000000e+000,-1.000000e+000
4.415700e+002,2.735800e+002,1,1,4.430000e+002,2.712100e+002
3.196200e+002,2.804800e+002,0,0,-1.000000e+000,-1.000000e+000
1.571500e+002,2.809600e+002,0,0,-1.000000e+000,-1.000000e+000
4.849500e+002,2.811100e+002,0,0,-1.000000e+000,-1.000000e+000
3.319100e+002,2.878900e+002,0,0,-1.000000e+000,-1.000000e+000
3.850700e+002,2.882700e+002,0,0,-1.000000e+000,-1.000000e+000
3.818100e+002,2.889700e+002,0,0,-1.000000e+000,-1.000000e+000
3.577900e+002,3.000800e+002,1,1,3.587300e+002,2.971300e+002
4.795900e+002,3.029700e+002,0,0,-1.000000e+000,-1.000000e+000
3.546800e+002,3.077000e+002,0,0,-1.000000e+000,-1.000000e+000
3.546800e+002,3.077000e+002,0,0,-1.000000e+000,-1.000000e+000
1.122000e+001,3.133000e+002,0,0,-1.000000e+000,-1.000000e+000
7.920000e+000,3.141600e+002,0,0,-1.000000e+000,-1.000000e+000
2.037300e+002,3.184500e+002,1,1,2.055200e+002,3.161000e+002
2.393000e+001,3.200000e+002,1,1,2.591000e+001,3.171600e+002
1.862300e+002,3.234800e+002,0,0,-1.000000e+000,-1.000000e+000
1.502700e+002,3.270300e+002,0,0,-1.000000e+000,-1.000000e+000
5.728000e+002,3.389700e+002,1,1,5.749100e+002,3.359400e+002
1.870200e+002,3.441300e+002,1,1,1.888800e+002,3.413400e+002
1.253900e+002,3.481500e+002,0,0,-1.000000e+000,-1.000000e+000
5.058000e+001,3.505700e+002,0,0,-1.000000e+000,-1.000000e+000
1.333500e+002,3.504900e+002,1,1,1.348400e+002,3.473600e+002
2.009300e+002,3.528500e+002,0,0,-1.000000e+000,-1.000000e+000
1.343300e+002,3.539100e+002,1,1,1.359400e+002,3.507800e+002
1.261100e+002,3.546900e+002,0,0,-1.000000e+000,-1.000000e+000
1.558900e+002,3.548400e+002,1,1,1.574100e+002,3.520500e+002
1.183700e+002,3.564200e+002,1,1,1.199900e+002,3.533500e+002
1.338600e+002,3.575600e+002,1,1,1.362400e+002,3.539800e+002
1.700800e+002,3.612400e+002,1,1,1.714400e+002,3.582200e+002
1.859700e+002,3.611700e+002,1,1,1.869500e+002,3.580800e+002
1.859700e+002,3.611700e+002,1,1,1.869500e+002,3.580800e+002
1.125100e+002,3.625100e+002,0,0,-1.000000e+000,-1.000000e+000
1.176200e+002,3.639800e+002,1,1,1.197800e+002,3.607600e+002
1.073600e+002,3.700600e+002,1,1,1.085800e+002,3.668900e+002
1.377700e+002,3.723200e+002,1,1,1.393900e+002,3.695400e+002
1.377700e+002,3.723200e+002,0,0,-1.000000e+000,-1.000000e+000
1.076100e+002,3.735200e+002,1,1,1.080700e+002,3.712200e+002
7.481000e+001,3.752100e+002,0,0,-1.000000e+000,-1.000000e+000
7.481000e+001,3.752100e+002,1,1,7.624000e+001,3.719900e+002
9.946000e+001,3.747700e+002,0,0,-1.000000e+000,-1.000000e+000
9.087000e+001,3.759600e+002,1,1,9.179000e+001,3.729300e+002
8.269000e+001,3.776100e+002,1,1,8.437000e+001,3.745000e+002
1.572900e+002,3.799800e+002,1,1,1.584100e+002,3.774300e+002
8.253000e+001,3.818200e+002,0,0,-1.000000e+000,-1.000000e+000
9.099000e+001,3.835600e+002,1,1,9.234000e+001,3.804700e+002
7.505000e+001,3.846700e+002,1,1,7.683000e+001,3.811200e+002
1.014300e+002,3.846900e+002,0,0,-1.000000e+000,-1.000000e+000
1.156500e+002,3.868800e+002,0,0,-1.000000e+000,-1.000000e+000
1.244400e+002,3.907200e+002,0,0,-1.000000e+000,-1.000000e+000
8.529000e+001,3.913600e+002,0,0,-1.000000e+000,-1.000000e+000
8.529000e+001,3.913600e+002,1,1,8.697000e+001,3.885400e+002
8.529000e+001,3.913600e+002,0,0,-1.000000e+000,-1.000000e+000
6.988000e+001,3.925400e+002,1,1,7.188000e+001,3.889100e+002
7.446000e+001,3.937000e+002,1,1,7.546000e+001,3.909000e+002
6.114000e+001,3.939300e+002,0,0,-1.000000e+000,-1.000000e+000
1.446600e+002,3.937600e+002,0,0,-1.000000e+000,-1.000000e+000
1.446600e+002,3.937600e+002,0,0,-1.000000e+000,-1.000000e+000
9.590000e+001,3.946500e+002,0,0,-1.000000e+000,-1.000000e+000
1.164600e+002,3.959200e+002,0,0,-1.000000e+000,-1.000000e+000
9.926000e+001,3.977200e+002,1,1,1.001400e+002,3.941000e+002
9.926000e+001,3.977200e+002,1,1,1.001400e+002,3.941000e+002
1.278600e+002,3.985600e+002,1,1,1.289400e+002,3.953000e+002
1.278600e+002,3.985600e+002,1,1,1.289400e+002,3.953000e+002
1.278600e+002,3.985600e+002,1,1,1.289400e+002,3.953000e+002
8.742000e+001,4.000400e+002,1,1,8.916000e+001,3.969800e+002
1.338100e+002,3.999900e+002,0,0,-1.000000e+000,-1.000000e+000
1.080700e+002,4.015800e+002,0,0,-1.000000e+000,-1.000000e+000
1.080700e+002,4.015800e+002,0,0,-1.000000e+000,-1.000000e+000
9.070000e+001,4.030200e+002,1,1,9.176000e+001,3.997400e+002
1.193000e+002,4.036500e+002,0,0,-1.000000e+000,-1.000000e+000
7.076000e+001,4.050400e+002,0,0,-1.000000e+000,-1.000000e+000
7.867000e+001,4.056000e+002,1,1,8.002000e+001,4.023800e+002
4.331000e+001,4.060000e+002,0,0,-1.000000e+000,-1.000000e+000
9.988000e+001,4.072000e+002,0,0,-1.000000e+000,-1.000000e+000
1.241200e+002,4.070200e+002,0,0,-1.000000e+000,-1.000000e+000
5.863000e+001,4.077100e+002,1,1,6.013000e+001,4.045600e+002
5.863000e+001,4.077100e+002,1,1,6.013000e+001,4.045600e+002
5.863000e+001,4.077100e+002,0,0,-1.000000e+000,-1.000000e+000
1.231500e+002,4.106800e+002,0,0,-1.000000e+000,-1.000000e+000
9.110000e+001,4.126600e+002,0,0,-1.000000e+000,-1.000000e+000
2.917000e+001,4.128100e+002,0,0,-1.000000e+000,-1.000000e+000
4.967000e+001,4.134800e+002,1,1,5.115000e+001,4.101800e+002
4.967000e+001,4.134800e+002,1,1,5.115000e+001,4.101800e+002
9.864000e+001,4.156500e+002,0,0,-1.000000e+000,-1.000000e+000
8.229000e+001,4.183000e+002,0,0,-1.000000e+000,-1.000000e+000
9.076000e+001,4.182500e+002,1,1,9.218000e+001,4.150800e+002
6.376000e+001,4.197700e+002,0,0,-1.000000e+000,-1.000000e+000
9.700000e+000,4.204900e+002,0,0,-1.000000e+000,-1.000000e+000
1.868000e+001,4.235100e+002,0,0,-1.000000e+000,-1.000000e+000
7.309000e+001,4.239200e+002,0,0,-1.000000e+000,-1.000000e+000
8.175000e+001,4.240400e+002,1,1,8.275000e+001,4.206300e+002
3.055000e+001,4.250500e+002,0,0,-1.000000e+000,-1.000000e+000
3.055000e+001,4.250500e+002,1,1,3.242000e+001,4.217800e+002
3.055000e+001,4.250500e+002,0,0,-1.000000e+000,-1.000000e+000
8.127000e+001,4.273400e+002,1,1,8.213000e+001,4.241000e+002
6.393000e+001,4.297300e+002,0,0,-1.000000e+000,-1.000000e+000
2.076000e+001,4.307700e+002,0,0,-1.000000e+000,-1.000000e+000
2.076000e+001,4.307700e+002,0,0,-1.000000e+000,-1.000000e+000
3.197000e+001,4.344100e+002,1,1,3.396000e+001,4.311000e+002
5.470000e+001,4.359800e+002,0,0,-1.000000e+000,-1.000000e+000
6.373000e+001,4.362300e+002,1,1,6.514000e+001,4.329300e+002
5.366000e+001,4.421400e+002,0,0,-1.000000e+000,-1.000000e+000
5.366000e+001,4.421400e+002,0,0,-1.000000e+000,-1.000000e+000
2.809000e+001,4.470400e+002,0,0,-1.000000e+000,-1.000000e+000
3.494000e+001,4.487600e+002,0,0,-1.000000e+000,-1.000000e+000
6.275000e+001,4.511300e+002,0,0,-1.000000e+000,-1.000000e+000
6.018400e+002,1.650000e+001,0,0,-1.000000e+000,-1.000000e+000
5.344000e+002,7.279000e+001,0,0,-1.000000e+000,-1.000000e+000
5.468700e+002,7.918000e+001,1,1,5.481900e+002,7.603000e+001
3.916200e+002,8.272000e+001,0,0,-1.000000e+000,-1.000000e+000
5.270600e+002,1.240800e+002,0,0,-1.000000e+000,-1.000000e+000
1.474100e+002,1.267000e+002,0,0,-1.000000e+000,-1.000000e+000
3.877300e+002,1.564500e+002,1,1,3.894300e+002,1.536400e+002
5.243200e+002,1.664900e+002,1,1,5.267800e+002,1.637400e+002
5.243200e+002,1.664900e+002,1,1,5.267800e+002,1.637400e+002
5.932800e+002,1.811100e+002,0,0,-1.000000e+000,-1.000000e+000
3.806600e+002,1.908100e+002,0,0,-1.000000e+000,-1.000000e+000
3.806600e+002,1.908100e+002,1,1,3.824500e+002,1.880600e+002
6.112400e+002,1.933300e+002,0,0,-1.000000e+000,-1.000000e+000
5.557800e+002,1.946500e+002,1,1,5.572400e+002,1.921300e+002
5.252800e+002,2.112700e+002,0,0,-1.000000e+000,-1.000000e+000
5.682300e+002,2.160600e+002,1,1,5.704600e+002,2.134000e+002
5.682300e+002,2.160600e+002,1,1,5.704600e+002,2.134000e+002
2.540200e+002,2.214400e+002,1,1,2.551000e+002,2.185000e+002
5.572200e+002,2.235300e+002,0,0,-1.000000e+000,-1.000000e+000
5.683800e+002,2.246700e+002,0,0,-1.000000e+000,-1.000000e+000
4.643400e+002,2.256300e+002,0,0,-1.000000e+000,-1.000000e+000
5.563800e+002,2.301900e+002,0,0,-1.000000e+000,-1.000000e+000
2.531600e+002,2.400000e+002,0,0,-1.000000e+000,-1.000000e+000
5.100800e+002,2.523100e+002,0,0,-1.000000e+000,-1.000000e+000
4.907900e+002,2.526400e+002,0,0,-1.000000e+000,-1.000000e+000
4.907900e+002,2.526400e+002,0,0,-1.000000e+000,-1.000000e+000
4.895300e+002,2.604300e+002,0,0,-1.000000e+000,-1.000000e+000
4.393900e+002,2.704400e+002,1,1,4.390200e+002,2.689800e+002
3.347000e+002,2.948600e+002,0,0,-1.000000e+000,-1.000000e+000
3.815600e+002,3.251700e+002,1,1,3.824900e+002,3.225600e+002
1.436200e+002,3.294000e+002,0,0,-1.000000e+000,-1.000000e+000
1.739700e+002,3.390200e+002,1,1,1.754900e+002,3.360700e+002
1.794800e+002,3.428300e+002,1,1,1.810800e+002,3.399100e+002
1.729700e+002,3.475200e+002,1,1,1.745800e+002,3.447900e+002
1.729700e+002,3.475200e+002,1,1,1.745800e+002,3.447900e+002
1.869100e+002,3.480200e+002,1,1,1.884500e+002,3.451500e+002
1.549800e+002,3.499000e+002,1,1,1.565600e+002,3.467900e+002
1.652000e+002,3.517600e+002,1,1,1.663500e+002,3.487700e+002
1.936000e+002,3.522000e+002,1,1,1.950300e+002,3.492600e+002
1.936000e+002,3.522000e+002,1,1,1.950300e+002,3.492600e+002
2.080700e+002,3.528500e+002,0,0,-1.000000e+000,-1.000000e+000
1.799400e+002,3.528700e+002,0,0,-1.000000e+000,-1.000000e+000
1.799400e+002,3.528700e+002,0,0,-1.000000e+000,-1.000000e+000
1.247800e+002,3.551100e+002,0,0,-1.000000e+000,-1.000000e+000
2.006600e+002,3.566400e+002,1,1,2.018400e+002,3.537300e+002
2.006600e+002,3.566400e+002,1,1,2.018400e+002,3.537300e+002
1.724000e+002,3.570600e+002,0,0,-1.000000e+000,-1.000000e+000
1.875800e+002,3.570300e+002,1,1,1.889800e+002,3.540900e+002
1.423300e+002,3.587000e+002,1,1,1.436400e+002,3.556700e+002
1.793300e+002,3.615700e+002,0,0,-1.000000e+000,-1.000000e+000
1.947000e+002,3.620400e+002,0,0,-1.000000e+000,-1.000000e+000
1.947000e+002,3.620400e+002,1,1,1.950600e+002,3.591400e+002
1.345300e+002,3.634500e+002,1,1,1.359600e+002,3.602600e+002
1.293600e+002,3.653600e+002,1,1,1.307500e+002,3.622800e+002
1.293600e+002,3.653600e+002,0,0,-1.000000e+000,-1.000000e+000
1.766100e+002,3.653100e+002,0,0,-1.000000e+000,-1.000000e+000
1.054700e+002,3.665800e+002,1,1,1.069500e+002,3.634200e+002
1.054700e+002,3.665800e+002,1,1,1.069500e+002,3.634200e+002
1.949800e+002,3.675900e+002,0,0,-1.000000e+000,-1.000000e+000
1.841200e+002,3.701800e+002,1,1,1.854700e+002,3.670400e+002
9.735000e+001,3.714400e+002,1,1,9.881000e+001,3.683400e+002
9.735000e+001,3.714400e+002,1,1,9.881000e+001,3.683400e+002
1.615100e+002,3.735900e+002,0,0,-1.000000e+000,-1.000000e+000
9.002000e+001,3.762200e+002,0,0,-1.000000e+000,-1.000000e+000
1.583800e+002,3.766000e+002,1,1,1.600000e+002,3.736400e+002
1.712300e+002,3.784900e+002,0,0,-1.000000e+000,-1.000000e+000
1.712300e+002,3.784900e+002,0,0,-1.000000e+000,-1.000000e+000
1.163400e+002,3.819500e+002,0,0,-1.000000e+000,-1.000000e+000
1.620800e+002,3.830700e+002,1,1,1.636700e+002,3.801700e+002
1.620800e+002,3.830700e+002,1,1,1.636700e+002,3.801700e+002
1.006600e+002,3.847800e+002,1,1,1.010100e+002,3.816100e+002
1.259100e+002,3.864600e+002,0,0,-1.000000e+000,-1.000000e+000
1.085200e+002,3.870000e+002,0,0,-1.000000e+000,-1.000000e+000
6.865000e+001,3.888900e+002,1,1,7.040000e+001,3.856500e+002
6.865000e+001,3.888900e+002,0,0,-1.000000e+000,-1.000000e+000
6.033000e+001,3.940600e+002,0,0,-1.000000e+000,-1.000000e+000
1.102600e+002,3.971100e+002,1,1,1.117300e+002,3.939100e+002
1.102600e+002,3.971100e+002,1,1,1.117300e+002,3.939100e+002
7.887000e+001,3.988100e+002,0,0,-1.000000e+000,-1.000000e+000
5.087000e+001,3.997400e+002,0,0,-1.000000e+000,-1.000000e+000
5.087000e+001,3.997400e+002,1,1,5.124000e+001,3.965700e+002
3.510000e+001,4.087600e+002,0,0,-1.000000e+000,-1.000000e+000
8.697000e+001,4.086400e+002,0,0,-1.000000e+000,-1.000000e+000
8.697000e+001,4.086400e+002,0,0,-1.000000e+000,-1.000000e+000
4.711000e+001,4.093400e+002,0,0,-1.000000e+000,-1.000000e+000
4.153000e+001,4.097100e+002,0,0,-1.000000e+000,-1.000000e+000
5.625000e+001,4.117600e+002,0,0,-1.000000e+000,-1.000000e+000
5.625000e+001,4.117600e+002,0,0,-1.000000e+000,-1.000000e+000
7.268000e+001,4.137900e+002,1,1,7.388000e+001,4.106300e+002
7.268000e+001,4.137900e+002,0,0,-1.000000e+000,-1.000000e+000
7.789000e+001,4.142100e+002,0,0,-1.000000e+000,-1.000000e+000
7.789000e+001,4.142100e+002,0,0,-1.000000e+000,-1.000000e+000
1.131700e+002,4.139400e+002,1,1,1.141600e+002,4.104900e+002
1.131700e+002,4.139400e+002,1,1,1.141600e+002,4.104900e+002
1.026700e+002,4.147900e+002,1,1,1.036800e+002,4.115500e+002
1.228900e+002,4.157300e+002,0,0,-1.000000e+000,-1.000000e+000
3.731000e+001,4.163100e+002,1,1,3.972000e+001,4.123100e+002
9.392000e+001,4.204500e+002,1,1,9.499000e+001,4.174000e+002
8.531000e+001,4.264000e+002,0,0,-1.000000e+000,-1.000000e+000
1.891000e+001,4.273200e+002,0,0,-1.000000e+000,-1.000000e+000
3.650000e+000,4.302300e+002,0,0,-1.000000e+000,-1.000000e+000
1.008700e+002,4.302800e+002,0,0,-1.000000e+000,-1.000000e+000
1.008700e+002,4.302800e+002,0,0,-1.000000e+000,-1.000000e+000
4.471000e+001,4.310100e+002,0,0,-1.000000e+000,-1.000000e+000
7.613000e+001,4.324800e+002,1,1,7.723000e+001,4.290500e+002
1.082000e+001,4.373000e+002,1,1,1.234000e+001,4.339900e+002
3.533000e+001,4.374300e+002,1,1,3.669000e+001,4.339900e+002
6.678000e+001,4.386200e+002,1,1,6.787000e+001,4.350900e+002
8.803000e+001,4.388400e+002,0,0,-1.000000e+000,-1.000000e+000
8.803000e+001,4.388400e+002,0,0,-1.000000e+000,-1.000000e+000
2.277000e+001,4.409700e+002,1,1,2.389000e+001,4.371200e+002
2.277000e+001,4.409700e+002,1,1,2.389000e+001,4.371200e+002
5.744000e+001,4.445600e+002,1,1,5.822000e+001,4.411400e+002
5.744000e+001,4.445600e+002,1,1,5.822000e+001,4.411400e+002
3.420000e+000,4.462300e+002,0,0,-1.000000e+000,-1.000000e+000
3.420000e+000,4.462300e+002,0,0,-1.000000e+000,-1.000000e+000
1.528000e+001,4.500000e+002,1,1,1.677000e+001,4.466200e+002
1.528000e+001,4.500000e+002,1,1,1.677000e+001,4.466200e+002
4.733000e+001,4.512000e+002,1,1,4.852000e+001,4.475900e+002
5.687000e+001,4.512900e+002,1,1,5.823000e+001,4.479000e+002
5.687000e+001,4.512900e+002,1,1,5.823000e+001,4.479000e+002
2.489000e+001,4.548800e+002,0,0,-1.000000e+000,-1.000000e+000
3.711000e+001,4.574500e+002,1,1,3.856000e+001,4.544000e+002
4.457000e+001,4.599700e+002,1,1,4.577000e+001,4.564100e+002
4.457000e+001,4.599700e+002,1,1,4.577000e+001,4.564100e+002
3.707000e+001,4.671700e+002,1,1,3.784000e+001,4.637400e+002
4.211000e+001,4.699400e+002,0,0,-1.000000e+000,-1.000000e+000
2.981000e+001,4.724700e+002,0,0,-1.000000e+000,-1.000000e+000
5.893100e+002,9.270000e+000,0,0,-1.000000e+000,-1.000000e+000
5.882500e+002,1.762000e+001,0,0,-1.000000e+000,-1.000000e+000
3.905900e+002,4.397000e+001,0,0,-1.000000e+000,-1.000000e+000
6.149000e+002,9.538000e+001,0,0,-1.000000e+000,-1.000000e+000
6.122200e+002,1.251300e+002,1,1,6.150900e+002,1.227100e+002
5.246700e+002,1.501800e+002,1,1,5.271400e+002,1.476700e+002
3.873100e+002,1.564300e+002,0,0,-1.000000e+000,-1.000000e+000
5.280200e+002,1.699200e+002,1,1,5.307100e+002,1.673100e+002
5.279700e+002,1.786900e+002,0,0,-1.000000e+000,-1.000000e+000
5.448000e+002,2.043200e+002,0,0,-1.000000e+000,-1.000000e+000
4.959200e+002,2.213800e+002,0,0,-1.000000e+000,-1.000000e+000
4.645400e+002,2.254000e+002,0,0,-1.000000e+000,-1.000000e+000
5.965000e+002,2.393100e+002,0,0,-1.000000e+000,-1.000000e+000
1.774400e+002,2.627800e+002,0,0,-1.000000e+000,-1.000000e+000
4.890700e+002,2.648000e+002,0,0,-1.000000e+000,-1.000000e+000
4.807000e+002,2.801800e+002,1,1,4.824700e+002,2.780800e+002
3.839700e+002,2.891000e+002,0,0,-1.000000e+000,-1.000000e+000
1.198200e+002,2.933700e+002,0,0,-1.000000e+000,-1.000000e+000
1.198200e+002,2.933700e+002,0,0,-1.000000e+000,-1.000000e+000
1.441900e+002,3.292700e+002,0,0,-1.000000e+000,-1.000000e+000
1.376300e+002,3.504100e+002,1,1,1.387100e+002,3.473500e+002
1.376300e+002,3.504100e+002,1,1,1.387100e+002,3.473500e+002
1.301800e+002,3.551900e+002,0,0,-1.000000e+000,-1.000000e+000
1.489200e+002,3.640300e+002,1,1,1.502100e+002,3.609800e+002
1.489200e+002,3.640300e+002,1,1,1.502100e+002,3.609800e+002
1.113000e+002,3.663900e+002,1,1,1.124500e+002,3.635400e+002
1.876200e+002,3.658500e+002,0,0,-1.000000e+000,-1.000000e+000
1.412000e+002,3.688300e+002,0,0,-1.000000e+000,-1.000000e+000
1.032900e+002,3.715100e+002,1,1,1.043600e+002,3.680700e+002
9.499000e+001,3.761000e+002,0,0,-1.000000e+000,-1.000000e+000
1.579200e+002,3.863200e+002,1,1,1.589700e+002,3.831100e+002
7.408000e+001,3.886100e+002,1,1,7.498000e+001,3.850400e+002
7.944000e+001,3.918700e+002,0,0,-1.000000e+000,-1.000000e+000
1.497600e+002,3.916400e+002,0,0,-1.000000e+000,-1.000000e+000
1.012300e+002,3.929600e+002,1,1,1.029800e+002,3.900100e+002
1.012300e+002,3.929600e+002,1,1,1.029800e+002,3.900100e+002
6.516000e+001,3.936600e+002,0,0,-1.000000e+000,-1.000000e+000
6.516000e+001,3.936600e+002,0,0,-1.000000e+000,-1.000000e+000
1.297700e+002,3.940000e+002,0,0,-1.000000e+000,-1.000000e+000
1.409200e+002,3.974900e+002,1,1,1.420500e+002,3.944300e+002
1.409200e+002,3.974900e+002,1,1,1.420500e+002,3.944300e+002
9.286000e+001,3.982700e+002,1,1,9.431000e+001,3.951100e+002
9.286000e+001,3.982700e+002,1,1,9.431000e+001,3.951100e+002
1.479400e+002,3.977800e+002,1,1,1.490300e+002,3.944200e+002
5.646000e+001,3.994200e+002,0,0,-1.000000e+000,-1.000000e+000
1.212500e+002,3.993900e+002,1,1,1.227000e+002,3.962600e+002
1.212500e+002,3.993900e+002,1,1,1.227000e+002,3.962600e+002
1.017900e+002,4.026100e+002,0,0,-1.000000e+000,-1.000000e+000
1.017900e+002,4.026100e+002,1,1,1.031900e+002,3.994400e+002
8.418000e+001,4.037900e+002,1,1,8.543000e+001,4.003900e+002
8.418000e+001,4.037900e+002,1,1,8.543000e+001,4.003900e+002
1.305100e+002,4.041800e+002,1,1,1.317800e+002,4.009800e+002
1.305100e+002,4.041800e+002,1,1,1.317800e+002,4.009800e+002
1.130900e+002,4.048900e+002,0,0,-1.000000e+000,-1.000000e+000
1.379100e+002,4.047000e+002,0,0,-1.000000e+000,-1.000000e+000
9.312000e+001,4.079500e+002,0,0,-1.000000e+000,-1.000000e+000
7.567000e+001,4.094100e+002,1,1,7.705000e+001,4.061500e+002
7.567000e+001,4.094100e+002,1,1,7.705000e+001,4.061500e+002
1.043700e+002,4.102400e+002,0,0,-1.000000e+000,-1.000000e+000
1.043700e+002,4.102400e+002,0,0,-1.000000e+000,-1.000000e+000
8.476000e+001,4.137700e+002,1,1,8.602000e+001,4.103700e+002
8.476000e+001,4.137700e+002,1,1,8.602000e+001,4.103700e+002
6.635000e+001,4.148100e+002,1,1,6.767000e+001,4.114300e+002
6.635000e+001,4.148100e+002,1,1,6.767000e+001,4.114300e+002
4.622000e+001,4.171800e+002,0,0,-1.000000e+000,-1.000000e+000
1.100600e+002,4.181900e+002,1,1,1.107400e+002,4.150200e+002
1.728000e+001,4.192300e+002,0,0,-1.000000e+000,-1.000000e+000
7.564000e+001,4.191400e+002,1,1,7.702000e+001,4.160300e+002
7.564000e+001,4.191400e+002,1,1,7.702000e+001,4.160300e+002
5.711000e+001,4.205600e+002,1,1,5.845000e+001,4.171700e+002
3.714000e+001,4.233300e+002,0,0,-1.000000e+000,-1.000000e+000
3.714000e+001,4.233300e+002,0,0,-1.000000e+000,-1.000000e+000
6.540000e+000,4.253400e+002,0,0,-1.000000e+000,-1.000000e+000
6.658000e+001,4.250000e+002,0,0,-1.000000e+000,-1.000000e+000
4.788000e+001,4.264700e+002,0,0,-1.000000e+000,-1.000000e+000
4.788000e+001,4.264700e+002,0,0,-1.000000e+000,-1.000000e+000
7.835000e+001,4.275600e+002,1,1,7.964000e+001,4.240700e+002
7.835000e+001,4.275600e+002,1,1,7.964000e+001,4.240700e+002
5.715000e+001,4.310000e+002,0,0,-1.000000e+000,-1.000000e+000
5.715000e+001,4.310000e+002,1,1,5.856000e+001,4.274900e+002
3.787000e+001,4.324600e+002,0,0,-1.000000e+000,-1.000000e+000
6.877000e+001,4.334700e+002,1,1,6.994000e+001,4.300500e+002
4.795000e+001,4.371700e+002,0,0,-1.000000e+000,-1.000000e+000
2.844000e+001,4.384900e+002,0,0,-1.000000e+000,-1.000000e+000
5.951000e+001,4.394100e+002,1,1,6.082000e+001,4.359600e+002
3.805000e+001,4.433200e+002,0,0,-1.000000e+000,-1.000000e+000
5.039000e+001,4.458600e+002,1,1,5.144000e+001,4.423500e+002
2.857000e+001,4.496200e+002,0,0,-1.000000e+000,-1.000000e+000
2.857000e+001,4.496200e+002,0,0,-1.000000e+000,-1.000000e+000
4.044000e+001,4.525700e+002,0,0,-1.000000e+000,-1.000000e+000
2.948000e+001,4.588700e+002,0,0,-1.000000e+000,-1.000000e+000
5.196300e+002,1.300000e+001,0,0,-1.000000e+000,-1.000000e+000
5.242700e+002,5.567000e+001,1,1,5.268600e+002,5.276000e+001
5.480300e+002,8.013000e+001,1,1,5.512100e+002,7.791000e+001
3.862300e+002,1.491100e+002,0,0,-1.000000e+000,-1.000000e+000
4.486000e+002,1.546300e+002,0,0,-1.000000e+000,-1.000000e+000
3.843000e+002,1.562700e+002,0,0,-1.000000e+000,-1.000000e+000
5.279900e+002,1.610400e+002,1,1,5.304400e+002,1.580000e+002
6.095000e+002,1.809900e+002,1,1,6.121200e+002,1.783300e+002
5.537600e+002,1.878900e+002,1,1,5.560600e+002,1.851300e+002
3.795800e+002,1.905700e+002,0,0,-1.000000e+000,-1.000000e+000
3.795800e+002,1.905700e+002,1,1,3.819500e+002,1.879900e+002
5.550400e+002,1.948200e+002,0,0,-1.000000e+000,-1.000000e+000
5.619600e+002,1.990600e+002,1,1,5.643800e+002,1.964900e+002
5.672900e+002,2.035900e+002,0,0,-1.000000e+000,-1.000000e+000
2.598700e+002,2.195300e+002,0,0,-1.000000e+000,-1.000000e+000
5.631000e+002,2.210600e+002,0,0,-1.000000e+000,-1.000000e+000
5.555200e+002,2.365800e+002,0,0,-1.000000e+000,-1.000000e+000
2.309200e+002,2.447900e+002,1,1,2.331900e+002,2.421800e+002
2.309200e+002,2.447900e+002,0,0,-1.000000e+000,-1.000000e+000
4.773900e+002,2.463700e+002,0,0,-1.000000e+000,-1.000000e+000
2.245900e+002,2.490500e+002,0,0,-1.000000e+000,-1.000000e+000
2.245900e+002,2.490500e+002,0,0,-1.000000e+000,-1.000000e+000
4.334300e+002,2.771600e+002,1,1,4.350000e+002,2.742700e+002
1.262000e+002,2.931700e+002,0,0,-1.000000e+000,-1.000000e+000
2.507700e+002,3.000200e+002,0,0,-1.000000e+000,-1.000000e+000
1.958800e+002,3.242500e+002,0,0,-1.000000e+000,-1.000000e+000
5.821200e+002,3.560500e+002,0,0,-1.000000e+000,-1.000000e+000
5.638400e+002,3.632600e+002,0,0,-1.000000e+000,-1.000000e+000
5.638400e+002,3.632600e+002,0,0,-1.000000e+000,-1.000000e+000
1.153300e+002,3.717600e+002,0,0,-1.000000e+000,-1.000000e+000
1.764200e+002,3.786500e+002,0,0,-1.000000e+000,-1.000000e+000
9.680000e+001,3.817300e+002,1,1,9.842000e+001,3.784300e+002
8.801000e+001,3.863100e+002,1,1,8.949000e+001,3.832800e+002
6.229000e+001,4.027700e+002,0,0,-1.000000e+000,-1.000000e+000
5.344000e+001,4.082200e+002,0,0,-1.000000e+000,-1.000000e+000
1.198800e+002,4.111600e+002,1,1,1.210300e+002,4.079800e+002
1.198800e+002,4.111600e+002,1,1,1.210300e+002,4.079800e+002
1.279200e+002,4.113300e+002,1,1,1.288500e+002,4.083300e+002
2.357000e+001,4.186900e+002,0,0,-1.000000e+000,-1.000000e+000
1.170100e+002,4.183000e+002,0,0,-1.000000e+000,-1.000000e+000
3.457000e+001,4.205800e+002,0,0,-1.000000e+000,-1.000000e+000
1.374000e+001,4.245300e+002,0,0,-1.000000e+000,-1.000000e+000
2.487000e+001,4.259500e+002,0,0,-1.000000e+000,-1.000000e+000
1.485000e+001,4.317900e+002,0,0,-1.000000e+000,-1.000000e+000
1.857000e+001,4.447300e+002,0,0,-1.000000e+000,-1.000000e+000
6.287000e+001,4.488900e+002,1,1,6.407000e+001,4.452300e+002
5.160000e+001,4.563300e+002,1,1,5.296000e+001,4.528300e+002
5.160000e+001,4.563300e+002,1,1,5.296000e+001,4.528300e+002
6.097000e+001,4.558500e+002,0,0,-1.000000e+000,-1.000000e+000
3.984000e+001,4.644600e+002,0,0,-1.000000e+000,-1.000000e+000
3.984000e+001,4.644600e+002,0,0,-1.000000e+000,-1.000000e+000
3.984000e+001,4.644600e+002,1,1,4.103000e+001,4.609100e+002
4.799000e+001,4.642000e+002,0,0,-1.000000e+000,-1.000000e+000
3.545000e+001,4.727800e+002,0,0,-1.000000e+000,-1.000000e+000
2.725000e+001,4.726800e+002,0,0,-1.000000e+000,-1.000000e+000
2.725000e+001,4.726800e+002,0,0,-1.000000e+000,-1.000000e+000
5.880900e+002,2.669000e+001,1,1,5.912300e+002,2.348000e+001
5.880900e+002,2.669000e+001,1,1,5.912300e+002,2.348000e+001
5.164700e+002,3.261000e+001,0,0,-1.000000e+000,-1.000000e+000
4.966800e+002,1.664100e+002,0,0,-1.000000e+000,-1.000000e+000
5.772300e+002,1.880600e+002,0,0,-1.000000e+000,-1.000000e+000
1.752000e+002,2.253000e+002,0,0,-1.000000e+000,-1.000000e+000
1.760900e+002,2.414600e+002,0,0,-1.000000e+000,-1.000000e+000
5.232800e+002,2.419400e+002,0,0,-1.000000e+000,-1.000000e+000
2.496600e+002,2.567300e+002,1,1,2.512400e+002,2.540200e+002
2.496600e+002,2.567300e+002,1,1,2.512400e+002,2.540200e+002
2.338300e+002,2.588200e+002,1,1,2.357700e+002,2.562200e+002
3.853600e+002,2.898700e+002,1,1,3.868400e+002,2.871300e+002
4.838600e+002,3.010200e+002,1,1,4.855700e+002,2.984500e+002
5.421200e+002,3.797300e+002,0,0,-1.000000e+000,-1.000000e+000
5.186500e+002,6.407000e+001,0,0,-1.000000e+000,-1.000000e+000
6.093900e+002,6.835000e+001,0,0,-1.000000e+000,-1.000000e+000
5.467400e+002,7.107000e+001,0,0,-1.000000e+000,-1.000000e+000
5.503200e+002,8.156000e+001,0,0,-1.000000e+000,-1.000000e+000
5.720400e+002,2.009300e+002,0,0,-1.000000e+000,-1.000000e+000
1.818600e+002,2.591600e+002,0,0,-1.000000e+000,-1.000000e+000
4.904300e+002,2.745300e+002,0,0,-1.000000e+000,-1.000000e+000
4.779900e+002,2.921000e+002,0,0,-1.000000e+000,-1.000000e+000
4.340800e+002,3.119300e+002,0,0,-1.000000e+000,-1.000000e+000
1.358500e+002,3.176600e+002,1,1,1.377900e+002,3.145100e+002
2.246500e+002,3.249000e+002,0,0,-1.000000e+000,-1.000000e+000
5.453300e+002,3.618100e+002,0,0,-1.000000e+000,-1.000000e+000
2.295300e+002,3.672700e+002,0,0,-1.000000e+000,-1.000000e+000
1.682100e+002,3.697500e+002,0,0,-1.000000e+000,-1.000000e+000
1.682100e+002,3.697500e+002,0,0,-1.000000e+000,-1.000000e+000
1.877900e+002,3.799000e+002,0,0,-1.000000e+000,-1.000000e+000
1.877900e+002,3.799000e+002,0,0,-1.000000e+000,-1.000000e+000
6.230000e+002,1.835000e+001,0,0,-1.000000e+000,-1.000000e+000
5.911900e+002,2.329000e+001,1,1,5.929900e+002,2.146000e+001
5.911900e+002,2.329000e+001,1,1,5.929900e+002,2.146000e+001
6.013300e+002,1.522500e+002,0,0,-1.000000e+000,-1.000000e+000
6.164300e+002,1.535600e+002,0,0,-1.000000e+000,-1.000000e+000
5.705800e+002,1.745600e+002,0,0,-1.000000e+000,-1.000000e+000
2.650000e+002,2.367100e+002,0,0,-1.000000e+000,-1.000000e+000
2.372300e+002,2.470200e+002,0,0,-1.000000e+000,-1.000000e+000
2.478500e+002,2.453600e+002,0,0,-1.000000e+000,-1.000000e+000
4.719100e+002,2.552800e+002,0,0,-1.000000e+000,-1.000000e+000
1.662600e+002,2.831600e+002,0,0,-1.000000e+000,-1.000000e+000
2.466200e+002,2.985800e+002,0,0,-1.000000e+000,-1.000000e+000
1.418300e+002,3.023600e+002,0,0,-1.000000e+000,-1.000000e+000
3.598900e+002,3.021100e+002,1,1,3.612700e+002,2.991500e+002
1.248400e+002,3.237800e+002,0,0,-1.000000e+000,-1.000000e+000
3.437400e+002,3.354000e+002,1,1,3.448700e+002,3.328500e+002
5.571000e+001,3.440000e+002,0,0,-1.000000e+000,-1.000000e+000
2.080000e+002,3.453300e+002,0,0,-1.000000e+000,-1.000000e+000
5.633400e+002,3.539200e+002,0,0,-1.000000e+000,-1.000000e+000
2.185500e+002,3.575800e+002,0,0,-1.000000e+000,-1.000000e+000
1.522100e+002,1.267800e+002,0,0,-1.000000e+000,-1.000000e+000
1.522100e+002,1.267800e+002,0,0,-1.000000e+000,-1.000000e+000
3.633200e+002,1.550100e+002,0,0,-1.000000e+000,-1.000000e+000
4.480900e+002,1.606800e+002,1,1,4.505200e+002,1.543700e+002
5.661600e+002,1.891000e+002,0,0,-1.000000e+000,-1.000000e+000
5.428700e+002,1.943600e+002,0,0,-1.000000e+000,-1.000000e+000
4.765800e+002,2.361100e+002,1,1,4.783000e+002,2.333300e+002
4.765800e+002,2.361100e+002,1,1,4.783000e+002,2.333300e+002
4.688800e+002,2.547400e+002,0,0,-1.000000e+000,-1.000000e+000
4.926900e+002,2.789900e+002,1,1,4.944700e+002,2.761000e+002
1.557100e+002,2.990300e+002,0,0,-1.000000e+000,-1.000000e+000
2.090300e+002,3.245400e+002,0,0,-1.000000e+000,-1.000000e+000
1.295400e+002,3.381700e+002,0,0,-1.000000e+000,-1.000000e+000
5.687100e+002,2.115200e+002,1,1,5.707400e+002,2.093000e+002
2.713000e+002,2.225400e+002,0,0,-1.000000e+000,-1.000000e+000
1.504000e+002,2.585200e+002,0,0,-1.000000e+000,-1.000000e+000
2.147000e+002,2.650800e+002,0,0,-1.000000e+000,-1.000000e+000
1.278100e+002,2.839800e+002,0,0,-1.000000e+000,-1.000000e+000
3.612000e+001,3.534300e+002,0,0,-1.000000e+000,-1.000000e+000
4.056300e+002,1.506600e+002,0,0,-1.000000e+000,-1.000000e+000
3.419900e+002,1.872500e+002,0,0,-1.000000e+000,-1.000000e+000
4.605600e+002,2.539100e+002,0,0,-1.000000e+000,-1.000000e+000
1.080800e+002,3.489500e+002,0,0,-1.000000e+000,-1.000000e+000
5.683100e+002,5.986000e+001,0,0,-1.000000e+000,-1.000000e+000
5.181700e+002,1.924000e+002,0,0,-1.000000e+000,-1.000000e+000
1.814600e+002,2.022000e+002,1,1,1.826600e+002,1.992200e+002
1.814600e+002,2.022000e+002,1,1,1.826600e+002,1.992200e+002
2.395000e+002,2.171100e+002,1,1,2.420000e+002,2.139300e+002
2.395000e+002,2.171100e+002,1,1,2.420000e+002,2.139300e+002
2.758000e+002,2.606600e+002,0,0,-1.000000e+000,-1.000000e+000
1.097700e+002,3.157900e+002,0,0,-1.000000e+000,-1.000000e+000
5.966000e+001,3.304500e+002,0,0,-1.000000e+000,-1.000000e+000
1.449900e+002,3.344400e+002,1,1,1.456700e+002,3.316900e+002
2.502400e+002,3.587600e+002,0,0,-1.000000e+000,-1.000000e+000
5.152400e+002,1.920500e+002,0,0,-1.000000e+000,-1.000000e+000
2.121400e+002,2.301400e+002,0,0,-1.000000e+000,-1.000000e+000
2.967700e+002,2.315100e+002,0,0,-1.000000e+000,-1.000000e+000
5.242800e+002,2.336100e+002,0,0,-1.000000e+000,-1.000000e+000
6.042000e+001,3.307200e+002,0,0,-1.000000e+000,-1.000000e+000
1.257700e+002,1.730400e+002,0,0,-1.000000e+000,-1.000000e+000
1.439700e+002,2.471800e+002,0,0,-1.000000e+000,-1.000000e+000
2.193000e+002,2.831600e+002,0,0,-1.000000e+000,-1.000000e+000
4.475200e+002,2.959800e+002,0,0,-1.000000e+000,-1.000000e+000
3.360400e+002,2.470700e+002,1,1,3.355000e+002,2.432800e+002
3.360400e+002,2.470700e+002,1,1,3.355000e+002,2.432800e+002
4.974600e+002,4.171400e+002,0,0,-1.000000e+000,-1.000000e+000
3.412000e+002,2.477100e+002,0,0,-1.000000e+000,-1.000000e+000
2.935900e+002,3.247900e+002,0,0,-1.000000e+000,-1.000000e+000
1.558100e+002,3.733200e+002,0,0,1.000000e+000,-1.000000e+000