5.462900e+002,1.443000e+001,0,0,-1.000000e+000,-1.000000e+000
5.479800e+002,2.908000e+001,0,0,-1.000000e+000,-1.000000e+000
5.479800e+002,2.908000e+001,0,0,-1.000000e+000,-1.000000e+000
5.066000e+002,3.299000e+001,0,0,-1.000000e+000,-1.000000e+000
6.233300e+002,3.485000e+001,1,0,6.250200e+002,4.260000e+001
6.359400e+002,3.636000e+001,0,0,-1.000000e+000,-1.000000e+000
6.167400e+002,3.805000e+001,0,0,-1.000000e+000,-1.000000e+000
6.275800e+002,4.135000e+001,0,0,-1.000000e+000,-1.000000e+000
6.293300e+002,4.361000e+001,0,0,-1.000000e+000,-1.000000e+000
6.324000e+002,4.353000e+001,0,0,-1.000000e+000,-1.000000e+000
6.142700e+002,4.518000e+001,0,0,-1.000000e+000,-1.000000e+000
4.341400e+002,5.349000e+001,1,0,4.475600e+002,6.728000e+001
6.169600e+002,5.577000e+001,0,0,-1.000000e+000,-1.000000e+000
4.339700e+002,5.670000e+001,0,0,-1.000000e+000,-1.000000e+000
4.334900e+002,6.160000e+001,0,0,-1.000000e+000,-1.000000e+000
4.319800e+002,7.864000e+001,0,0,-1.000000e+000,-1.000000e+000
1.371700e+002,8.930000e+001,0,0,-1.000000e+000,-1.000000e+000
8.662000e+001,9.188000e+001,1,1,1.099600e+002,8.883000e+001
1.076300e+002,9.241000e+001,0,0,-1.000000e+000,-1.000000e+000
4.333000e+002,9.426000e+001,0,0,-1.000000e+000,-1.000000e+000
4.275200e+002,9.828000e+001,0,0,-1.000000e+000,-1.000000e+000
1.970000e+001,9.951000e+001,0,0,-1.000000e+000,-1.000000e+000
4.587800e+002,9.964000e+001,0,0,-1.000000e+000,-1.000000e+000
1.286000e+001,1.000300e+002,0,0,-1.000000e+000,-1.000000e+000
1.267900e+002,1.011100e+002,0,0,-1.000000e+000,-1.000000e+000
1.095200e+002,1.029900e+002,0,0,-1.000000e+000,-1.000000e+000
4.272700e+002,1.051900e+002,0,0,-1.000000e+000,-1.000000e+000
4.295800e+002,1.066600e+002,0,0,-1.000000e+000,-1.000000e+000
7.008000e+001,1.100600e+002,0,0,-1.000000e+000,-1.000000e+000
6.641000e+001,1.103800e+002,0,0,-1.000000e+000,-1.000000e+000
5.365300e+002,1.116400e+002,0,0,-1.000000e+000,-1.000000e+000
5.365300e+002,1.116400e+002,0,0,-1.000000e+000,-1.000000e+000
4.290700e+002,1.126200e+002,0,0,-1.000000e+000,-1.000000e+000
1.285000e+002,1.166000e+002,0,0,-1.000000e+000,-1.000000e+000
5.108800e+002,1.191100e+002,0,0,-1.000000e+000,-1.000000e+000
4.873800e+002,1.225100e+002,0,0,-1.000000e+000,-1.000000e+000
4.828400e+002,1.233400e+002,0,0,-1.000000e+000,-1.000000e+000
4.974400e+002,1.235500e+002,0,0,-1.000000e+000,-1.000000e+000
4.974400e+002,1.235500e+002,0,0,-1.000000e+000,-1.000000e+000
1.293500e+002,1.259400e+002,0,0,-1.000000e+000,-1.000000e+000
4.751800e+002,1.268500e+002,0,0,-1.000000e+000,-1.000000e+000
4.895800e+002,1.271600e+002,0,0,-1.000000e+000,-1.000000e+000
4.615300e+002,1.286300e+002,0,0,-1.000000e+000,-1.000000e+000
4.563500e+002,1.301800e+002,0,0,-1.000000e+000,-1.000000e+000
4.563500e+002,1.301800e+002,0,0,-1.000000e+000,-1.000000e+000
3.905800e+002,1.310900e+002,0,0,-1.000000e+000,-1.000000e+000
3.760300e+002,1.354700e+002,0,0,-1.000000e+000,-1.000000e+000
4.261300e+002,1.377300e+002,0,0,-1.000000e+000,-1.000000e+000
3.392300e+002,1.384400e+002,1,0,3.377600e+002,1.610900e+002
3.000700e+002,1.419900e+002,1,0,3.474800e+002,1.699400e+002
1.314300e+002,1.432900e+002,0,0,-1.000000e+000,-1.000000e+000
4.384400e+002,1.449600e+002,0,0,-1.000000e+000,-1.000000e+000
5.026500e+002,1.453700e+002,0,0,-1.000000e+000,-1.000000e+000
4.751500e+002,1.469100e+002,1,0,5.239200e+002,1.509100e+002
4.690300e+002,1.478700e+002,0,0,-1.000000e+000,-1.000000e+000
5.711000e+002,1.490400e+002,0,0,-1.000000e+000,-1.000000e+000
5.603200e+002,1.510100e+002,0,0,-1.000000e+000,-1.000000e+000
3.982300e+002,1.523600e+002,1,1,4.144200e+002,1.527500e+002
1.324600e+002,1.529000e+002,0,0,-1.000000e+000,-1.000000e+000
2.265400e+002,1.535400e+002,0,0,-1.000000e+000,-1.000000e+000
1.349500e+002,1.540100e+002,0,0,-1.000000e+000,-1.000000e+000
2.101900e+002,1.561400e+002,0,0,-1.000000e+000,-1.000000e+000
5.201800e+002,1.573700e+002,1,0,5.227100e+002,1.540400e+002
2.260400e+002,1.588100e+002,1,1,2.361400e+002,1.584000e+002
3.393400e+002,1.617000e+002,0,0,-1.000000e+000,-1.000000e+000
3.219900e+002,1.645600e+002,0,0,-1.000000e+000,-1.000000e+000
5.717700e+002,1.666200e+002,1,1,5.873400e+002,1.703400e+002
3.843500e+002,1.674300e+002,0,0,-1.000000e+000,-1.000000e+000
3.894000e+002,1.681500e+002,0,0,-1.000000e+000,-1.000000e+000
5.724800e+002,1.695100e+002,1,1,5.875400e+002,1.731800e+002
5.458100e+002,1.714300e+002,0,0,-1.000000e+000,-1.000000e+000
2.560600e+002,1.728000e+002,1,1,2.680000e+002,1.725900e+002
5.575100e+002,1.735400e+002,0,0,-1.000000e+000,-1.000000e+000
3.988300e+002,1.778700e+002,0,0,-1.000000e+000,-1.000000e+000
2.320300e+002,1.795200e+002,0,0,-1.000000e+000,-1.000000e+000
2.128100e+002,1.801000e+002,0,0,-1.000000e+000,-1.000000e+000
2.164600e+002,1.818500e+002,0,0,-1.000000e+000,-1.000000e+000
2.133300e+002,1.824600e+002,0,0,-1.000000e+000,-1.000000e+000
4.091400e+002,1.822800e+002,0,0,-1.000000e+000,-1.000000e+000
6.115400e+002,1.830600e+002,0,0,-1.000000e+000,-1.000000e+000
2.344300e+002,1.864400e+002,0,0,-1.000000e+000,-1.000000e+000
4.075500e+002,1.870500e+002,0,0,-1.000000e+000,-1.000000e+000
5.960900e+002,1.894600e+002,0,0,-1.000000e+000,-1.000000e+000
3.239200e+002,1.929200e+002,0,0,-1.000000e+000,-1.000000e+000
1.912000e+002,1.937400e+002,0,0,-1.000000e+000,-1.000000e+000
4.305900e+002,2.006700e+002,0,0,-1.000000e+000,-1.000000e+000
1.401600e+002,2.024100e+002,0,0,-1.000000e+000,-1.000000e+000
4.342000e+002,2.032300e+002,1,0,4.600700e+002,2.184800e+002
1.519800e+002,2.052900e+002,0,0,-1.000000e+000,-1.000000e+000
6.362200e+002,2.054700e+002,0,0,-1.000000e+000,-1.000000e+000
4.422000e+002,2.061400e+002,0,0,-1.000000e+000,-1.000000e+000
1.501200e+002,2.077700e+002,0,0,-1.000000e+000,-1.000000e+000
4.425900e+002,2.093600e+002,0,0,-1.000000e+000,-1.000000e+000
4.360200e+002,2.113300e+002,0,0,-1.000000e+000,-1.000000e+000
1.505400e+002,2.136100e+002,0,0,-1.000000e+000,-1.000000e+000
4.379900e+002,2.167700e+002,0,0,-1.000000e+000,-1.000000e+000
4.600300e+002,2.189500e+002,1,0,4.828300e+002,2.579000e+002
6.106900e+002,2.200500e+002,0,0,-1.000000e+000,-1.000000e+000
4.449800e+002,2.205300e+002,0,0,-1.000000e+000,-1.000000e+000
1.426200e+002,2.217600e+002,0,0,-1.000000e+000,-1.000000e+000
4.600700e+002,2.219600e+002,0,0,-1.000000e+000,-1.000000e+000
2.360700e+002,2.244800e+002,0,0,-1.000000e+000,-1.000000e+000
6.359800e+002,2.247600e+002,0,0,-1.000000e+000,-1.000000e+000
6.359800e+002,2.247600e+002,0,0,-1.000000e+000,-1.000000e+000
2.319300e+002,2.251300e+002,0,0,-1.000000e+000,-1.000000e+000
2.319300e+002,2.251300e+002,0,0,-1.000000e+000,-1.000000e+000
4.496400e+002,2.251500e+002,0,0,-1.000000e+000,-1.000000e+000
1.403800e+002,2.257100e+002,0,0,-1.000000e+000,-1.000000e+000
2.665300e+002,2.255700e+002,1,0,2.910700e+002,2.653600e+002
6.269500e+002,2.255100e+002,0,0,-1.000000e+000,-1.000000e+000
6.314500e+002,2.266400e+002,0,0,-1.000000e+000,-1.000000e+000
1.722500e+002,2.313400e+002,0,0,-1.000000e+000,-1.000000e+000
1.722500e+002,2.313400e+002,0,0,-1.000000e+000,-1.000000e+000
1.414500e+002,2.323200e+002,0,0,-1.000000e+000,-1.000000e+000
4.539300e+002,2.330500e+002,0,0,-1.000000e+000,-1.000000e+000
4.573900e+002,2.329900e+002,0,0,-1.000000e+000,-1.000000e+000
1.783100e+002,2.341600e+002,0,0,-1.000000e+000,-1.000000e+000
2.095400e+002,2.351300e+002,0,0,-1.000000e+000,-1.000000e+000
2.248000e+002,2.351100e+002,0,0,-1.000000e+000,-1.000000e+000
4.798700e+002,2.365000e+002,0,0,-1.000000e+000,-1.000000e+000
2.051900e+002,2.389500e+002,0,0,-1.000000e+000,-1.000000e+000
2.737700e+002,2.403700e+002,0,0,-1.000000e+000,-1.000000e+000
1.833300e+002,2.426500e+002,0,0,-1.000000e+000,-1.000000e+000
4.696800e+002,2.456100e+002,0,0,-1.000000e+000,-1.000000e+000
2.384000e+002,2.475500e+002,0,0,-1.000000e+000,-1.000000e+000
2.524200e+002,2.484000e+002,0,0,-1.000000e+000,-1.000000e+000
1.306500e+002,2.517100e+002,0,0,-1.000000e+000,-1.000000e+000
1.246900e+002,2.528800e+002,1,1,1.317500e+002,2.520700e+002
1.022200e+002,2.647100e+002,0,0,-1.000000e+000,-1.000000e+000
1.040500e+002,2.669600e+002,0,0,-1.000000e+000,-1.000000e+000
1.040500e+002,2.669600e+002,0,0,-1.000000e+000,-1.000000e+000
1.069900e+002,2.679800e+002,0,0,-1.000000e+000,-1.000000e+000
4.927000e+002,2.692600e+002,0,0,-1.000000e+000,-1.000000e+000
9.109000e+001,2.693400e+002,1,0,6.551000e+001,2.735600e+002
8.733000e+001,2.700600e+002,0,0,-1.000000e+000,-1.000000e+000
8.434000e+001,2.706100e+002,0,0,-1.000000e+000,-1.000000e+000
6.915000e+001,2.708600e+002,0,0,-1.000000e+000,-1.000000e+000
6.016000e+001,2.725100e+002,0,0,-1.000000e+000,-1.000000e+000
2.880200e+002,2.738900e+002,0,0,-1.000000e+000,-1.000000e+000
1.598300e+002,2.746300e+002,0,0,-1.000000e+000,-1.000000e+000
1.598300e+002,2.746300e+002,0,0,-1.000000e+000,-1.000000e+000
1.562800e+002,2.747400e+002,0,0,-1.000000e+000,-1.000000e+000
1.562800e+002,2.747400e+002,0,0,-1.000000e+000,-1.000000e+000
4.248000e+001,2.761000e+002,0,0,-1.000000e+000,-1.000000e+000
5.523000e+001,2.761100e+002,0,0,-1.000000e+000,-1.000000e+000
3.879000e+001,2.791400e+002,0,0,-1.000000e+000,-1.000000e+000
2.936200e+002,2.850600e+002,0,0,-1.000000e+000,-1.000000e+000
2.549600e+002,2.899600e+002,0,0,-1.000000e+000,-1.000000e+000
2.518700e+002,2.906200e+002,0,0,-1.000000e+000,-1.000000e+000
2.658500e+002,2.902000e+002,1,1,2.722600e+002,2.916200e+002
2.590900e+002,2.920800e+002,0,0,-1.000000e+000,-1.000000e+000
1.366800e+002,2.926400e+002,1,1,1.429500e+002,2.926500e+002
1.366800e+002,2.926400e+002,0,0,-1.000000e+000,-1.000000e+000
4.588600e+002,3.017700e+002,0,0,-1.000000e+000,-1.000000e+000
1.947400e+002,3.045300e+002,0,0,-1.000000e+000,-1.000000e+000
1.773900e+002,3.070900e+002,0,0,-1.000000e+000,-1.000000e+000
1.224200e+002,3.077700e+002,1,1,1.271100e+002,3.075800e+002
1.106700e+002,3.083800e+002,0,0,-1.000000e+000,-1.000000e+000
1.106700e+002,3.083800e+002,0,0,-1.000000e+000,-1.000000e+000
4.924700e+002,3.096000e+002,0,0,-1.000000e+000,-1.000000e+000
1.540600e+002,3.111000e+002,0,0,-1.000000e+000,-1.000000e+000
9.452000e+001,3.114500e+002,1,1,9.853000e+001,3.109200e+002
4.913100e+002,3.118300e+002,0,0,-1.000000e+000,-1.000000e+000
1.416600e+002,3.135900e+002,0,0,-1.000000e+000,-1.000000e+000
1.416600e+002,3.135900e+002,0,0,-1.000000e+000,-1.000000e+000
1.882500e+002,3.136500e+002,1,0,2.336200e+002,3.192300e+002
2.254900e+002,3.139400e+002,0,0,-1.000000e+000,-1.000000e+000
1.906200e+002,3.150800e+002,0,0,-1.000000e+000,-1.000000e+000
3.365800e+002,3.183300e+002,0,0,-1.000000e+000,-1.000000e+000
5.039700e+002,3.196700e+002,0,0,-1.000000e+000,-1.000000e+000
5.039700e+002,3.196700e+002,0,0,-1.000000e+000,-1.000000e+000
7.238000e+001,3.250400e+002,1,1,7.649000e+001,3.240800e+002
5.108700e+002,3.256300e+002,1,0,5.288600e+002,3.405400e+002
5.108700e+002,3.256300e+002,0,0,-1.000000e+000,-1.000000e+000
4.631900e+002,3.271800e+002,0,0,-1.000000e+000,-1.000000e+000
5.158900e+002,3.268900e+002,0,0,-1.000000e+000,-1.000000e+000
5.175100e+002,3.314200e+002,0,0,-1.000000e+000,-1.000000e+000
5.175100e+002,3.314200e+002,1,1,5.288600e+002,3.405400e+002
1.387600e+002,3.318300e+002,0,0,-1.000000e+000,-1.000000e+000
8.494000e+001,3.330600e+002,0,0,-1.000000e+000,-1.000000e+000
8.494000e+001,3.330600e+002,1,1,8.852000e+001,3.320600e+002
5.172100e+002,3.343000e+002,1,0,5.382100e+002,3.523600e+002
7.546000e+001,3.370500e+002,1,1,7.876000e+001,3.361100e+002
8.068000e+001,3.378300e+002,0,0,-1.000000e+000,-1.000000e+000
9.665000e+001,3.379400e+002,1,1,9.980000e+001,3.375300e+002
1.210000e+002,3.399900e+002,0,0,-1.000000e+000,-1.000000e+000
1.063700e+002,3.421200e+002,1,1,1.098200e+002,3.419100e+002
1.232500e+002,3.422700e+002,0,0,-1.000000e+000,-1.000000e+000
1.232500e+002,3.422700e+002,0,0,-1.000000e+000,-1.000000e+000
8.368000e+001,3.435500e+002,0,0,-1.000000e+000,-1.000000e+000
9.347000e+001,3.437000e+002,0,0,-1.000000e+000,-1.000000e+000
9.347000e+001,3.437000e+002,0,0,-1.000000e+000,-1.000000e+000
1.508000e+002,3.439000e+002,0,0,-1.000000e+000,-1.000000e+000
5.373900e+002,3.453900e+002,0,0,-1.000000e+000,-1.000000e+000
1.503200e+002,3.466300e+002,0,0,-1.000000e+000,-1.000000e+000
5.351100e+002,3.466600e+002,0,0,-1.000000e+000,-1.000000e+000
5.351100e+002,3.466600e+002,0,0,-1.000000e+000,-1.000000e+000
1.104900e+002,3.472200e+002,1,1,1.138900e+002,3.468700e+002
1.138900e+002,3.472100e+002,0,0,-1.000000e+000,-1.000000e+000
8.367000e+001,3.479800e+002,0,0,-1.000000e+000,-1.000000e+000
8.367000e+001,3.479800e+002,0,0,-1.000000e+000,-1.000000e+000
2.574200e+002,3.487300e+002,1,1,2.609800e+002,3.510800e+002
9.771000e+001,3.498700e+002,0,0,-1.000000e+000,-1.000000e+000
1.166200e+002,3.505300e+002,0,0,-1.000000e+000,-1.000000e+000
5.037000e+001,3.510800e+002,0,0,-1.000000e+000,-1.000000e+000
1.405600e+002,3.509700e+002,0,0,-1.000000e+000,-1.000000e+000
7.390000e+001,3.524000e+002,0,0,-1.000000e+000,-1.000000e+000
7.390000e+001,3.524000e+002,0,0,-1.000000e+000,-1.000000e+000
1.322100e+002,3.525700e+002,0,0,-1.000000e+000,-1.000000e+000
1.680700e+002,3.529600e+002,0,0,-1.000000e+000,-1.000000e+000
2.680200e+002,3.528700e+002,0,0,-1.000000e+000,-1.000000e+000
2.680200e+002,3.528700e+002,0,0,-1.000000e+000,-1.000000e+000
3.014000e+001,3.534300e+002,0,0,-1.000000e+000,-1.000000e+000
5.451000e+001,3.533000e+002,1,1,5.760000e+001,3.520900e+002
1.194000e+002,3.535300e+002,1,1,1.223300e+002,3.533100e+002
1.167000e+001,3.544900e+002,1,1,1.496000e+001,3.524900e+002
5.403500e+002,3.545800e+002,0,0,-1.000000e+000,-1.000000e+000
4.027000e+001,3.555900e+002,1,0,6.210000e+000,3.696300e+002
1.315800e+002,3.555400e+002,0,0,-1.000000e+000,-1.000000e+000
9.059000e+001,3.572100e+002,0,0,-1.000000e+000,-1.000000e+000
9.059000e+001,3.572100e+002,1,0,1.033800e+002,3.526800e+002
1.225300e+002,3.569500e+002,0,0,-1.000000e+000,-1.000000e+000
1.469200e+002,3.569000e+002,0,0,-1.000000e+000,-1.000000e+000
5.030000e+001,3.578100e+002,0,0,-1.000000e+000,-1.000000e+000
7.863000e+001,3.593200e+002,1,1,8.139000e+001,3.583500e+002
5.538500e+002,3.594500e+002,0,0,-1.000000e+000,-1.000000e+000
1.362000e+001,3.602000e+002,0,0,-1.000000e+000,-1.000000e+000
1.362000e+001,3.602000e+002,0,0,-1.000000e+000,-1.000000e+000
2.997000e+001,3.599000e+002,0,0,-1.000000e+000,-1.000000e+000
3.145800e+002,3.608600e+002,0,0,-1.000000e+000,-1.000000e+000
2.969900e+002,3.617100e+002,0,0,-1.000000e+000,-1.000000e+000
3.083600e+002,3.619300e+002,0,0,-1.000000e+000,-1.000000e+000
2.825600e+002,3.623500e+002,0,0,-1.000000e+000,-1.000000e+000
5.494200e+002,3.623800e+002,0,0,-1.000000e+000,-1.000000e+000
8.130000e+001,3.627700e+002,0,0,-1.000000e+000,-1.000000e+000
1.439000e+001,3.633800e+002,0,0,-1.000000e+000,-1.000000e+000
1.401100e+002,3.661000e+002,0,0,-1.000000e+000,-1.000000e+000
5.940000e+001,3.680300e+002,0,0,-1.000000e+000,-1.000000e+000
5.940000e+001,3.680300e+002,0,0,-1.000000e+000,-1.000000e+000
1.329800e+002,3.690600e+002,0,0,-1.000000e+000,-1.000000e+000
6.181000e+001,3.713500e+002,1,1,6.416000e+001,3.703100e+002
4.909000e+001,3.721200e+002,0,0,-1.000000e+000,-1.000000e+000
4.909000e+001,3.721200e+002,0,0,-1.000000e+000,-1.000000e+000
6.709000e+001,3.733700e+002,0,0,-1.000000e+000,-1.000000e+000
6.709000e+001,3.733700e+002,1,1,6.936000e+001,3.728900e+002
1.592700e+002,3.734100e+002,1,0,1.200500e+002,3.945500e+002
1.592700e+002,3.734100e+002,0,0,-1.000000e+000,-1.000000e+000
6.959000e+001,3.769300e+002,1,1,7.150000e+001,3.759900e+002
5.664900e+002,3.775200e+002,0,0,-1.000000e+000,-1.000000e+000
5.645000e+001,3.780700e+002,1,1,5.855000e+001,3.770000e+002
3.765000e+001,3.810500e+002,0,0,-1.000000e+000,-1.000000e+000
8.979000e+001,3.816400e+002,0,0,-1.000000e+000,-1.000000e+000
8.979000e+001,3.816400e+002,0,0,-1.000000e+000,-1.000000e+000
4.612000e+001,3.827200e+002,0,0,-1.000000e+000,-1.000000e+000
1.407200e+002,3.828400e+002,0,0,-1.000000e+000,-1.000000e+000
1.407200e+002,3.828400e+002,1,0,1.200500e+002,3.945500e+002
9.470000e+001,3.835100e+002,0,0,-1.000000e+000,-1.000000e+000
1.406900e+002,3.855800e+002,1,0,9.773000e+001,4.081600e+002
7.770000e+001,3.872200e+002,0,0,-1.000000e+000,-1.000000e+000
6.178000e+001,3.874300e+002,1,1,6.292000e+001,3.865300e+002
1.608000e+001,3.907700e+002,0,0,-1.000000e+000,-1.000000e+000
5.577000e+001,3.908000e+002,0,0,-1.000000e+000,-1.000000e+000
7.711000e+001,3.908300e+002,0,0,-1.000000e+000,-1.000000e+000
1.243900e+002,3.911500e+002,1,0,1.012700e+002,4.035600e+002
1.243900e+002,3.911500e+002,0,0,-1.000000e+000,-1.000000e+000
6.070000e+000,3.916000e+002,0,0,-1.000000e+000,-1.000000e+000
6.070000e+000,3.916000e+002,0,0,-1.000000e+000,-1.000000e+000
2.471000e+001,3.924900e+002,0,0,-1.000000e+000,-1.000000e+000
2.471000e+001,3.924900e+002,0,0,-1.000000e+000,-1.000000e+000
6.140000e+001,3.928800e+002,0,0,-1.000000e+000,-1.000000e+000
8.193000e+001,3.935500e+002,1,1,8.327000e+001,3.935100e+002
3.545000e+001,3.972900e+002,0,0,-1.000000e+000,-1.000000e+000
1.144900e+002,3.989000e+002,0,0,-1.000000e+000,-1.000000e+000
5.113000e+001,3.995000e+002,1,1,5.221000e+001,3.987300e+002
2.440000e+001,4.025400e+002,1,1,2.555000e+001,4.011500e+002
1.061600e+002,4.030900e+002,0,0,-1.000000e+000,-1.000000e+000
9.835000e+001,4.044200e+002,0,0,-1.000000e+000,-1.000000e+000
9.835000e+001,4.044200e+002,1,1,1.012700e+002,4.035600e+002
1.343000e+001,4.079300e+002,0,0,-1.000000e+000,-1.000000e+000
1.343000e+001,4.079300e+002,0,0,-1.000000e+000,-1.000000e+000
1.193000e+001,4.110800e+002,0,0,-1.000000e+000,-1.000000e+000
7.930000e+001,4.141600e+002,0,0,-1.000000e+000,-1.000000e+000
7.930000e+001,4.141600e+002,0,0,-1.000000e+000,-1.000000e+000
7.661000e+001,4.156000e+002,0,0,-1.000000e+000,-1.000000e+000
7.661000e+001,4.156000e+002,0,0,-1.000000e+000,-1.000000e+000
6.831000e+001,4.198200e+002,0,0,-1.000000e+000,-1.000000e+000
6.831000e+001,4.198200e+002,0,0,-1.000000e+000,-1.000000e+000
6.797000e+001,4.227600e+002,0,0,-1.000000e+000,-1.000000e+000
4.511000e+001,4.345000e+002,0,0,-1.000000e+000,-1.000000e+000
3.413000e+001,4.374700e+002,1,0,1.652000e+001,4.449500e+002
3.413000e+001,4.374700e+002,1,0,1.652000e+001,4.449500e+002
3.207000e+001,4.414200e+002,0,0,-1.000000e+000,-1.000000e+000
2.071000e+001,4.442900e+002,0,0,-1.000000e+000,-1.000000e+000
2.071000e+001,4.442900e+002,0,0,-1.000000e+000,-1.000000e+000
1.695000e+001,4.460700e+002,0,0,-1.000000e+000,-1.000000e+000
1.695000e+001,4.460700e+002,0,0,-1.000000e+000,-1.000000e+000
1.758000e+001,4.486400e+002,0,0,-1.000000e+000,-1.000000e+000
4.381700e+002,1.176000e+001,0,0,-1.000000e+000,-1.000000e+000
4.360400e+002,3.646000e+001,0,0,-1.000000e+000,-1.000000e+000
4.353400e+002,4.114000e+001,0,0,-1.000000e+000,-1.000000e+000
4.349500e+002,4.613000e+001,0,0,-1.000000e+000,-1.000000e+000
4.330400e+002,6.599000e+001,0,0,-1.000000e+000,-1.000000e+000
2.471500e+002,7.779000e+001,0,0,-1.000000e+000,-1.000000e+000
2.471500e+002,7.779000e+001,0,0,-1.000000e+000,-1.000000e+000
5.617000e+001,9.525000e+001,0,0,-1.000000e+000,-1.000000e+000
1.182100e+002,1.017700e+002,0,0,-1.000000e+000,-1.000000e+000
1.269300e+002,1.039400e+002,0,0,-1.000000e+000,-1.000000e+000
1.269300e+002,1.039400e+002,1,0,1.334700e+002,1.031600e+002
8.751000e+001,1.053100e+002,0,0,-1.000000e+000,-1.000000e+000
4.262200e+002,1.117100e+002,0,0,-1.000000e+000,-1.000000e+000
1.014000e+001,1.146100e+002,0,0,-1.000000e+000,-1.000000e+000
4.241900e+002,1.234600e+002,0,0,-1.000000e+000,-1.000000e+000
1.318900e+002,1.245000e+002,0,0,-1.000000e+000,-1.000000e+000
4.441200e+002,1.278400e+002,0,0,-1.000000e+000,-1.000000e+000
4.990000e+002,1.466200e+002,0,0,-1.000000e+000,-1.000000e+000
4.654700e+002,1.481800e+002,0,0,-1.000000e+000,-1.000000e+000
4.394100e+002,1.518800e+002,1,1,4.527500e+002,1.536700e+002
5.165300e+002,1.524300e+002,0,0,-1.000000e+000,-1.000000e+000
4.316200e+002,1.533900e+002,0,0,-1.000000e+000,-1.000000e+000
5.467700e+002,1.532700e+002,0,0,-1.000000e+000,-1.000000e+000
5.255800e+002,1.571100e+002,0,0,-1.000000e+000,-1.000000e+000
3.840100e+002,1.641200e+002,0,0,-1.000000e+000,-1.000000e+000
5.390400e+002,1.646700e+002,1,1,5.542200e+002,1.678100e+002
1.487200e+002,1.655900e+002,0,0,-1.000000e+000,-1.000000e+000
5.816900e+002,1.691700e+002,0,0,-1.000000e+000,-1.000000e+000
5.970000e+002,1.864400e+002,0,0,-1.000000e+000,-1.000000e+000
3.779000e+002,1.870900e+002,0,0,-1.000000e+000,-1.000000e+000
3.327200e+002,1.914800e+002,0,0,-1.000000e+000,-1.000000e+000
4.285500e+002,1.961300e+002,0,0,-1.000000e+000,-1.000000e+000
2.895300e+002,1.964300e+002,0,0,-1.000000e+000,-1.000000e+000
1.399500e+002,1.979800e+002,0,0,-1.000000e+000,-1.000000e+000
6.022300e+002,1.990400e+002,0,0,-1.000000e+000,-1.000000e+000
2.527900e+002,2.059200e+002,1,1,2.606000e+002,2.067400e+002
6.307600e+002,2.082700e+002,0,0,-1.000000e+000,-1.000000e+000
1.528500e+002,2.107100e+002,0,0,-1.000000e+000,-1.000000e+000
4.502900e+002,2.116700e+002,0,0,-1.000000e+000,-1.000000e+000
6.087300e+002,2.144400e+002,0,0,-1.000000e+000,-1.000000e+000
1.541200e+002,2.204400e+002,0,0,-1.000000e+000,-1.000000e+000
2.515700e+002,2.241000e+002,1,1,2.597600e+002,2.245400e+002
2.413200e+002,2.246600e+002,0,0,-1.000000e+000,-1.000000e+000
6.235600e+002,2.265500e+002,0,0,-1.000000e+000,-1.000000e+000
1.406600e+002,2.290600e+002,0,0,-1.000000e+000,-1.000000e+000
6.221000e+002,2.294000e+002,0,0,-1.000000e+000,-1.000000e+000
6.142900e+002,2.306000e+002,0,0,-1.000000e+000,-1.000000e+000
6.142900e+002,2.306000e+002,0,0,-1.000000e+000,-1.000000e+000
2.028600e+002,2.362300e+002,1,1,2.110500e+002,2.361500e+002
2.361900e+002,2.379200e+002,0,0,-1.000000e+000,-1.000000e+000
6.233500e+002,2.381200e+002,0,0,-1.000000e+000,-1.000000e+000
2.511700e+002,2.395400e+002,0,0,-1.000000e+000,-1.000000e+000
6.285100e+002,2.423400e+002,0,0,-1.000000e+000,-1.000000e+000
5.026500e+002,2.432800e+002,0,0,-1.000000e+000,-1.000000e+000
5.026500e+002,2.432800e+002,0,0,-1.000000e+000,-1.000000e+000
1.570200e+002,2.445300e+002,1,1,1.642700e+002,2.438900e+002
6.355300e+002,2.474900e+002,0,0,-1.000000e+000,-1.000000e+000
2.812300e+002,2.541700e+002,0,0,-1.000000e+000,-1.000000e+000
4.876000e+001,2.744800e+002,0,0,-1.000000e+000,-1.000000e+000
3.381000e+001,2.774600e+002,0,0,-1.000000e+000,-1.000000e+000
2.657100e+002,2.900700e+002,0,0,-1.000000e+000,-1.000000e+000
4.807500e+002,2.966700e+002,0,0,-1.000000e+000,-1.000000e+000
1.337200e+002,2.970800e+002,1,1,1.398000e+002,2.965200e+002
1.337200e+002,2.970800e+002,1,1,1.398000e+002,2.965200e+002
3.030400e+002,3.032700e+002,1,1,3.063700e+002,3.057700e+002
1.798200e+002,3.046100e+002,1,1,1.862000e+002,3.042400e+002
1.732200e+002,3.114600e+002,0,0,-1.000000e+000,-1.000000e+000
1.947000e+002,3.127900e+002,0,0,-1.000000e+000,-1.000000e+000
4.561300e+002,3.156100e+002,0,0,-1.000000e+000,-1.000000e+000
3.328200e+002,3.165700e+002,0,0,-1.000000e+000,-1.000000e+000
3.328200e+002,3.165700e+002,0,0,-1.000000e+000,-1.000000e+000
3.251000e+002,3.195000e+002,1,1,3.291800e+002,3.232700e+002
3.251000e+002,3.195000e+002,1,1,3.291800e+002,3.232700e+002
4.859700e+002,3.218200e+002,0,0,-1.000000e+000,-1.000000e+000
1.347300e+002,3.255800e+002,0,0,-1.000000e+000,-1.000000e+000
1.347300e+002,3.255800e+002,0,0,-1.000000e+000,-1.000000e+000
4.519100e+002,3.292100e+002,0,0,-1.000000e+000,-1.000000e+000
1.256500e+002,3.297800e+002,0,0,-1.000000e+000,-1.000000e+000
1.256500e+002,3.297800e+002,0,0,-1.000000e+000,-1.000000e+000
1.362000e+002,3.330100e+002,1,1,1.395800e+002,3.330400e+002
7.511000e+001,3.332300e+002,1,1,7.883000e+001,3.323500e+002
1.165700e+002,3.337300e+002,0,0,-1.000000e+000,-1.000000e+000
1.165700e+002,3.337300e+002,0,0,-1.000000e+000,-1.000000e+000
8.376000e+001,3.363000e+002,0,0,-1.000000e+000,-1.000000e+000
1.145700e+002,3.363900e+002,0,0,-1.000000e+000,-1.000000e+000
1.441300e+002,3.369200e+002,1,1,1.476700e+002,3.373700e+002
1.070300e+002,3.384300e+002,1,1,1.104900e+002,3.379200e+002
8.276000e+001,3.406900e+002,1,1,8.652000e+001,3.396700e+002
1.474300e+002,3.410400e+002,1,1,1.507100e+002,3.414300e+002
1.474300e+002,3.410400e+002,1,1,1.507100e+002,3.414300e+002
6.581000e+001,3.412900e+002,0,0,-1.000000e+000,-1.000000e+000
6.581000e+001,3.412900e+002,0,0,-1.000000e+000,-1.000000e+000
9.771000e+001,3.435200e+002,1,1,1.011600e+002,3.430100e+002
6.534000e+001,3.460200e+002,0,0,-1.000000e+000,-1.000000e+000
5.142000e+001,3.474800e+002,0,0,-1.000000e+000,-1.000000e+000
5.142000e+001,3.474800e+002,0,0,-1.000000e+000,-1.000000e+000
6.327000e+001,3.490200e+002,1,1,6.652000e+001,3.480100e+002
4.133000e+001,3.517600e+002,0,0,-1.000000e+000,-1.000000e+000
4.133000e+001,3.517600e+002,0,0,-1.000000e+000,-1.000000e+000
4.970000e+001,3.551500e+002,0,0,-1.000000e+000,-1.000000e+000
1.495900e+002,3.559000e+002,1,1,1.525800e+002,3.565900e+002
3.090000e+001,3.562300e+002,0,0,-1.000000e+000,-1.000000e+000
3.090000e+001,3.562300e+002,0,0,-1.000000e+000,-1.000000e+000
3.969000e+001,3.595200e+002,1,1,4.271000e+001,3.578500e+002
3.042200e+002,3.622900e+002,0,0,-1.000000e+000,-1.000000e+000
4.952000e+001,3.632300e+002,1,1,5.200000e+001,3.622000e+002
4.952000e+001,3.632300e+002,1,1,5.200000e+001,3.622000e+002
4.952000e+001,3.632300e+002,1,1,5.200000e+001,3.622000e+002
2.951000e+001,3.638900e+002,0,0,-1.000000e+000,-1.000000e+000
3.807000e+001,3.638400e+002,0,0,-1.000000e+000,-1.000000e+000
2.881700e+002,3.640100e+002,0,0,-1.000000e+000,-1.000000e+000
4.600000e+000,3.675000e+002,0,0,-1.000000e+000,-1.000000e+000
4.600000e+000,3.675000e+002,0,0,-1.000000e+000,-1.000000e+000
4.600000e+000,3.675000e+002,0,0,-1.000000e+000,-1.000000e+000
8.240000e+001,3.678600e+002,0,0,-1.000000e+000,-1.000000e+000
3.915000e+001,3.678100e+002,0,0,-1.000000e+000,-1.000000e+000
3.915000e+001,3.678100e+002,0,0,-1.000000e+000,-1.000000e+000
1.287500e+002,3.683400e+002,1,1,1.311400e+002,3.687600e+002
5.604000e+001,3.682400e+002,0,0,-1.000000e+000,-1.000000e+000
1.153700e+002,3.697100e+002,1,1,1.175000e+002,3.698100e+002
8.104000e+001,3.712700e+002,0,0,-1.000000e+000,-1.000000e+000
9.968000e+001,3.727400e+002,1,1,1.014100e+002,3.725400e+002
1.053100e+002,3.742400e+002,0,0,-1.000000e+000,-1.000000e+000
1.784000e+001,3.770100e+002,0,0,-1.000000e+000,-1.000000e+000
3.858000e+001,3.771200e+002,0,0,-1.000000e+000,-1.000000e+000
5.914000e+001,3.813200e+002,0,0,-1.000000e+000,-1.000000e+000
5.914000e+001,3.813200e+002,0,0,-1.000000e+000,-1.000000e+000
7.000000e+000,3.819800e+002,0,0,-1.000000e+000,-1.000000e+000
7.000000e+000,3.819800e+002,0,0,-1.000000e+000,-1.000000e+000
3.035000e+001,3.851200e+002,0,0,-1.000000e+000,-1.000000e+000
3.035000e+001,3.851200e+002,0,0,-1.000000e+000,-1.000000e+000
1.718000e+001,3.868500e+002,0,0,-1.000000e+000,-1.000000e+000
1.962000e+001,3.902100e+002,0,0,-1.000000e+000,-1.000000e+000
3.804000e+001,3.911200e+002,0,0,-1.000000e+000,-1.000000e+000
3.804000e+001,3.911200e+002,0,0,-1.000000e+000,-1.000000e+000
6.500000e+001,3.934100e+002,1,1,6.631000e+001,3.929600e+002
8.580000e+000,3.951600e+002,0,0,-1.000000e+000,-1.000000e+000
4.960000e+000,3.956000e+002,0,0,-1.000000e+000,-1.000000e+000
2.759000e+001,3.963500e+002,0,0,-1.000000e+000,-1.000000e+000
6.339000e+001,3.971200e+002,0,0,-1.000000e+000,-1.000000e+000
3.402000e+002,4.745100e+002,1,0,3.571300e+002,4.753500e+002
4.388500e+002,5.510000e+000,0,0,-1.000000e+000,-1.000000e+000
4.375800e+002,2.054000e+001,0,0,-1.000000e+000,-1.000000e+000
4.370400e+002,2.720000e+001,0,0,-1.000000e+000,-1.000000e+000
6.083900e+002,3.573000e+001,0,0,-1.000000e+000,-1.000000e+000
4.338000e+002,9.932000e+001,1,1,4.486300e+002,1.005000e+002
1.178700e+002,1.017300e+002,0,0,-1.000000e+000,-1.000000e+000
3.268600e+002,1.601700e+002,0,0,-1.000000e+000,-1.000000e+000
3.848500e+002,1.643000e+002,1,1,3.963400e+002,1.658300e+002
5.846500e+002,1.730400e+002,0,0,-1.000000e+000,-1.000000e+000
5.806500e+002,1.754200e+002,0,0,-1.000000e+000,-1.000000e+000
5.800900e+002,1.817200e+002,0,0,-1.000000e+000,-1.000000e+000
4.054500e+002,1.836100e+002,0,0,-1.000000e+000,-1.000000e+000
4.054500e+002,1.836100e+002,0,0,-1.000000e+000,-1.000000e+000
6.029500e+002,1.990800e+002,0,0,-1.000000e+000,-1.000000e+000
1.526800e+002,2.015500e+002,0,0,-1.000000e+000,-1.000000e+000
2.558900e+002,2.034700e+002,1,1,2.646500e+002,2.041900e+002
2.558900e+002,2.034700e+002,0,0,-1.000000e+000,-1.000000e+000
6.302600e+002,2.084700e+002,0,0,-1.000000e+000,-1.000000e+000
2.517900e+002,2.355300e+002,1,1,2.600100e+002,2.365500e+002
6.335700e+002,2.406100e+002,0,0,-1.000000e+000,-1.000000e+000
4.966700e+002,2.488300e+002,1,1,5.068600e+002,2.538800e+002
4.966700e+002,2.488300e+002,0,0,-1.000000e+000,-1.000000e+000
2.949300e+002,2.895600e+002,0,0,-1.000000e+000,-1.000000e+000
3.645500e+002,3.015600e+002,0,0,-1.000000e+000,-1.000000e+000
3.596600e+002,3.020200e+002,1,1,3.643600e+002,3.055400e+002
3.290200e+002,3.118100e+002,1,1,3.319900e+002,3.164700e+002
1.192600e+002,3.133600e+002,0,0,-1.000000e+000,-1.000000e+000
1.308700e+002,3.285100e+002,1,1,1.347400e+002,3.285900e+002
1.215000e+002,3.326000e+002,0,0,-1.000000e+000,-1.000000e+000
8.295000e+001,3.365800e+002,0,0,-1.000000e+000,-1.000000e+000
8.788000e+001,3.378100e+002,0,0,-1.000000e+000,-1.000000e+000
1.477200e+002,3.461000e+002,1,1,1.503800e+002,3.466500e+002
5.721000e+001,3.473200e+002,1,1,6.020000e+001,3.462800e+002
1.547500e+002,3.478300e+002,1,1,1.583600e+002,3.489100e+002
1.387100e+002,3.506400e+002,1,1,1.418100e+002,3.509600e+002
1.387100e+002,3.506400e+002,1,1,1.418100e+002,3.509600e+002
1.041400e+002,3.507500e+002,1,1,1.075100e+002,3.502000e+002
3.852000e+001,3.555400e+002,1,0,5.099000e+001,3.499000e+002
1.353000e+002,3.556200e+002,1,1,1.380200e+002,3.560000e+002
1.932000e+001,3.650100e+002,1,1,2.199000e+001,3.631800e+002
1.306300e+002,3.652700e+002,1,1,1.330000e+002,3.657000e+002
1.394800e+002,3.654400e+002,0,0,-1.000000e+000,-1.000000e+000
3.039500e+002,3.656500e+002,0,0,-1.000000e+000,-1.000000e+000
1.066000e+001,3.672600e+002,0,0,-1.000000e+000,-1.000000e+000
1.686000e+001,3.688700e+002,1,1,1.961000e+001,3.670700e+002
2.660000e+001,3.689700e+002,0,0,-1.000000e+000,-1.000000e+000
2.967000e+001,3.736300e+002,1,0,9.720000e+000,3.811200e+002
5.530000e+000,3.781900e+002,0,0,-1.000000e+000,-1.000000e+000
9.626000e+001,3.799600e+002,1,1,9.761000e+001,3.793700e+002
9.626000e+001,3.799600e+002,0,0,-1.000000e+000,-1.000000e+000
9.917000e+001,3.836300e+002,0,0,-1.000000e+000,-1.000000e+000
4.872000e+001,3.859300e+002,0,0,-1.000000e+000,-1.000000e+000
4.872000e+001,3.859300e+002,0,0,-1.000000e+000,-1.000000e+000
5.777100e+002,3.886700e+002,1,1,5.862300e+002,3.985300e+002
5.777100e+002,3.886700e+002,1,1,5.862300e+002,3.985300e+002
8.859000e+001,3.897400e+002,0,0,-1.000000e+000,-1.000000e+000
5.766000e+001,3.879600e+002,0,0,-1.000000e+000,-1.000000e+000
7.076000e+001,3.929800e+002,1,1,7.175000e+001,3.926400e+002
4.020000e+000,3.954200e+002,0,0,-1.000000e+000,-1.000000e+000
7.539000e+001,3.960800e+002,1,1,7.666000e+001,3.955300e+002
5.764000e+001,3.993600e+002,1,1,5.840000e+001,3.986400e+002
1.628000e+001,4.011100e+002,0,0,-1.000000e+000,-1.000000e+000
6.235000e+001,4.022500e+002,0,0,-1.000000e+000,-1.000000e+000
4.950000e+000,4.060000e+002,1,1,5.930000e+000,4.042300e+002
3.848000e+001,4.066200e+002,0,0,-1.000000e+000,-1.000000e+000
3.540000e+001,4.101700e+002,0,0,-1.000000e+000,-1.000000e+000
3.496000e+001,4.152900e+002,0,0,-1.000000e+000,-1.000000e+000
4.410000e+000,4.162000e+002,1,1,4.910000e+000,4.141300e+002
6.007600e+002,6.231000e+001,0,0,-1.000000e+000,-1.000000e+000
1.258000e+002,1.053900e+002,0,0,-1.000000e+000,-1.000000e+000
3.373500e+002,1.351000e+002,0,0,-1.000000e+000,-1.000000e+000
4.746000e+002,1.459100e+002,0,0,-1.000000e+000,-1.000000e+000
5.885000e+002,1.473600e+002,1,1,6.041100e+002,1.498000e+002
4.397400e+002,1.510700e+002,1,1,4.528700e+002,1.531100e+002
5.786900e+002,1.640700e+002,1,1,5.950200e+002,1.676700e+002
5.849900e+002,1.733500e+002,0,0,-1.000000e+000,-1.000000e+000
5.946000e+002,1.938300e+002,1,1,6.091500e+002,1.985100e+002
6.044300e+002,1.991900e+002,1,1,6.192500e+002,2.042300e+002
2.569700e+002,2.040300e+002,0,0,-1.000000e+000,-1.000000e+000
5.649500e+002,2.242000e+002,0,0,-1.000000e+000,-1.000000e+000
2.509700e+002,2.247500e+002,0,0,-1.000000e+000,-1.000000e+000
6.244400e+002,2.324500e+002,0,0,-1.000000e+000,-1.000000e+000
6.244400e+002,2.324500e+002,0,0,-1.000000e+000,-1.000000e+000
2.369100e+002,2.371700e+002,0,0,-1.000000e+000,-1.000000e+000
2.082500e+002,2.389200e+002,0,0,-1.000000e+000,-1.000000e+000
4.774100e+002,2.508400e+002,0,0,-1.000000e+000,-1.000000e+000
5.777600e+002,2.575800e+002,0,0,-1.000000e+000,-1.000000e+000
1.029300e+002,2.682400e+002,0,0,-1.000000e+000,-1.000000e+000
1.029300e+002,2.682400e+002,1,1,1.098500e+002,2.673500e+002
4.573600e+002,2.873200e+002,0,0,-1.000000e+000,-1.000000e+000
4.369300e+002,2.912400e+002,1,1,4.435500e+002,2.959900e+002
3.352800e+002,3.131300e+002,0,0,-1.000000e+000,-1.000000e+000
3.352800e+002,3.131300e+002,0,0,-1.000000e+000,-1.000000e+000
3.269000e+002,3.191000e+002,0,0,-1.000000e+000,-1.000000e+000
3.269000e+002,3.191000e+002,0,0,-1.000000e+000,-1.000000e+000
1.273300e+002,3.387700e+002,1,1,1.307500e+002,3.385100e+002
1.273300e+002,3.387700e+002,1,1,1.307500e+002,3.385100e+002
1.417600e+002,3.408600e+002,1,1,1.448900e+002,3.409200e+002
1.171200e+002,3.422900e+002,1,1,1.204200e+002,3.421600e+002
1.171200e+002,3.422900e+002,1,1,1.204200e+002,3.421600e+002
1.327200e+002,3.453400e+002,1,1,1.356600e+002,3.453500e+002
1.327200e+002,3.453400e+002,1,1,1.356600e+002,3.453500e+002
1.227900e+002,3.490200e+002,1,1,1.257200e+002,3.487900e+002
1.227900e+002,3.490200e+002,1,1,1.257200e+002,3.487900e+002
4.774000e+001,3.510700e+002,1,1,5.084000e+001,3.498300e+002
4.774000e+001,3.510700e+002,1,1,5.084000e+001,3.498300e+002
1.534200e+002,3.526100e+002,1,1,1.558500e+002,3.529700e+002
1.534200e+002,3.526100e+002,1,1,1.558500e+002,3.529700e+002
9.498000e+001,3.537100e+002,1,1,9.776000e+001,3.534000e+002
9.498000e+001,3.537100e+002,1,1,9.776000e+001,3.534000e+002
1.286000e+002,3.549600e+002,1,1,1.312300e+002,3.552600e+002
1.444400e+002,3.572100e+002,0,0,-1.000000e+000,-1.000000e+000
8.525000e+001,3.583000e+002,1,1,8.794000e+001,3.578200e+002
8.525000e+001,3.583000e+002,1,1,8.794000e+001,3.578200e+002
2.699000e+001,3.599600e+002,1,1,3.007000e+001,3.584900e+002
5.477000e+001,3.706000e+002,1,1,5.712000e+001,3.695500e+002
5.477000e+001,3.706000e+002,1,1,5.712000e+001,3.695500e+002
1.115900e+002,3.728500e+002,1,1,1.135600e+002,3.729300e+002
4.414000e+001,3.751400e+002,1,1,4.649000e+001,3.741200e+002
6.278000e+001,3.761500e+002,1,1,6.507000e+001,3.752800e+002
1.018500e+002,3.774800e+002,0,0,-1.000000e+000,-1.000000e+000
3.430000e+001,3.805600e+002,1,1,3.638000e+001,3.790500e+002
3.430000e+001,3.805600e+002,1,1,3.638000e+001,3.790500e+002
7.930000e+000,3.830600e+002,0,0,-1.000000e+000,-1.000000e+000
7.930000e+000,3.830600e+002,1,1,9.720000e+000,3.811200e+002
2.349000e+001,3.851100e+002,1,1,2.516000e+001,3.837100e+002
4.236000e+001,3.862500e+002,1,1,4.416000e+001,3.850800e+002
4.236000e+001,3.862500e+002,1,1,4.416000e+001,3.850800e+002
5.770500e+002,3.887100e+002,1,1,5.855900e+002,3.985600e+002
3.139000e+001,3.913200e+002,1,1,3.316000e+001,3.899400e+002
3.139000e+001,3.913200e+002,1,1,3.316000e+001,3.899400e+002
5.257000e+001,3.904800e+002,1,1,5.391000e+001,3.896600e+002
4.194000e+001,3.952900e+002,1,1,4.340000e+001,3.942400e+002
4.194000e+001,3.952900e+002,1,1,4.340000e+001,3.942400e+002
2.050000e+001,3.961200e+002,1,1,2.185000e+001,3.948800e+002
3.092000e+001,4.002700e+002,1,1,3.217000e+001,3.991400e+002
3.092000e+001,4.002700e+002,1,1,3.217000e+001,3.991400e+002
3.780000e+001,4.000100e+002,1,1,3.882000e+001,3.989500e+002
3.780000e+001,4.000100e+002,1,1,3.882000e+001,3.989500e+002
9.600000e+000,4.015800e+002,1,1,1.083000e+001,3.999000e+002
9.600000e+000,4.015800e+002,1,1,1.083000e+001,3.999000e+002
1.964000e+001,4.054000e+002,1,1,2.081000e+001,4.037900e+002
1.964000e+001,4.054000e+002,1,1,2.081000e+001,4.037900e+002
2.670000e+001,4.051100e+002,0,0,-1.000000e+000,-1.000000e+000
5.509000e+001,4.044700e+002,0,0,-1.000000e+000,-1.000000e+000
1.535000e+001,4.101200e+002,1,1,1.616000e+001,4.086400e+002
8.520000e+000,4.105400e+002,0,0,-1.000000e+000,-1.000000e+000
8.520000e+000,4.105400e+002,0,0,-1.000000e+000,-1.000000e+000
6.005400e+002,6.412000e+001,0,0,-1.000000e+000,-1.000000e+000
4.257400e+002,1.437100e+002,1,1,4.380700e+002,1.450900e+002
5.821700e+002,1.518700e+002,0,0,-1.000000e+000,-1.000000e+000
5.439700e+002,1.658300e+002,0,0,-1.000000e+000,-1.000000e+000
4.032800e+002,1.829500e+002,0,0,-1.000000e+000,-1.000000e+000
4.032800e+002,1.829500e+002,0,0,-1.000000e+000,-1.000000e+000
5.839900e+002,1.872100e+002,1,1,5.996100e+002,1.923600e+002
2.344900e+002,2.269000e+002,1,1,2.438500e+002,2.270200e+002
2.344900e+002,2.269000e+002,0,0,-1.000000e+000,-1.000000e+000
2.282900e+002,2.308200e+002,1,1,2.369900e+002,2.309300e+002
2.282900e+002,2.308200e+002,1,1,2.369900e+002,2.309300e+002
1.090700e+002,2.689900e+002,0,0,-1.000000e+000,-1.000000e+000
4.995800e+002,2.848700e+002,1,1,5.074600e+002,2.909300e+002
2.368600e+002,2.919900e+002,0,0,-1.000000e+000,-1.000000e+000
4.270700e+002,2.937100e+002,1,1,4.334700e+002,2.986400e+002
4.881000e+002,3.011100e+002,1,1,4.960300e+002,3.068300e+002
1.678200e+002,3.127900e+002,1,1,1.722000e+002,3.140100e+002
7.777000e+001,3.402800e+002,0,0,-1.000000e+000,-1.000000e+000
7.867000e+001,3.480400e+002,1,1,8.161000e+001,3.475100e+002
5.385000e+001,3.510400e+002,1,1,5.686000e+001,3.498200e+002
4.336000e+001,3.548400e+002,0,0,-1.000000e+000,-1.000000e+000
4.336000e+001,3.548400e+002,1,0,3.595000e+001,3.580300e+002
4.336000e+001,3.548400e+002,0,0,-1.000000e+000,-1.000000e+000
4.370000e+001,3.631100e+002,0,0,-1.000000e+000,-1.000000e+000
3.352000e+001,3.676200e+002,1,1,3.602000e+001,3.664700e+002
6.900000e+000,3.710500e+002,0,0,-1.000000e+000,-1.000000e+000
6.900000e+000,3.710500e+002,0,0,-1.000000e+000,-1.000000e+000
2.282000e+001,3.710500e+002,1,1,2.529000e+001,3.694500e+002
2.282000e+001,3.710500e+002,1,1,2.529000e+001,3.694500e+002
2.282000e+001,3.710500e+002,1,1,2.529000e+001,3.694500e+002
1.184700e+002,3.741100e+002,1,1,1.205500e+002,3.744100e+002
1.219000e+001,3.768100e+002,1,1,1.463000e+001,3.748400e+002
1.088200e+002,3.792700e+002,1,1,1.106100e+002,3.791300e+002
5.871400e+002,3.837800e+002,0,0,-1.000000e+000,-1.000000e+000
8.569000e+001,3.852000e+002,1,1,8.715000e+001,3.849000e+002
1.228000e+001,3.899900e+002,1,1,1.412000e+001,3.882800e+002
7.338000e+001,3.911100e+002,1,1,7.495000e+001,3.903700e+002
7.338000e+001,3.911100e+002,0,0,-1.000000e+000,-1.000000e+000
8.121000e+001,3.915900e+002,1,1,8.254000e+001,3.912300e+002
6.063000e+001,3.969000e+002,0,0,-1.000000e+000,-1.000000e+000
6.834000e+001,3.983700e+002,0,0,-1.000000e+000,-1.000000e+000
4.662000e+001,4.034000e+002,0,0,-1.000000e+000,-1.000000e+000
4.662000e+001,4.034000e+002,1,1,4.724000e+001,4.026500e+002
3.295000e+001,4.099600e+002,1,1,3.360000e+001,4.087700e+002
3.295000e+001,4.099600e+002,1,1,3.360000e+001,4.087700e+002
4.113000e+001,4.107700e+002,1,1,4.199000e+001,4.097700e+002
6.047400e+002,4.100000e+001,0,0,-1.000000e+000,-1.000000e+000
4.281700e+002,1.355800e+002,1,1,4.421700e+002,1.368900e+002
5.855300e+002,1.630000e+002,1,1,6.006500e+002,1.666000e+002
4.005600e+002,1.823300e+002,1,1,4.116700e+002,1.846100e+002
4.005600e+002,1.823300e+002,1,1,4.116700e+002,1.846100e+002
2.590200e+002,2.051100e+002,1,1,2.664500e+002,2.052600e+002
6.060800e+002,2.072600e+002,1,1,6.206700e+002,2.125700e+002
6.149100e+002,2.144800e+002,0,0,-1.000000e+000,-1.000000e+000
5.912600e+002,2.183900e+002,1,1,6.052300e+002,2.236100e+002
1.565100e+002,2.221000e+002,1,1,1.647000e+002,2.203200e+002
5.243800e+002,2.338000e+002,1,1,5.358800e+002,2.380900e+002
6.176300e+002,2.389000e+002,1,1,6.313500e+002,2.434800e+002
2.493100e+002,2.425300e+002,1,1,2.576700e+002,2.431300e+002
2.493100e+002,2.425300e+002,1,1,2.576700e+002,2.431300e+002
2.355900e+002,2.441000e+002,1,1,2.454200e+002,2.446500e+002
2.470200e+002,2.509900e+002,1,1,2.551300e+002,2.515800e+002
4.675800e+002,2.868800e+002,0,0,-1.000000e+000,-1.000000e+000
3.643600e+002,3.034400e+002,1,1,3.701700e+002,3.077300e+002
3.495000e+001,3.497800e+002,0,0,-1.000000e+000,-1.000000e+000
5.670000e+001,3.587500e+002,1,1,5.900000e+001,3.577300e+002
1.658400e+002,3.606500e+002,1,1,1.685900e+002,3.615900e+002
1.658400e+002,3.606500e+002,1,1,1.685900e+002,3.615900e+002
5.446900e+002,4.266800e+002,0,0,-1.000000e+000,-1.000000e+000
5.978300e+002,1.437000e+001,0,0,-1.000000e+000,-1.000000e+000
6.184100e+002,7.413000e+001,0,0,-1.000000e+000,-1.000000e+000
6.184100e+002,7.413000e+001,0,0,-1.000000e+000,-1.000000e+000
4.976800e+002,1.507500e+002,1,1,5.121200e+002,1.525500e+002
1.523400e+002,1.613200e+002,1,0,1.605000e+002,1.595900e+002
5.696100e+002,1.656500e+002,0,0,-1.000000e+000,-1.000000e+000
5.539000e+002,1.677600e+002,1,1,5.684200e+002,1.711400e+002
3.984300e+002,1.817800e+002,1,1,4.095200e+002,1.839300e+002
3.984300e+002,1.817800e+002,1,1,4.095200e+002,1.839300e+002
3.728400e+002,1.829000e+002,0,0,-1.000000e+000,-1.000000e+000
2.606300e+002,2.060500e+002,1,1,2.686100e+002,2.065600e+002
6.160000e+002,2.131400e+002,0,0,-1.000000e+000,-1.000000e+000
2.597000e+002,2.245000e+002,1,1,2.680000e+002,2.266700e+002
4.846900e+002,2.316000e+002,0,0,-1.000000e+000,-1.000000e+000
1.375400e+002,2.397800e+002,1,1,1.440700e+002,2.394000e+002
1.375400e+002,2.397800e+002,1,1,1.440700e+002,2.394000e+002
2.465900e+002,2.515700e+002,0,0,-1.000000e+000,-1.000000e+000
5.609600e+002,2.580000e+002,0,0,-1.000000e+000,-1.000000e+000
4.949300e+002,2.646800e+002,1,1,5.045000e+002,2.712800e+002
2.594000e+002,2.858100e+002,1,1,2.671700e+002,2.876400e+002
3.650600e+002,3.037900e+002,0,0,-1.000000e+000,-1.000000e+000
1.657700e+002,3.162200e+002,0,0,-1.000000e+000,-1.000000e+000
1.162600e+002,3.619000e+002,1,1,1.189400e+002,3.618900e+002
5.883400e+002,3.821400e+002,0,0,-1.000000e+000,-1.000000e+000
5.441700e+002,4.273400e+002,0,0,-1.000000e+000,-1.000000e+000
6.000600e+002,5.162000e+001,0,0,-1.000000e+000,-1.000000e+000
6.128200e+002,6.204000e+001,0,0,-1.000000e+000,-1.000000e+000
1.216700e+002,1.101200e+002,1,0,1.290800e+002,1.085300e+002
1.216700e+002,1.101200e+002,1,0,1.290800e+002,1.085300e+002
2.536900e+002,2.174500e+002,1,1,2.612500e+002,2.177800e+002
2.414900e+002,2.302400e+002,1,1,2.507800e+002,2.306400e+002
6.064500e+002,2.588300e+002,1,1,6.204500e+002,2.647100e+002
1.207000e+002,2.809800e+002,1,1,1.280100e+002,2.797200e+002
2.311100e+002,2.890700e+002,1,1,2.367400e+002,2.892200e+002
1.101500e+002,2.973100e+002,1,1,1.164300e+002,2.963000e+002
2.083000e+001,3.176000e+002,1,1,2.680000e+001,3.153900e+002
1.956500e+002,3.192300e+002,1,1,2.004300e+002,3.201900e+002
4.262800e+002,3.323800e+002,0,0,-1.000000e+000,-1.000000e+000
2.917800e+002,3.551900e+002,1,1,2.950700e+002,3.578100e+002
5.493900e+002,4.080900e+002,1,0,5.564700e+002,4.175700e+002
1.314900e+002,9.566000e+001,1,0,1.390200e+002,9.479000e+001
2.635200e+002,2.074100e+002,0,0,-1.000000e+000,-1.000000e+000
4.851900e+002,2.880600e+002,1,1,4.932000e+002,2.936800e+002
1.483600e+002,2.947900e+002,1,1,1.545500e+002,2.944000e+002
4.312300e+002,2.956900e+002,0,0,-1.000000e+000,-1.000000e+000
5.014900e+002,2.986700e+002,1,1,5.097300e+002,3.040000e+002
1.797100e+002,3.141100e+002,1,1,1.850600e+002,3.141600e+002
1.797100e+002,3.141100e+002,1,1,1.850600e+002,3.141600e+002
3.328000e+002,3.142400e+002,1,1,3.367700e+002,3.179500e+002
3.116000e+002,3.452000e+002,1,1,3.149000e+002,3.492900e+002
5.739600e+002,4.019200e+002,1,0,5.819600e+002,4.118300e+002
1.604900e+002,1.552400e+002,1,0,1.671300e+002,1.551200e+002
4.960900e+002,1.566400e+002,0,0,-1.000000e+000,-1.000000e+000
5.938000e+002,2.052700e+002,0,0,-1.000000e+000,-1.000000e+000
1.315600e+002,2.364100e+002,0,0,-1.000000e+000,-1.000000e+000
1.112600e+002,2.593700e+002,1,1,1.188200e+002,2.580200e+002
1.336100e+002,2.793200e+002,0,0,-1.000000e+000,-1.000000e+000
2.184300e+002,3.265700e+002,0,0,-1.000000e+000,-1.000000e+000
2.184300e+002,3.265700e+002,1,1,2.226500e+002,3.279700e+002
3.122400e+002,3.413600e+002,1,1,3.156800e+002,3.448300e+002
1.747100e+002,3.515200e+002,1,1,1.785200e+002,3.523500e+002
5.934300e+002,3.750500e+002,0,0,-1.000000e+000,-1.000000e+000
4.482400e+002,1.390300e+002,1,1,4.623000e+002,1.407200e+002
2.677600e+002,2.585800e+002,1,1,2.758800e+002,2.628400e+002
4.741100e+002,2.688400e+002,0,0,-1.000000e+000,-1.000000e+000
4.741100e+002,2.688400e+002,0,0,-1.000000e+000,-1.000000e+000
3.667300e+002,1.751000e+002,1,1,3.780600e+002,1.766800e+002
1.628800e+002,1.801800e+002,1,0,1.698100e+002,1.796400e+002
1.628800e+002,1.801800e+002,1,0,1.698100e+002,1.796400e+002
8.460000e+001,2.914000e+002,1,1,9.066000e+001,2.897700e+002
5.950000e+001,3.319100e+002,1,1,6.383000e+001,3.296700e+002
2.290800e+002,2.043900e+002,1,1,2.371200e+002,2.047800e+002
5.644800e+002,1.979100e+002,1,1,5.764700e+002,2.020200e+002
2.095900e+002,3.600100e+002,1,1,2.124800e+002,3.615700e+002
1.218700e+002,2.250700e+002,0,0,-1.000000e+000,-1.000000e+000
5.588900e+002,2.495700e+002,1,1,5.699400e+002,2.556900e+002
4.525300e+002,3.155800e+002,1,1,4.585800e+002,3.213000e+002
2.038400e+002,2.709500e+002,1,1,2.103200e+002,2.712300e+002
4.464800e+002,3.162300e+002,0,0,-1.000000e+000,-1.000000e+000
5.128600e+002,1.902700e+002,1,0,5.211400e+002,1.926900e+002
3.261400e+002,2.478100e+002,1,1,3.359400e+002,2.504800e+002
2.647300e+002,3.298300e+002,1,1,2.670500e+002,3.325300e+002
1.235100e+002,3.389600e+002,1,1,1.275600e+002,3.397300e+002