5.431200e+002,6.860000e+000,0,0,-1.000000e+000,-1.000000e+000
5.102700e+002,1.015000e+001,1,0,4.862900e+002,1.281000e+001
4.142400e+002,1.039000e+001,0,0,-1.000000e+000,-1.000000e+000
6.275000e+002,2.307000e+001,1,0,6.104300e+002,2.797000e+001
5.130200e+002,2.371000e+001,1,1,5.230300e+002,2.468000e+001
5.130200e+002,2.371000e+001,1,1,5.230300e+002,2.468000e+001
5.616300e+002,3.687000e+001,0,0,-1.000000e+000,-1.000000e+000
6.360400e+002,4.815000e+001,0,0,-1.000000e+000,-1.000000e+000
5.264800e+002,4.886000e+001,0,0,-1.000000e+000,-1.000000e+000
6.339200e+002,5.089000e+001,0,0,-1.000000e+000,-1.000000e+000
6.002100e+002,5.395000e+001,0,0,-1.000000e+000,-1.000000e+000
6.026600e+002,5.592000e+001,0,0,-1.000000e+000,-1.000000e+000
4.100200e+002,5.981000e+001,0,0,-1.000000e+000,-1.000000e+000
5.805600e+002,5.974000e+001,1,0,5.948400e+002,6.632000e+001
5.805600e+002,5.974000e+001,0,0,-1.000000e+000,-1.000000e+000
4.957300e+002,7.932000e+001,0,0,-1.000000e+000,-1.000000e+000
4.979100e+002,7.922000e+001,0,0,-1.000000e+000,-1.000000e+000
4.979100e+002,7.922000e+001,0,0,-1.000000e+000,-1.000000e+000
1.075100e+002,8.888000e+001,0,0,-1.000000e+000,-1.000000e+000
1.037000e+002,8.935000e+001,1,1,1.080600e+002,8.527000e+001
7.643000e+001,9.256000e+001,0,0,-1.000000e+000,-1.000000e+000
3.191000e+001,9.854000e+001,0,0,-1.000000e+000,-1.000000e+000
5.597100e+002,9.840000e+001,0,0,-1.000000e+000,-1.000000e+000
1.877000e+001,1.005000e+002,1,0,6.096000e+001,9.055000e+001
1.099900e+002,1.018300e+002,0,0,-1.000000e+000,-1.000000e+000
1.258300e+002,1.020600e+002,0,0,-1.000000e+000,-1.000000e+000
5.037000e+002,1.020000e+002,1,1,5.127500e+002,1.042500e+002
4.073400e+002,1.023700e+002,0,0,-1.000000e+000,-1.000000e+000
5.595700e+002,1.028000e+002,0,0,-1.000000e+000,-1.000000e+000
1.151100e+002,1.034800e+002,0,0,-1.000000e+000,-1.000000e+000
9.312000e+001,1.042000e+002,1,0,4.770000e+001,1.062500e+002
8.549000e+001,1.050400e+002,1,0,9.656000e+001,9.994000e+001
1.032800e+002,1.051000e+002,0,0,-1.000000e+000,-1.000000e+000
5.752200e+002,1.055400e+002,0,0,-1.000000e+000,-1.000000e+000
7.199000e+001,1.072800e+002,0,0,-1.000000e+000,-1.000000e+000
6.392000e+001,1.082900e+002,0,0,-1.000000e+000,-1.000000e+000
4.041200e+002,1.113700e+002,0,0,-1.000000e+000,-1.000000e+000
4.715200e+002,1.139800e+002,0,0,-1.000000e+000,-1.000000e+000
4.715200e+002,1.139800e+002,0,0,-1.000000e+000,-1.000000e+000
4.088500e+002,1.146600e+002,0,0,-1.000000e+000,-1.000000e+000
4.541000e+002,1.144200e+002,0,0,-1.000000e+000,-1.000000e+000
4.656400e+002,1.149200e+002,0,0,-1.000000e+000,-1.000000e+000
4.656400e+002,1.149200e+002,0,0,-1.000000e+000,-1.000000e+000
4.598200e+002,1.158300e+002,0,0,-1.000000e+000,-1.000000e+000
5.712900e+002,1.160400e+002,0,0,-1.000000e+000,-1.000000e+000
1.812000e+001,1.171300e+002,0,0,-1.000000e+000,-1.000000e+000
4.460900e+002,1.183100e+002,0,0,-1.000000e+000,-1.000000e+000
4.460900e+002,1.183100e+002,0,0,-1.000000e+000,-1.000000e+000
5.318200e+002,1.193000e+002,0,0,-1.000000e+000,-1.000000e+000
5.318200e+002,1.193000e+002,0,0,-1.000000e+000,-1.000000e+000
4.312700e+002,1.215200e+002,0,0,-1.000000e+000,-1.000000e+000
4.312700e+002,1.215200e+002,0,0,-1.000000e+000,-1.000000e+000
5.568300e+002,1.253000e+002,0,0,-1.000000e+000,-1.000000e+000
3.583500e+002,1.284100e+002,1,1,3.638000e+002,1.284800e+002
4.040200e+002,1.289500e+002,0,0,-1.000000e+000,-1.000000e+000
1.370600e+002,1.307800e+002,0,0,-1.000000e+000,-1.000000e+000
4.107200e+002,1.336300e+002,0,0,-1.000000e+000,-1.000000e+000
4.751400e+002,1.335300e+002,0,0,-1.000000e+000,-1.000000e+000
5.555000e+002,1.357600e+002,0,0,-1.000000e+000,-1.000000e+000
5.709800e+002,1.360800e+002,0,0,-1.000000e+000,-1.000000e+000
4.815100e+002,1.363800e+002,0,0,-1.000000e+000,-1.000000e+000
3.837700e+002,1.373500e+002,0,0,-1.000000e+000,-1.000000e+000
4.851500e+002,1.379600e+002,0,0,-1.000000e+000,-1.000000e+000
5.227600e+002,1.401300e+002,0,0,-1.000000e+000,-1.000000e+000
3.827200e+002,1.405700e+002,0,0,-1.000000e+000,-1.000000e+000
3.651300e+002,1.411600e+002,0,0,-1.000000e+000,-1.000000e+000
4.207900e+002,1.444000e+002,0,0,-1.000000e+000,-1.000000e+000
3.559200e+002,1.458000e+002,0,0,-1.000000e+000,-1.000000e+000
5.042100e+002,1.495800e+002,0,0,-1.000000e+000,-1.000000e+000
5.690700e+002,1.539700e+002,1,0,5.927400e+002,1.686000e+002
2.185900e+002,1.544600e+002,1,1,2.212100e+002,1.526800e+002
5.217500e+002,1.546200e+002,0,0,-1.000000e+000,-1.000000e+000
5.567000e+002,1.544900e+002,0,0,-1.000000e+000,-1.000000e+000
1.542700e+002,1.617800e+002,0,0,-1.000000e+000,-1.000000e+000
6.248000e+002,1.620400e+002,0,0,-1.000000e+000,-1.000000e+000
5.525400e+002,1.639900e+002,0,0,-1.000000e+000,-1.000000e+000
6.203100e+002,1.655200e+002,0,0,-1.000000e+000,-1.000000e+000
3.876200e+002,1.685700e+002,0,0,-1.000000e+000,-1.000000e+000
5.949100e+002,1.712100e+002,0,0,-1.000000e+000,-1.000000e+000
6.036400e+002,1.709800e+002,0,0,-1.000000e+000,-1.000000e+000
6.036400e+002,1.709800e+002,0,0,-1.000000e+000,-1.000000e+000
5.584000e+002,1.719700e+002,0,0,-1.000000e+000,-1.000000e+000
4.023500e+002,1.744600e+002,1,1,4.078300e+002,1.771100e+002
6.111300e+002,1.744100e+002,0,0,-1.000000e+000,-1.000000e+000
6.324500e+002,1.766600e+002,0,0,-1.000000e+000,-1.000000e+000
3.633500e+002,1.771300e+002,0,0,-1.000000e+000,-1.000000e+000
6.281900e+002,1.784800e+002,0,0,-1.000000e+000,-1.000000e+000
4.102900e+002,1.792500e+002,0,0,-1.000000e+000,-1.000000e+000
6.335400e+002,1.793400e+002,0,0,-1.000000e+000,-1.000000e+000
1.839300e+002,1.800100e+002,0,0,-1.000000e+000,-1.000000e+000
6.189300e+002,1.822100e+002,0,0,-1.000000e+000,-1.000000e+000
6.120600e+002,1.826400e+002,0,0,-1.000000e+000,-1.000000e+000
4.187100e+002,1.839000e+002,0,0,-1.000000e+000,-1.000000e+000
1.567700e+002,1.854600e+002,0,0,-1.000000e+000,-1.000000e+000
1.567700e+002,1.854600e+002,0,0,-1.000000e+000,-1.000000e+000
6.042200e+002,1.865600e+002,0,0,-1.000000e+000,-1.000000e+000
2.852100e+002,1.880200e+002,1,1,2.874400e+002,1.878400e+002
6.356400e+002,1.902700e+002,0,0,-1.000000e+000,-1.000000e+000
5.994300e+002,1.921500e+002,0,0,-1.000000e+000,-1.000000e+000
2.531600e+002,1.950300e+002,1,1,2.544700e+002,1.945200e+002
5.697900e+002,1.951600e+002,0,0,-1.000000e+000,-1.000000e+000
5.632300e+002,1.970900e+002,0,0,-1.000000e+000,-1.000000e+000
6.191900e+002,1.978000e+002,0,0,-1.000000e+000,-1.000000e+000
4.446300e+002,1.994100e+002,1,0,4.442600e+002,1.994300e+002
5.475600e+002,1.994400e+002,0,0,-1.000000e+000,-1.000000e+000
1.470500e+002,2.019700e+002,0,0,-1.000000e+000,-1.000000e+000
6.100300e+002,2.019600e+002,0,0,-1.000000e+000,-1.000000e+000
6.147800e+002,2.020100e+002,0,0,-1.000000e+000,-1.000000e+000
4.339100e+002,2.030700e+002,0,0,-1.000000e+000,-1.000000e+000
5.937000e+002,2.049000e+002,0,0,-1.000000e+000,-1.000000e+000
5.937000e+002,2.049000e+002,0,0,-1.000000e+000,-1.000000e+000
4.550700e+002,2.057100e+002,1,0,4.239000e+002,1.872000e+002
6.019600e+002,2.056200e+002,0,0,-1.000000e+000,-1.000000e+000
1.476500e+002,2.066400e+002,0,0,-1.000000e+000,-1.000000e+000
1.449100e+002,2.076100e+002,0,0,-1.000000e+000,-1.000000e+000
5.975500e+002,2.073900e+002,0,0,-1.000000e+000,-1.000000e+000
5.894800e+002,2.080500e+002,0,0,-1.000000e+000,-1.000000e+000
4.598000e+002,2.084000e+002,0,0,-1.000000e+000,-1.000000e+000
4.671400e+002,2.125500e+002,0,0,-1.000000e+000,-1.000000e+000
4.885600e+002,2.164300e+002,0,0,-1.000000e+000,-1.000000e+000
4.697700e+002,2.169600e+002,0,0,-1.000000e+000,-1.000000e+000
2.312300e+002,2.178900e+002,0,0,-1.000000e+000,-1.000000e+000
1.600100e+002,2.204400e+002,0,0,-1.000000e+000,-1.000000e+000
1.600100e+002,2.204400e+002,0,0,-1.000000e+000,-1.000000e+000
5.831900e+002,2.230000e+002,0,0,-1.000000e+000,-1.000000e+000
2.716600e+002,2.233900e+002,0,0,-1.000000e+000,-1.000000e+000
1.994000e+002,2.250600e+002,0,0,-1.000000e+000,-1.000000e+000
6.345100e+002,2.252800e+002,0,0,-1.000000e+000,-1.000000e+000
6.249400e+002,2.269400e+002,0,0,-1.000000e+000,-1.000000e+000
6.292400e+002,2.271900e+002,0,0,-1.000000e+000,-1.000000e+000
6.125800e+002,2.273300e+002,0,0,-1.000000e+000,-1.000000e+000
6.344400e+002,2.281200e+002,0,0,-1.000000e+000,-1.000000e+000
4.659300e+002,2.284300e+002,0,0,-1.000000e+000,-1.000000e+000
4.636300e+002,2.296700e+002,0,0,-1.000000e+000,-1.000000e+000
1.475600e+002,2.305500e+002,1,0,1.580400e+002,2.077100e+002
2.801900e+002,2.305500e+002,0,0,-1.000000e+000,-1.000000e+000
2.036900e+002,2.320400e+002,0,0,-1.000000e+000,-1.000000e+000
2.001600e+002,2.335500e+002,0,0,-1.000000e+000,-1.000000e+000
1.506000e+002,2.364400e+002,0,0,-1.000000e+000,-1.000000e+000
5.686300e+002,2.370100e+002,0,0,-1.000000e+000,-1.000000e+000
2.309800e+002,2.418500e+002,0,0,-1.000000e+000,-1.000000e+000
1.472800e+002,2.434400e+002,0,0,-1.000000e+000,-1.000000e+000
2.875700e+002,2.446400e+002,0,0,-1.000000e+000,-1.000000e+000
1.416200e+002,2.449800e+002,0,0,-1.000000e+000,-1.000000e+000
1.376600e+002,2.458800e+002,0,0,-1.000000e+000,-1.000000e+000
1.314500e+002,2.471900e+002,0,0,-1.000000e+000,-1.000000e+000
1.599000e+002,2.481300e+002,0,0,-1.000000e+000,-1.000000e+000
2.904500e+002,2.481000e+002,0,0,-1.000000e+000,-1.000000e+000
2.564000e+002,2.549900e+002,0,0,-1.000000e+000,-1.000000e+000
4.883000e+002,2.548900e+002,0,0,-1.000000e+000,-1.000000e+000
4.853400e+002,2.557200e+002,0,0,-1.000000e+000,-1.000000e+000
4.784100e+002,2.573900e+002,0,0,-1.000000e+000,-1.000000e+000
4.675900e+002,2.603500e+002,0,0,-1.000000e+000,-1.000000e+000
1.073400e+002,2.630100e+002,1,1,1.067600e+002,2.602800e+002
1.073400e+002,2.630100e+002,1,1,1.067600e+002,2.602800e+002
4.525900e+002,2.635100e+002,0,0,-1.000000e+000,-1.000000e+000
4.387100e+002,2.671600e+002,0,0,-1.000000e+000,-1.000000e+000
7.477000e+001,2.705000e+002,0,0,-1.000000e+000,-1.000000e+000
1.425500e+002,2.723500e+002,0,0,-1.000000e+000,-1.000000e+000
4.298300e+002,2.729400e+002,0,0,-1.000000e+000,-1.000000e+000
1.448700e+002,2.734700e+002,0,0,-1.000000e+000,-1.000000e+000
3.740600e+002,2.770700e+002,0,0,-1.000000e+000,-1.000000e+000
2.690100e+002,2.779900e+002,0,0,-1.000000e+000,-1.000000e+000
3.695000e+002,2.801900e+002,0,0,-1.000000e+000,-1.000000e+000
4.736800e+002,2.800700e+002,0,0,-1.000000e+000,-1.000000e+000
1.432200e+002,2.819200e+002,1,1,1.417300e+002,2.806900e+002
1.411000e+002,2.845300e+002,0,0,-1.000000e+000,-1.000000e+000
1.438300e+002,2.856400e+002,0,0,-1.000000e+000,-1.000000e+000
3.300200e+002,2.860400e+002,0,0,-1.000000e+000,-1.000000e+000
4.864200e+002,2.898900e+002,1,1,4.884300e+002,2.955700e+002
1.372500e+002,2.905000e+002,0,0,-1.000000e+000,-1.000000e+000
1.881700e+002,2.952400e+002,0,0,-1.000000e+000,-1.000000e+000
3.452200e+002,2.962600e+002,0,0,-1.000000e+000,-1.000000e+000
1.868400e+002,2.973900e+002,0,0,-1.000000e+000,-1.000000e+000
2.201100e+002,2.989900e+002,0,0,-1.000000e+000,-1.000000e+000
1.828800e+002,3.007600e+002,0,0,-1.000000e+000,-1.000000e+000
1.330700e+002,3.008700e+002,1,1,1.292700e+002,2.997800e+002
4.348700e+002,3.010900e+002,0,0,-1.000000e+000,-1.000000e+000
1.660100e+002,3.018200e+002,0,0,-1.000000e+000,-1.000000e+000
1.798000e+002,3.022300e+002,1,1,1.777800e+002,3.014900e+002
1.986900e+002,3.029500e+002,0,0,-1.000000e+000,-1.000000e+000
1.374200e+002,3.046500e+002,0,0,-1.000000e+000,-1.000000e+000
4.748600e+002,3.085500e+002,0,0,-1.000000e+000,-1.000000e+000
2.194500e+002,3.171100e+002,0,0,-1.000000e+000,-1.000000e+000
9.087000e+001,3.177100e+002,0,0,-1.000000e+000,-1.000000e+000
1.454600e+002,3.188000e+002,0,0,-1.000000e+000,-1.000000e+000
1.426500e+002,3.196400e+002,0,0,-1.000000e+000,-1.000000e+000
1.426500e+002,3.196400e+002,0,0,-1.000000e+000,-1.000000e+000
5.323700e+002,3.195900e+002,0,0,-1.000000e+000,-1.000000e+000
5.323700e+002,3.195900e+002,0,0,-1.000000e+000,-1.000000e+000
1.343800e+002,3.238000e+002,0,0,-1.000000e+000,-1.000000e+000
1.343800e+002,3.238000e+002,1,1,1.302700e+002,3.229000e+002
1.039800e+002,3.247800e+002,0,0,-1.000000e+000,-1.000000e+000
1.039800e+002,3.247800e+002,0,0,-1.000000e+000,-1.000000e+000
2.283200e+002,3.258100e+002,0,0,-1.000000e+000,-1.000000e+000
1.335000e+002,3.267100e+002,0,0,-1.000000e+000,-1.000000e+000
9.488000e+001,3.288300e+002,0,0,-1.000000e+000,-1.000000e+000
9.488000e+001,3.288300e+002,0,0,-1.000000e+000,-1.000000e+000
5.499700e+002,3.290400e+002,1,0,5.417000e+002,3.284400e+002
5.431600e+002,3.301000e+002,0,0,-1.000000e+000,-1.000000e+000
2.705000e+002,3.317500e+002,0,0,-1.000000e+000,-1.000000e+000
1.693300e+002,3.318700e+002,0,0,-1.000000e+000,-1.000000e+000
1.247100e+002,3.324200e+002,1,1,1.205300e+002,3.314100e+002
1.071700e+002,3.330900e+002,1,1,1.026800e+002,3.316800e+002
1.133800e+002,3.343300e+002,0,0,-1.000000e+000,-1.000000e+000
1.690100e+002,3.345700e+002,0,0,-1.000000e+000,-1.000000e+000
1.036200e+002,3.349700e+002,0,0,-1.000000e+000,-1.000000e+000
1.616300e+002,3.364300e+002,1,0,1.480200e+002,3.405300e+002
1.616300e+002,3.364300e+002,0,0,-1.000000e+000,-1.000000e+000
1.807400e+002,3.367600e+002,1,1,1.764000e+002,3.369700e+002
1.128300e+002,3.371300e+002,0,0,-1.000000e+000,-1.000000e+000
9.831000e+001,3.374600e+002,0,0,-1.000000e+000,-1.000000e+000
1.048200e+002,3.386500e+002,0,0,-1.000000e+000,-1.000000e+000
1.048200e+002,3.386500e+002,1,1,9.986000e+001,3.374500e+002
7.314000e+001,3.397100e+002,0,0,-1.000000e+000,-1.000000e+000
7.314000e+001,3.397100e+002,0,0,-1.000000e+000,-1.000000e+000
1.193600e+002,3.401400e+002,0,0,-1.000000e+000,-1.000000e+000
1.240300e+002,3.400900e+002,0,0,-1.000000e+000,-1.000000e+000
1.367400e+002,3.398500e+002,0,0,-1.000000e+000,-1.000000e+000
5.616500e+002,3.401000e+002,0,0,-1.000000e+000,-1.000000e+000
5.616500e+002,3.401000e+002,0,0,-1.000000e+000,-1.000000e+000
1.530300e+002,3.407400e+002,0,0,-1.000000e+000,-1.000000e+000
1.310300e+002,3.421200e+002,0,0,-1.000000e+000,-1.000000e+000
1.310300e+002,3.421200e+002,0,0,-1.000000e+000,-1.000000e+000
1.678700e+002,3.418100e+002,1,1,1.630500e+002,3.418700e+002
1.678700e+002,3.418100e+002,1,1,1.630500e+002,3.418700e+002
1.698200e+002,3.430700e+002,0,0,-1.000000e+000,-1.000000e+000
1.521100e+002,3.433600e+002,0,0,-1.000000e+000,-1.000000e+000
5.618200e+002,3.432400e+002,0,0,-1.000000e+000,-1.000000e+000
6.367000e+001,3.442000e+002,0,0,-1.000000e+000,-1.000000e+000
1.103500e+002,3.445900e+002,0,0,-1.000000e+000,-1.000000e+000
5.950800e+002,3.456200e+002,0,0,-1.000000e+000,-1.000000e+000
3.463000e+001,3.459300e+002,0,0,-1.000000e+000,-1.000000e+000
5.664700e+002,3.465400e+002,0,0,-1.000000e+000,-1.000000e+000
3.430000e+001,3.485000e+002,0,0,-1.000000e+000,-1.000000e+000
5.414000e+001,3.490300e+002,0,0,-1.000000e+000,-1.000000e+000
5.414000e+001,3.490300e+002,0,0,-1.000000e+000,-1.000000e+000
7.475000e+001,3.490500e+002,0,0,-1.000000e+000,-1.000000e+000
1.009700e+002,3.495400e+002,1,1,9.529000e+001,3.484500e+002
6.702000e+001,3.503200e+002,1,0,5.192000e+001,3.530700e+002
3.698000e+001,3.508500e+002,1,1,3.031000e+001,3.483800e+002
9.828000e+001,3.510900e+002,1,1,9.220000e+001,3.491700e+002
9.632000e+001,3.526100e+002,0,0,-1.000000e+000,-1.000000e+000
9.632000e+001,3.526100e+002,0,0,-1.000000e+000,-1.000000e+000
6.681000e+001,3.532500e+002,0,0,-1.000000e+000,-1.000000e+000
1.011100e+002,3.538000e+002,1,1,9.553000e+001,3.528000e+002
1.514400e+002,3.565000e+002,1,1,1.452000e+002,3.558100e+002
5.683600e+002,3.569500e+002,0,0,-1.000000e+000,-1.000000e+000
1.387300e+002,3.574700e+002,0,0,-1.000000e+000,-1.000000e+000
1.387300e+002,3.574700e+002,1,1,1.332100e+002,3.573200e+002
1.501600e+002,3.594900e+002,1,1,1.447400e+002,3.595600e+002
5.624200e+002,3.596800e+002,0,0,-1.000000e+000,-1.000000e+000
8.710000e+001,3.622100e+002,0,0,-1.000000e+000,-1.000000e+000
8.710000e+001,3.622100e+002,0,0,-1.000000e+000,-1.000000e+000
2.212300e+002,3.619900e+002,0,0,-1.000000e+000,-1.000000e+000
1.302700e+002,3.624400e+002,0,0,-1.000000e+000,-1.000000e+000
1.302700e+002,3.624400e+002,0,0,-1.000000e+000,-1.000000e+000
3.423000e+001,3.670400e+002,0,0,-1.000000e+000,-1.000000e+000
8.255000e+001,3.685500e+002,0,0,-1.000000e+000,-1.000000e+000
2.377000e+001,3.719500e+002,0,0,-1.000000e+000,-1.000000e+000
1.205400e+002,3.720500e+002,1,1,1.139800e+002,3.714400e+002
5.857200e+002,3.729100e+002,0,0,-1.000000e+000,-1.000000e+000
2.560000e+001,3.741100e+002,0,0,-1.000000e+000,-1.000000e+000
5.225300e+002,3.766300e+002,0,0,-1.000000e+000,-1.000000e+000
6.311000e+001,3.785200e+002,0,0,-1.000000e+000,-1.000000e+000
7.447000e+001,3.822000e+002,1,1,6.756000e+001,3.812200e+002
1.092600e+002,3.819200e+002,1,0,7.815000e+001,3.944000e+002
8.929000e+001,3.824900e+002,0,0,-1.000000e+000,-1.000000e+000
1.402900e+002,3.828000e+002,0,0,-1.000000e+000,-1.000000e+000
1.402900e+002,3.828000e+002,1,0,9.239000e+001,4.064600e+002
5.026500e+002,3.849000e+002,1,0,5.478100e+002,3.799700e+002
4.989100e+002,3.864500e+002,0,0,-1.000000e+000,-1.000000e+000
3.459000e+001,3.877700e+002,0,0,-1.000000e+000,-1.000000e+000
3.459000e+001,3.877700e+002,0,0,-1.000000e+000,-1.000000e+000
4.949000e+002,3.881500e+002,1,0,5.434500e+002,3.980700e+002
4.910200e+002,3.896100e+002,0,0,-1.000000e+000,-1.000000e+000
1.398000e+001,3.942000e+002,0,0,-1.000000e+000,-1.000000e+000
5.054000e+002,3.995300e+002,0,0,-1.000000e+000,-1.000000e+000
1.113800e+002,3.998900e+002,0,0,-1.000000e+000,-1.000000e+000
1.113800e+002,3.998900e+002,0,0,-1.000000e+000,-1.000000e+000
1.151500e+002,4.003700e+002,0,0,-1.000000e+000,-1.000000e+000
1.057300e+002,4.033300e+002,0,0,-1.000000e+000,-1.000000e+000
1.057300e+002,4.033300e+002,0,0,-1.000000e+000,-1.000000e+000
4.915500e+002,4.052300e+002,0,0,-1.000000e+000,-1.000000e+000
3.378000e+001,4.074300e+002,0,0,-1.000000e+000,-1.000000e+000
4.419000e+002,4.097300e+002,1,0,3.953700e+002,4.340100e+002
4.327000e+002,4.108200e+002,0,0,-1.000000e+000,-1.000000e+000
4.396000e+002,4.109100e+002,0,0,-1.000000e+000,-1.000000e+000
4.304000e+002,4.145300e+002,0,0,-1.000000e+000,-1.000000e+000
4.267600e+002,4.160400e+002,0,0,-1.000000e+000,-1.000000e+000
4.155300e+002,4.206000e+002,1,0,3.787200e+002,4.403500e+002
1.058000e+001,4.222100e+002,0,0,-1.000000e+000,-1.000000e+000
1.058000e+001,4.222100e+002,0,0,-1.000000e+000,-1.000000e+000
4.118900e+002,4.220600e+002,0,0,-1.000000e+000,-1.000000e+000
1.039000e+001,4.222600e+002,0,0,-1.000000e+000,-1.000000e+000
1.039000e+001,4.222600e+002,0,0,-1.000000e+000,-1.000000e+000
7.243000e+001,4.259700e+002,0,0,-1.000000e+000,-1.000000e+000
6.863000e+001,4.281200e+002,0,0,-1.000000e+000,-1.000000e+000
3.925200e+002,4.299100e+002,0,0,-1.000000e+000,-1.000000e+000
5.892000e+001,4.310900e+002,0,0,-1.000000e+000,-1.000000e+000
5.892000e+001,4.310900e+002,0,0,-1.000000e+000,-1.000000e+000
5.402000e+001,4.339000e+002,0,0,-1.000000e+000,-1.000000e+000
5.402000e+001,4.339000e+002,0,0,-1.000000e+000,-1.000000e+000
4.902000e+001,4.368900e+002,0,0,-1.000000e+000,-1.000000e+000
4.902000e+001,4.368900e+002,0,0,-1.000000e+000,-1.000000e+000
3.724000e+002,4.379300e+002,0,0,-1.000000e+000,-1.000000e+000
3.727000e+001,4.434700e+002,0,0,-1.000000e+000,-1.000000e+000
3.727000e+001,4.434700e+002,0,0,-1.000000e+000,-1.000000e+000
3.456000e+001,4.480700e+002,1,0,6.666000e+001,4.240100e+002
2.084000e+001,4.552800e+002,0,0,-1.000000e+000,-1.000000e+000
1.040000e+001,4.584200e+002,1,0,2.897000e+001,4.418900e+002
1.040000e+001,4.584200e+002,0,0,-1.000000e+000,-1.000000e+000
3.187100e+002,4.591600e+002,1,1,3.097300e+002,4.656900e+002
3.110000e+002,4.620700e+002,1,0,2.989600e+002,4.695200e+002
2.610000e+000,4.624400e+002,0,0,-1.000000e+000,-1.000000e+000
2.610000e+000,4.624400e+002,0,0,-1.000000e+000,-1.000000e+000
4.149700e+002,3.330000e+000,0,0,-1.000000e+000,-1.000000e+000
4.164900e+002,2.049000e+001,0,0,-1.000000e+000,-1.000000e+000
4.164900e+002,2.049000e+001,0,0,-1.000000e+000,-1.000000e+000
5.673500e+002,2.942000e+001,1,1,5.794700e+002,3.090000e+001
5.800400e+002,6.459000e+001,0,0,-1.000000e+000,-1.000000e+000
5.795100e+002,6.901000e+001,0,0,-1.000000e+000,-1.000000e+000
5.790300e+002,7.364000e+001,0,0,-1.000000e+000,-1.000000e+000
2.383200e+002,7.498000e+001,0,0,-1.000000e+000,-1.000000e+000
2.383200e+002,7.498000e+001,0,0,-1.000000e+000,-1.000000e+000
2.383200e+002,7.498000e+001,0,0,-1.000000e+000,-1.000000e+000
6.890000e+000,1.017300e+002,0,0,-1.000000e+000,-1.000000e+000
4.419800e+002,1.194500e+002,0,0,-1.000000e+000,-1.000000e+000
4.128000e+002,1.205000e+002,1,1,4.197600e+002,1.212900e+002
4.362200e+002,1.202600e+002,0,0,-1.000000e+000,-1.000000e+000
5.558400e+002,1.303400e+002,0,0,-1.000000e+000,-1.000000e+000
4.398500e+002,1.386200e+002,0,0,-1.000000e+000,-1.000000e+000
4.184900e+002,1.422200e+002,0,0,-1.000000e+000,-1.000000e+000
5.003000e+002,1.446200e+002,0,0,-1.000000e+000,-1.000000e+000
5.541400e+002,1.449400e+002,0,0,-1.000000e+000,-1.000000e+000
5.132300e+002,1.508100e+002,0,0,-1.000000e+000,-1.000000e+000
3.144200e+002,1.531500e+002,1,1,3.185300e+002,1.528300e+002
5.529800e+002,1.544500e+002,1,1,5.605900e+002,1.579900e+002
3.692900e+002,1.549800e+002,1,1,3.734600e+002,1.556600e+002
5.413800e+002,1.551900e+002,0,0,-1.000000e+000,-1.000000e+000
1.423300e+002,1.577200e+002,0,0,-1.000000e+000,-1.000000e+000
3.032400e+002,1.628600e+002,0,0,-1.000000e+000,-1.000000e+000
5.550100e+002,1.698500e+002,0,0,-1.000000e+000,-1.000000e+000
5.668700e+002,1.752800e+002,1,1,5.749700e+002,1.800300e+002
6.154100e+002,1.804200e+002,0,0,-1.000000e+000,-1.000000e+000
6.147700e+002,1.843600e+002,0,0,-1.000000e+000,-1.000000e+000
6.109100e+002,1.863400e+002,0,0,-1.000000e+000,-1.000000e+000
6.065800e+002,1.885000e+002,0,0,-1.000000e+000,-1.000000e+000
6.314800e+002,1.944900e+002,0,0,-1.000000e+000,-1.000000e+000
6.228400e+002,1.960500e+002,0,0,-1.000000e+000,-1.000000e+000
5.855800e+002,1.973800e+002,0,0,-1.000000e+000,-1.000000e+000
5.909200e+002,1.973200e+002,0,0,-1.000000e+000,-1.000000e+000
2.512300e+002,1.978800e+002,1,1,2.520400e+002,1.973100e+002
5.516500e+002,2.011800e+002,0,0,-1.000000e+000,-1.000000e+000
6.057200e+002,2.038100e+002,0,0,-1.000000e+000,-1.000000e+000
5.861400e+002,2.089800e+002,1,1,5.945300e+002,2.151100e+002
5.861400e+002,2.089800e+002,1,1,5.945300e+002,2.151100e+002
6.001400e+002,2.097200e+002,0,0,-1.000000e+000,-1.000000e+000
5.893400e+002,2.109400e+002,0,0,-1.000000e+000,-1.000000e+000
5.893400e+002,2.109400e+002,0,0,-1.000000e+000,-1.000000e+000
5.950400e+002,2.155000e+002,1,1,6.026600e+002,2.215000e+002
2.499400e+002,2.170000e+002,1,1,2.504200e+002,2.166700e+002
6.333400e+002,2.208700e+002,0,0,-1.000000e+000,-1.000000e+000
4.907100e+002,2.230000e+002,1,1,4.945000e+002,2.275100e+002
4.907100e+002,2.230000e+002,1,1,4.945000e+002,2.275100e+002
2.750100e+002,2.233200e+002,1,0,2.790000e+002,2.288500e+002
5.799400e+002,2.241300e+002,0,0,-1.000000e+000,-1.000000e+000
6.171500e+002,2.256500e+002,1,1,6.242000e+002,2.319100e+002
2.737400e+002,2.265000e+002,0,0,-1.000000e+000,-1.000000e+000
4.853900e+002,2.287400e+002,1,1,4.892300e+002,2.327600e+002
6.237000e+002,2.294900e+002,1,1,6.308000e+002,2.357800e+002
1.990700e+002,2.305700e+002,1,1,2.000900e+002,2.291200e+002
4.694700e+002,2.308900e+002,0,0,-1.000000e+000,-1.000000e+000
1.891000e+002,2.359000e+002,0,0,-1.000000e+000,-1.000000e+000
1.106200e+002,2.641600e+002,0,0,-1.000000e+000,-1.000000e+000
3.351200e+002,2.854300e+002,0,0,-1.000000e+000,-1.000000e+000
3.425000e+002,2.904300e+002,1,1,3.401400e+002,2.942300e+002
3.387700e+002,2.988900e+002,1,1,3.365300e+002,3.020100e+002
1.307100e+002,3.018600e+002,0,0,-1.000000e+000,-1.000000e+000
1.510100e+002,3.156500e+002,0,0,-1.000000e+000,-1.000000e+000
1.510100e+002,3.156500e+002,0,0,-1.000000e+000,-1.000000e+000
1.912900e+002,3.201000e+002,0,0,-1.000000e+000,-1.000000e+000
1.607300e+002,3.252100e+002,0,0,-1.000000e+000,-1.000000e+000
1.143700e+002,3.264500e+002,1,1,1.102100e+002,3.250700e+002
1.024800e+002,3.282000e+002,0,0,-1.000000e+000,-1.000000e+000
8.636000e+001,3.336700e+002,0,0,-1.000000e+000,-1.000000e+000
8.636000e+001,3.336700e+002,0,0,-1.000000e+000,-1.000000e+000
1.733400e+002,3.353500e+002,1,1,1.692300e+002,3.355500e+002
8.546000e+001,3.372500e+002,0,0,-1.000000e+000,-1.000000e+000
1.766400e+002,3.373900e+002,0,0,-1.000000e+000,-1.000000e+000
1.312200e+002,3.387100e+002,0,0,-1.000000e+000,-1.000000e+000
1.600600e+002,3.390700e+002,1,1,1.557300e+002,3.389700e+002
7.896000e+001,3.394400e+002,0,0,-1.000000e+000,-1.000000e+000
9.384000e+001,3.399500e+002,1,1,8.883000e+001,3.386100e+002
8.407000e+001,3.413500e+002,0,0,-1.000000e+000,-1.000000e+000
9.575000e+001,3.435800e+002,1,1,9.038000e+001,3.422100e+002
7.209000e+001,3.472400e+002,1,1,6.645000e+001,3.454600e+002
6.278000e+001,3.479200e+002,1,0,4.756000e+001,3.505200e+002
5.887000e+002,3.484800e+002,0,0,-1.000000e+000,-1.000000e+000
1.446000e+002,3.506000e+002,1,1,1.402500e+002,3.508300e+002
5.728300e+002,3.518500e+002,0,0,-1.000000e+000,-1.000000e+000
5.728300e+002,3.518500e+002,0,0,-1.000000e+000,-1.000000e+000
5.370000e+001,3.523000e+002,0,0,-1.000000e+000,-1.000000e+000
4.483000e+001,3.537700e+002,0,0,-1.000000e+000,-1.000000e+000
7.358000e+001,3.546700e+002,0,0,-1.000000e+000,-1.000000e+000
7.358000e+001,3.546700e+002,0,0,-1.000000e+000,-1.000000e+000
7.358000e+001,3.546700e+002,1,1,6.755000e+001,3.531000e+002
6.188000e+001,3.561100e+002,1,1,5.570000e+001,3.544100e+002
5.345000e+001,3.565600e+002,0,0,-1.000000e+000,-1.000000e+000
4.425000e+001,3.586800e+002,0,0,-1.000000e+000,-1.000000e+000
6.405000e+001,3.595600e+002,0,0,-1.000000e+000,-1.000000e+000
6.405000e+001,3.595600e+002,0,0,-1.000000e+000,-1.000000e+000
6.405000e+001,3.595600e+002,0,0,-1.000000e+000,-1.000000e+000
3.021000e+001,3.608900e+002,0,0,-1.000000e+000,-1.000000e+000
1.231100e+002,3.615200e+002,0,0,-1.000000e+000,-1.000000e+000
4.233000e+001,3.621200e+002,1,1,3.565000e+001,3.600900e+002
7.427000e+001,3.632500e+002,0,0,-1.000000e+000,-1.000000e+000
9.203000e+001,3.635900e+002,1,1,8.616000e+001,3.629000e+002
3.855000e+001,3.639000e+002,0,0,-1.000000e+000,-1.000000e+000
2.014000e+001,3.660900e+002,0,0,-1.000000e+000,-1.000000e+000
9.530000e+001,3.666900e+002,1,1,8.936000e+001,3.659100e+002
6.502000e+001,3.684700e+002,0,0,-1.000000e+000,-1.000000e+000
2.894000e+001,3.688600e+002,0,0,-1.000000e+000,-1.000000e+000
9.940000e+000,3.710400e+002,0,0,-1.000000e+000,-1.000000e+000
6.793000e+001,3.716600e+002,0,0,-1.000000e+000,-1.000000e+000
6.793000e+001,3.716600e+002,1,0,2.000000e+001,3.904400e+002
5.532000e+001,3.733800e+002,0,0,-1.000000e+000,-1.000000e+000
3.455000e+001,3.745400e+002,0,0,-1.000000e+000,-1.000000e+000
3.455000e+001,3.745400e+002,0,0,-1.000000e+000,-1.000000e+000
1.056400e+002,3.755100e+002,1,1,9.896000e+001,3.749400e+002
1.056400e+002,3.755100e+002,1,1,9.896000e+001,3.749400e+002
1.193900e+002,3.757100e+002,1,1,1.126000e+002,3.754000e+002
4.551000e+001,3.787900e+002,0,0,-1.000000e+000,-1.000000e+000
6.644000e+001,3.816000e+002,0,0,-1.000000e+000,-1.000000e+000
6.644000e+001,3.816000e+002,0,0,-1.000000e+000,-1.000000e+000
9.351000e+001,3.820100e+002,1,1,8.673000e+001,3.812900e+002
3.532000e+001,3.836500e+002,0,0,-1.000000e+000,-1.000000e+000
3.532000e+001,3.836500e+002,1,1,2.793000e+001,3.819800e+002
6.523000e+001,3.875100e+002,1,1,5.799000e+001,3.865700e+002
2.501000e+001,3.888900e+002,0,0,-1.000000e+000,-1.000000e+000
8.218000e+001,3.888900e+002,0,0,-1.000000e+000,-1.000000e+000
3.570000e+000,3.904300e+002,0,0,-1.000000e+000,-1.000000e+000
3.570000e+000,3.904300e+002,0,0,-1.000000e+000,-1.000000e+000
2.313000e+001,4.000500e+002,0,0,-1.000000e+000,-1.000000e+000
2.313000e+001,4.000500e+002,0,0,-1.000000e+000,-1.000000e+000
3.461000e+001,4.039800e+002,1,0,3.709000e+001,3.970900e+002
1.218000e+001,4.053700e+002,0,0,-1.000000e+000,-1.000000e+000
2.400000e+001,4.096100e+002,0,0,-1.000000e+000,-1.000000e+000
2.400000e+001,4.096100e+002,1,0,3.709000e+001,3.970900e+002
2.231000e+001,4.129900e+002,0,0,-1.000000e+000,-1.000000e+000
4.600000e+000,4.145500e+002,0,0,-1.000000e+000,-1.000000e+000
4.600000e+000,4.145500e+002,0,0,-1.000000e+000,-1.000000e+000
2.370000e+000,4.215300e+002,0,0,-1.000000e+000,-1.000000e+000
4.102800e+002,4.394900e+002,0,0,-1.000000e+000,-1.000000e+000
3.397100e+002,4.681600e+002,0,0,-1.000000e+000,-1.000000e+000
5.685800e+002,5.273000e+001,1,0,5.780900e+002,5.599000e+001
4.402200e+002,5.343000e+001,0,0,-1.000000e+000,-1.000000e+000
4.402200e+002,5.343000e+001,1,0,4.802300e+002,8.355000e+001
5.617800e+002,7.597000e+001,0,0,-1.000000e+000,-1.000000e+000
4.800900e+002,8.144000e+001,0,0,-1.000000e+000,-1.000000e+000
1.332600e+002,1.022100e+002,1,1,1.339700e+002,9.807000e+001
1.332600e+002,1.022100e+002,1,1,1.339700e+002,9.807000e+001
4.168500e+002,1.459800e+002,0,0,-1.000000e+000,-1.000000e+000
5.558800e+002,1.576600e+002,0,0,-1.000000e+000,-1.000000e+000
6.239800e+002,1.653900e+002,0,0,-1.000000e+000,-1.000000e+000
6.081400e+002,1.710600e+002,0,0,-1.000000e+000,-1.000000e+000
3.925300e+002,1.724000e+002,1,1,3.957200e+002,1.734900e+002
3.925300e+002,1.724000e+002,1,1,3.957200e+002,1.734900e+002
6.306500e+002,1.733400e+002,0,0,-1.000000e+000,-1.000000e+000
5.768400e+002,1.798300e+002,0,0,-1.000000e+000,-1.000000e+000
5.690600e+002,1.960700e+002,0,0,-1.000000e+000,-1.000000e+000
5.907000e+002,2.073000e+002,0,0,-1.000000e+000,-1.000000e+000
5.791000e+002,2.083800e+002,0,0,-1.000000e+000,-1.000000e+000
5.958900e+002,2.107600e+002,0,0,-1.000000e+000,-1.000000e+000
5.958900e+002,2.107600e+002,0,0,-1.000000e+000,-1.000000e+000
5.832600e+002,2.110800e+002,0,0,-1.000000e+000,-1.000000e+000
4.735800e+002,2.159100e+002,0,0,-1.000000e+000,-1.000000e+000
5.820300e+002,2.175700e+002,0,0,-1.000000e+000,-1.000000e+000
6.052000e+002,2.178500e+002,1,1,6.121700e+002,2.236200e+002
2.491300e+002,2.274600e+002,1,1,2.506300e+002,2.274600e+002
6.288900e+002,2.309300e+002,0,0,-1.000000e+000,-1.000000e+000
5.446700e+002,2.335700e+002,0,0,-1.000000e+000,-1.000000e+000
5.021500e+002,2.464300e+002,0,0,-1.000000e+000,-1.000000e+000
5.021500e+002,2.464300e+002,0,0,-1.000000e+000,-1.000000e+000
4.571100e+002,2.633300e+002,1,1,4.582400e+002,2.683900e+002
3.472100e+002,2.919800e+002,1,1,3.453000e+002,2.952000e+002
4.339100e+002,3.049700e+002,1,1,4.335800e+002,3.102700e+002
1.995000e+002,3.127500e+002,0,0,-1.000000e+000,-1.000000e+000
1.476300e+002,3.185100e+002,1,1,1.437300e+002,3.178300e+002
1.399300e+002,3.228600e+002,0,0,-1.000000e+000,-1.000000e+000
1.528900e+002,3.230700e+002,1,1,1.488000e+002,3.226600e+002
1.260900e+002,3.289800e+002,1,1,1.215100e+002,3.280700e+002
1.596400e+002,3.288600e+002,1,1,1.555400e+002,3.286900e+002
1.655000e+002,3.291300e+002,1,1,1.613600e+002,3.290600e+002
1.655000e+002,3.291300e+002,1,1,1.613600e+002,3.290600e+002
9.279000e+001,3.324900e+002,0,0,-1.000000e+000,-1.000000e+000
1.514500e+002,3.337500e+002,1,1,1.467100e+002,3.334900e+002
1.514500e+002,3.337500e+002,1,1,1.467100e+002,3.334900e+002
1.662800e+002,3.342000e+002,1,1,1.618200e+002,3.341000e+002
1.662800e+002,3.342000e+002,1,1,1.618200e+002,3.341000e+002
1.103800e+002,3.378100e+002,0,0,-1.000000e+000,-1.000000e+000
1.641200e+002,3.387400e+002,1,1,1.593700e+002,3.383500e+002
1.585600e+002,3.387600e+002,1,1,1.539900e+002,3.386900e+002
1.585600e+002,3.387600e+002,1,1,1.539900e+002,3.386900e+002
1.723100e+002,3.395400e+002,1,1,1.678300e+002,3.396900e+002
1.723100e+002,3.395400e+002,1,1,1.678300e+002,3.396900e+002
1.013500e+002,3.421500e+002,0,0,-1.000000e+000,-1.000000e+000
1.562000e+002,3.432700e+002,1,1,1.511200e+002,3.429600e+002
7.035000e+001,3.435700e+002,0,0,-1.000000e+000,-1.000000e+000
6.208000e+001,3.480700e+002,0,0,-1.000000e+000,-1.000000e+000
1.525000e+002,3.529000e+002,1,1,1.471000e+002,3.526600e+002
1.245700e+002,3.582300e+002,1,1,1.185300e+002,3.575500e+002
3.591000e+001,3.606700e+002,0,0,-1.000000e+000,-1.000000e+000
6.084000e+001,3.627800e+002,0,0,-1.000000e+000,-1.000000e+000
6.084000e+001,3.627800e+002,0,0,-1.000000e+000,-1.000000e+000
5.488000e+001,3.645800e+002,0,0,-1.000000e+000,-1.000000e+000
2.723000e+001,3.650200e+002,0,0,-1.000000e+000,-1.000000e+000
4.117000e+001,3.666200e+002,0,0,-1.000000e+000,-1.000000e+000
1.215200e+002,3.682800e+002,1,1,1.152900e+002,3.679100e+002
4.499000e+001,3.696100e+002,0,0,-1.000000e+000,-1.000000e+000
4.499000e+001,3.696100e+002,0,0,-1.000000e+000,-1.000000e+000
4.499000e+001,3.696100e+002,0,0,-1.000000e+000,-1.000000e+000
2.305000e+001,3.756200e+002,1,1,1.591000e+001,3.734000e+002
5.796000e+001,3.761900e+002,0,0,-1.000000e+000,-1.000000e+000
5.796000e+001,3.761900e+002,0,0,-1.000000e+000,-1.000000e+000
1.151700e+002,3.778600e+002,0,0,-1.000000e+000,-1.000000e+000
8.718000e+001,3.789900e+002,1,1,8.052000e+001,3.786200e+002
8.718000e+001,3.789900e+002,1,1,8.052000e+001,3.786200e+002
2.466000e+001,3.798100e+002,0,0,-1.000000e+000,-1.000000e+000
2.466000e+001,3.798100e+002,1,1,1.729000e+001,3.777700e+002
3.470000e+000,3.801500e+002,0,0,-1.000000e+000,-1.000000e+000
5.666000e+001,3.865800e+002,0,0,-1.000000e+000,-1.000000e+000
9.206000e+001,3.907400e+002,1,0,7.217000e+001,3.966300e+002
4.651000e+001,3.917500e+002,0,0,-1.000000e+000,-1.000000e+000
6.946000e+001,3.958500e+002,1,1,6.172000e+001,3.950200e+002
6.946000e+001,3.958500e+002,0,0,-1.000000e+000,-1.000000e+000
1.710000e+001,3.972700e+002,0,0,-1.000000e+000,-1.000000e+000
3.626000e+001,3.971200e+002,0,0,-1.000000e+000,-1.000000e+000
7.931000e+001,3.977000e+002,0,0,-1.000000e+000,-1.000000e+000
4.030000e+000,4.002400e+002,0,0,-1.000000e+000,-1.000000e+000
4.030000e+000,4.002400e+002,0,0,-1.000000e+000,-1.000000e+000
5.850000e+000,4.022500e+002,0,0,-1.000000e+000,-1.000000e+000
6.654000e+001,4.045900e+002,1,1,5.768000e+001,4.040700e+002
3.784000e+001,4.064500e+002,0,0,-1.000000e+000,-1.000000e+000
5.150000e+000,4.238100e+002,0,0,-1.000000e+000,-1.000000e+000
5.150000e+000,4.238100e+002,0,0,-1.000000e+000,-1.000000e+000
3.230000e+000,4.313700e+002,0,0,-1.000000e+000,-1.000000e+000
5.684100e+002,5.368000e+001,0,0,-1.000000e+000,-1.000000e+000
5.821700e+002,6.128000e+001,0,0,-1.000000e+000,-1.000000e+000
5.821700e+002,6.128000e+001,0,0,-1.000000e+000,-1.000000e+000
5.537700e+002,1.376200e+002,0,0,-1.000000e+000,-1.000000e+000
5.495400e+002,1.494900e+002,1,1,5.569200e+002,1.531200e+002
5.557000e+002,1.688400e+002,1,1,5.635600e+002,1.727600e+002
1.449200e+002,1.711000e+002,0,0,-1.000000e+000,-1.000000e+000
6.304800e+002,1.733100e+002,0,0,-1.000000e+000,-1.000000e+000
3.615000e+002,1.755200e+002,0,0,-1.000000e+000,-1.000000e+000
5.817200e+002,1.871800e+002,1,1,5.877600e+002,1.922700e+002
5.688800e+002,1.962800e+002,0,0,-1.000000e+000,-1.000000e+000
5.449600e+002,2.037800e+002,0,0,-1.000000e+000,-1.000000e+000
2.485000e+002,2.181600e+002,1,1,2.498800e+002,2.171900e+002
2.285000e+002,2.199400e+002,1,1,2.309500e+002,2.193200e+002
2.285000e+002,2.199400e+002,1,1,2.309500e+002,2.193200e+002
2.488000e+002,2.270000e+002,0,0,-1.000000e+000,-1.000000e+000
2.198000e+002,2.302900e+002,1,1,2.213800e+002,2.298700e+002
2.282900e+002,2.310800e+002,0,0,-1.000000e+000,-1.000000e+000
2.282900e+002,2.310800e+002,0,0,-1.000000e+000,-1.000000e+000
2.037700e+002,2.329600e+002,1,1,2.045000e+002,2.318100e+002
5.441500e+002,2.341500e+002,0,0,-1.000000e+000,-1.000000e+000
4.387500e+002,2.677100e+002,1,1,4.397800e+002,2.721200e+002
2.167400e+002,2.999100e+002,0,0,-1.000000e+000,-1.000000e+000
4.593000e+001,3.122300e+002,0,0,-1.000000e+000,-1.000000e+000
3.692500e+002,3.189300e+002,1,1,3.672400e+002,3.230000e+002
3.692500e+002,3.189300e+002,1,1,3.672400e+002,3.230000e+002
1.454300e+002,3.281500e+002,1,1,1.409800e+002,3.273900e+002
1.454300e+002,3.281500e+002,1,1,1.409800e+002,3.273900e+002
1.361500e+002,3.319500e+002,0,0,-1.000000e+000,-1.000000e+000
9.894000e+001,3.327600e+002,1,1,9.391000e+001,3.313700e+002
1.424600e+002,3.378500e+002,0,0,-1.000000e+000,-1.000000e+000
1.492300e+002,3.434600e+002,1,1,1.443800e+002,3.431000e+002
1.163000e+002,3.436400e+002,1,1,1.112900e+002,3.428900e+002
1.163000e+002,3.436400e+002,1,1,1.112900e+002,3.428900e+002
1.644900e+002,3.447300e+002,1,1,1.598200e+002,3.447600e+002
1.644900e+002,3.447300e+002,1,1,1.598200e+002,3.447600e+002
1.565300e+002,3.484400e+002,1,1,1.515300e+002,3.485700e+002
1.077700e+002,3.485600e+002,1,1,1.022900e+002,3.475300e+002
7.940000e+001,3.611300e+002,1,1,7.315000e+001,3.598300e+002
1.266100e+002,3.652800e+002,1,1,1.209600e+002,3.652200e+002
1.266100e+002,3.652800e+002,1,1,1.209600e+002,3.652200e+002
6.992000e+001,3.659200e+002,0,0,-1.000000e+000,-1.000000e+000
6.992000e+001,3.659200e+002,1,1,6.351000e+001,3.646100e+002
1.656000e+001,3.701800e+002,0,0,-1.000000e+000,-1.000000e+000
6.127000e+001,3.717600e+002,1,1,5.445000e+001,3.702300e+002
6.127000e+001,3.717600e+002,1,1,5.445000e+001,3.702300e+002
2.891000e+001,3.732400e+002,0,0,-1.000000e+000,-1.000000e+000
1.118900e+002,3.737200e+002,1,1,1.054000e+002,3.734000e+002
6.160000e+000,3.752300e+002,0,0,-1.000000e+000,-1.000000e+000
5.131000e+001,3.767200e+002,1,1,4.430000e+001,3.750900e+002
5.131000e+001,3.767200e+002,1,1,4.430000e+001,3.750900e+002
6.972000e+001,3.766400e+002,1,1,6.287000e+001,3.755800e+002
6.972000e+001,3.766400e+002,1,1,6.287000e+001,3.755800e+002
8.041000e+001,3.800900e+002,1,1,7.349000e+001,3.790900e+002
4.116000e+001,3.817500e+002,0,0,-1.000000e+000,-1.000000e+000
5.999000e+001,3.820100e+002,1,1,5.276000e+001,3.807100e+002
5.999000e+001,3.820100e+002,1,1,5.276000e+001,3.807100e+002
7.084000e+001,3.854000e+002,1,1,6.387000e+001,3.842400e+002
1.516000e+001,3.859800e+002,0,0,-1.000000e+000,-1.000000e+000
3.122000e+001,3.872300e+002,0,0,-1.000000e+000,-1.000000e+000
3.122000e+001,3.872300e+002,0,0,-1.000000e+000,-1.000000e+000
4.977000e+001,3.872800e+002,1,1,4.216000e+001,3.858600e+002
9.731000e+001,3.866900e+002,0,0,-1.000000e+000,-1.000000e+000
4.315000e+001,3.878000e+002,0,0,-1.000000e+000,-1.000000e+000
4.315000e+001,3.878000e+002,0,0,-1.000000e+000,-1.000000e+000
4.315000e+001,3.878000e+002,0,0,-1.000000e+000,-1.000000e+000
6.112000e+001,3.905100e+002,0,0,-1.000000e+000,-1.000000e+000
6.112000e+001,3.905100e+002,1,1,5.326000e+001,3.893800e+002
2.051000e+001,3.925300e+002,0,0,-1.000000e+000,-1.000000e+000
4.002000e+001,3.927300e+002,0,0,-1.000000e+000,-1.000000e+000
4.002000e+001,3.927300e+002,0,0,-1.000000e+000,-1.000000e+000
5.769000e+001,3.950600e+002,1,1,4.972000e+001,3.938000e+002
5.036000e+001,3.958600e+002,0,0,-1.000000e+000,-1.000000e+000
2.944000e+001,3.980100e+002,1,1,2.145000e+001,3.962900e+002
2.944000e+001,3.980100e+002,0,0,-1.000000e+000,-1.000000e+000
4.751000e+001,4.006700e+002,1,1,3.907000e+001,3.990100e+002
4.037000e+001,4.014000e+002,1,1,3.218000e+001,3.999000e+002
1.893000e+001,4.035000e+002,0,0,-1.000000e+000,-1.000000e+000
4.602600e+002,4.040400e+002,0,0,-1.000000e+000,-1.000000e+000
3.782000e+001,4.065200e+002,0,0,-1.000000e+000,-1.000000e+000
3.016000e+001,4.071400e+002,0,0,-1.000000e+000,-1.000000e+000
8.170000e+000,4.090100e+002,0,0,-1.000000e+000,-1.000000e+000
8.170000e+000,4.090100e+002,0,0,-1.000000e+000,-1.000000e+000
2.684000e+001,4.120500e+002,0,0,-1.000000e+000,-1.000000e+000
1.914000e+001,4.127900e+002,0,0,-1.000000e+000,-1.000000e+000
1.621000e+001,4.179000e+002,0,0,-1.000000e+000,-1.000000e+000
8.520000e+000,4.186500e+002,0,0,-1.000000e+000,-1.000000e+000
4.054300e+002,1.351300e+002,1,1,4.113500e+002,1.359900e+002
5.796900e+002,1.800700e+002,1,1,5.872600e+002,1.849500e+002
4.742000e+002,2.147800e+002,1,1,4.785000e+002,2.161300e+002
5.896700e+002,2.161500e+002,1,1,5.973100e+002,2.223700e+002
1.612600e+002,2.170700e+002,1,1,1.612200e+002,2.142400e+002
2.232500e+002,2.245800e+002,1,1,2.247600e+002,2.233900e+002
2.232500e+002,2.245800e+002,1,1,2.247600e+002,2.233900e+002
2.336800e+002,2.291200e+002,0,0,-1.000000e+000,-1.000000e+000
6.242300e+002,2.382600e+002,1,1,6.309100e+002,2.447600e+002
4.664200e+002,2.623200e+002,1,1,4.677100e+002,2.674400e+002
4.298700e+002,2.707100e+002,1,1,4.303200e+002,2.751700e+002
4.842500e+002,2.770700e+002,1,1,4.861600e+002,2.822500e+002
1.775000e+002,3.033900e+002,0,0,-1.000000e+000,-1.000000e+000
1.070000e+002,3.275100e+002,1,1,1.023600e+002,3.263000e+002
9.978000e+001,3.389000e+002,1,1,9.457000e+001,3.377500e+002
7.623000e+001,3.429700e+002,1,1,7.063000e+001,3.412700e+002
1.710900e+002,3.461100e+002,0,0,-1.000000e+000,-1.000000e+000
6.719000e+001,3.479700e+002,1,1,6.107000e+001,3.457800e+002
5.774000e+001,3.526400e+002,0,0,-1.000000e+000,-1.000000e+000
6.757000e+001,3.545000e+002,1,1,6.158000e+001,3.531500e+002
5.819000e+001,3.596800e+002,1,1,5.197000e+001,3.580800e+002
1.426400e+002,3.613000e+002,1,1,1.369500e+002,3.613300e+002
4.846000e+001,3.632600e+002,1,1,4.177000e+001,3.615000e+002
3.336000e+001,3.644200e+002,0,0,-1.000000e+000,-1.000000e+000
3.336000e+001,3.644200e+002,0,0,-1.000000e+000,-1.000000e+000
1.336600e+002,3.667500e+002,0,0,-1.000000e+000,-1.000000e+000
3.870000e+001,3.690700e+002,1,1,3.179000e+001,3.675200e+002
1.012000e+002,3.794700e+002,1,1,9.429000e+001,3.789400e+002
1.012000e+002,3.794700e+002,1,1,9.429000e+001,3.789400e+002
1.819000e+001,3.797000e+002,0,0,-1.000000e+000,-1.000000e+000
1.091100e+002,3.800500e+002,1,1,1.023600e+002,3.795700e+002
8.954000e+001,3.858700e+002,1,1,8.209000e+001,3.851500e+002
7.682000e+001,3.926800e+002,1,1,6.927000e+001,3.917400e+002
7.682000e+001,3.926800e+002,1,1,6.927000e+001,3.917400e+002
8.543000e+001,3.934900e+002,1,1,7.786000e+001,3.925900e+002
9.920000e+000,3.980700e+002,0,0,-1.000000e+000,-1.000000e+000
6.470000e+001,3.994400e+002,1,1,5.634000e+001,3.984300e+002
7.256000e+001,3.999300e+002,1,1,6.479000e+001,3.989200e+002
1.015000e+001,4.287600e+002,0,0,-1.000000e+000,-1.000000e+000
7.290000e+000,4.360200e+002,0,0,-1.000000e+000,-1.000000e+000
5.582000e+002,8.150000e+000,1,0,5.692000e+002,1.016000e+001
5.648500e+002,3.406000e+001,1,1,5.764500e+002,3.581000e+001
4.061000e+002,1.272400e+002,1,1,4.125300e+002,1.281300e+002
5.565000e+002,1.484500e+002,1,1,5.644800e+002,1.521100e+002
3.606000e+002,1.745700e+002,0,0,-1.000000e+000,-1.000000e+000
6.117700e+002,1.798300e+002,0,0,-1.000000e+000,-1.000000e+000
5.888300e+002,1.926700e+002,1,1,5.963400e+002,1.974300e+002
2.577500e+002,1.969400e+002,0,0,-1.000000e+000,-1.000000e+000
4.888400e+002,2.265100e+002,1,1,4.928500e+002,2.301400e+002
5.800500e+002,2.332100e+002,1,1,5.875500e+002,2.423900e+002
2.459100e+002,2.344400e+002,1,1,2.474700e+002,2.338600e+002
2.459100e+002,2.344400e+002,1,1,2.474700e+002,2.338600e+002
2.312000e+002,2.360000e+002,1,1,2.328500e+002,2.356500e+002
4.841900e+002,2.402400e+002,0,0,-1.000000e+000,-1.000000e+000
2.440300e+002,2.427700e+002,0,0,-1.000000e+000,-1.000000e+000
5.901000e+002,3.669900e+002,1,1,5.915000e+002,3.765700e+002
5.428500e+002,3.895600e+002,0,0,-1.000000e+000,-1.000000e+000
5.581700e+002,4.253000e+001,0,0,-1.000000e+000,-1.000000e+000
1.292300e+002,1.069500e+002,1,1,1.299100e+002,1.029500e+002
1.292300e+002,1.069500e+002,1,1,1.299100e+002,1.029500e+002
5.410600e+002,1.523800e+002,1,1,5.475400e+002,1.555000e+002
5.263700e+002,1.535500e+002,1,1,5.341100e+002,1.568300e+002
3.859800e+002,1.711600e+002,1,1,3.896100e+002,1.721400e+002
3.859800e+002,1.711600e+002,1,1,3.896100e+002,1.721400e+002
3.590900e+002,1.731300e+002,0,0,-1.000000e+000,-1.000000e+000
2.598600e+002,1.978700e+002,1,1,2.620900e+002,1.979400e+002
5.807600e+002,2.351700e+002,0,0,-1.000000e+000,-1.000000e+000
5.416200e+002,2.361600e+002,0,0,-1.000000e+000,-1.000000e+000
2.436800e+002,2.434700e+002,0,0,-1.000000e+000,-1.000000e+000
4.652400e+002,2.637000e+002,0,0,-1.000000e+000,-1.000000e+000
2.617200e+002,2.743300e+002,1,1,2.600000e+002,2.740500e+002
3.114200e+002,2.815200e+002,1,0,3.154400e+002,2.868100e+002
3.747200e+002,2.819300e+002,1,1,3.739900e+002,2.859300e+002
1.169100e+002,2.919800e+002,1,1,1.149400e+002,2.901000e+002
2.056800e+002,3.069100e+002,0,0,-1.000000e+000,-1.000000e+000
4.288900e+002,3.081800e+002,1,1,4.293300e+002,3.128400e+002
1.363800e+002,3.508000e+002,1,1,1.310100e+002,3.502100e+002
1.363800e+002,3.508000e+002,1,1,1.310100e+002,3.502100e+002
5.424900e+002,3.902300e+002,0,0,-1.000000e+000,-1.000000e+000
4.998800e+002,1.398900e+002,1,1,5.076700e+002,1.436200e+002
1.595200e+002,1.559300e+002,1,1,1.592200e+002,1.537000e+002
4.750700e+002,2.127300e+002,0,0,-1.000000e+000,-1.000000e+000
1.409300e+002,2.332100e+002,1,1,1.393200e+002,2.308200e+002
1.556400e+002,2.572300e+002,0,0,-1.000000e+000,-1.000000e+000
1.258400e+002,2.759400e+002,1,1,1.247300e+002,2.737400e+002
3.153000e+001,3.151800e+002,1,1,2.835000e+001,3.115500e+002
3.727000e+002,3.202500e+002,0,0,-1.000000e+000,-1.000000e+000
5.682800e+002,3.641400e+002,1,1,5.701900e+002,3.728300e+002
5.469900e+002,3.713400e+002,0,0,-1.000000e+000,-1.000000e+000
1.380000e+002,9.294000e+001,1,1,1.383900e+002,9.011000e+001
4.608900e+002,2.177600e+002,0,0,-1.000000e+000,-1.000000e+000
4.608900e+002,2.177600e+002,0,0,-1.000000e+000,-1.000000e+000
2.389800e+002,2.229100e+002,0,0,-1.000000e+000,-1.000000e+000
4.969100e+002,2.749900e+002,1,1,4.987200e+002,2.803200e+002
1.548900e+002,2.872300e+002,1,1,1.530900e+002,2.859200e+002
3.451400e+002,2.934100e+002,1,1,3.430300e+002,2.965800e+002
1.901400e+002,3.043200e+002,1,1,1.878200e+002,3.038700e+002
1.901400e+002,3.043200e+002,1,1,1.878200e+002,3.038700e+002
3.255700e+002,3.258700e+002,1,1,3.229100e+002,3.291600e+002
1.922600e+002,3.401600e+002,1,1,1.874000e+002,3.397400e+002
4.997300e+002,1.377100e+002,0,0,-1.000000e+000,-1.000000e+000
4.711300e+002,1.452800e+002,0,0,-1.000000e+000,-1.000000e+000
1.654500e+002,1.512400e+002,0,0,-1.000000e+000,-1.000000e+000
5.955800e+002,1.819800e+002,1,1,6.017100e+002,1.876400e+002
5.668800e+002,1.859600e+002,0,0,-1.000000e+000,-1.000000e+000
5.940400e+002,2.072300e+002,0,0,-1.000000e+000,-1.000000e+000
4.862200e+002,2.284600e+002,1,1,4.896200e+002,2.334800e+002
4.862200e+002,2.284600e+002,1,1,4.896200e+002,2.334800e+002
4.706800e+002,2.472000e+002,1,1,4.738400e+002,2.518300e+002
4.706800e+002,2.472000e+002,0,0,-1.000000e+000,-1.000000e+000
1.153800e+002,2.554500e+002,1,1,1.145300e+002,2.529800e+002
1.400600e+002,2.733000e+002,1,1,1.386100e+002,2.713600e+002
2.313000e+002,3.129300e+002,0,0,-1.000000e+000,-1.000000e+000
2.313000e+002,3.129300e+002,1,1,2.283600e+002,3.135900e+002
4.257700e+002,1.304600e+002,1,1,4.326400e+002,1.310600e+002
5.977900e+002,2.062000e+002,1,1,6.049200e+002,2.118500e+002
4.690600e+002,2.466700e+002,0,0,-1.000000e+000,-1.000000e+000
4.690600e+002,2.466700e+002,0,0,-1.000000e+000,-1.000000e+000
2.099900e+002,3.290800e+002,1,1,2.063100e+002,3.291200e+002
3.522300e+002,1.657800e+002,1,1,3.566900e+002,1.664200e+002
1.684000e+002,1.749700e+002,1,1,1.681100e+002,1.730300e+002
1.684000e+002,1.749700e+002,1,1,1.681100e+002,1.730300e+002
5.576900e+002,1.852000e+002,0,0,-1.000000e+000,-1.000000e+000
2.683100e+002,2.420700e+002,1,1,2.682800e+002,2.426500e+002
4.622000e+002,2.459000e+002,0,0,-1.000000e+000,-1.000000e+000
9.160000e+001,2.874800e+002,1,1,9.008000e+001,2.849500e+002
7.660000e+001,3.259900e+002,1,1,7.240000e+001,3.240700e+002
5.917100e+002,3.299700e+002,1,1,5.941100e+002,3.382100e+002
2.255300e+002,3.446000e+002,1,1,2.223900e+002,3.463100e+002
5.030100e+002,1.283000e+002,0,0,-1.000000e+000,-1.000000e+000
5.411800e+002,1.813500e+002,1,1,5.467100e+002,1.851000e+002
5.476200e+002,2.256400e+002,1,0,5.481900e+002,2.319200e+002
4.478500e+002,2.913800e+002,1,1,4.493900e+002,2.960800e+002
2.089000e+002,2.618800e+002,1,1,2.081300e+002,2.612300e+002
3.347300e+002,2.336900e+002,1,1,3.345800e+002,2.356000e+002
2.762400e+002,3.126200e+002,1,1,2.735000e+002,3.146300e+002