6.266800e+002,2.480000e+000,0,0,-1.000000e+000,-1.000000e+000
6.266800e+002,2.480000e+000,0,0,-1.000000e+000,-1.000000e+000
6.033300e+002,4.660000e+000,0,0,-1.000000e+000,-1.000000e+000
6.033300e+002,4.660000e+000,0,0,-1.000000e+000,-1.000000e+000
3.993000e+002,4.820000e+000,0,0,-1.000000e+000,-1.000000e+000
6.149400e+002,1.172000e+001,0,0,-1.000000e+000,-1.000000e+000
6.012300e+002,1.341000e+001,1,1,6.016700e+002,6.070000e+000
6.012300e+002,1.341000e+001,1,1,6.016700e+002,6.070000e+000
6.147200e+002,2.099000e+001,0,0,-1.000000e+000,-1.000000e+000
5.124400e+002,2.277000e+001,0,0,-1.000000e+000,-1.000000e+000
4.530300e+002,3.054000e+001,0,0,-1.000000e+000,-1.000000e+000
4.867000e+002,3.987000e+001,0,0,-1.000000e+000,-1.000000e+000
4.006000e+002,4.075000e+001,0,0,-1.000000e+000,-1.000000e+000
3.977800e+002,4.505000e+001,0,0,-1.000000e+000,-1.000000e+000
5.481200e+002,4.722000e+001,0,0,-1.000000e+000,-1.000000e+000
3.972000e+002,5.313000e+001,0,0,-1.000000e+000,-1.000000e+000
6.197100e+002,5.378000e+001,0,0,-1.000000e+000,-1.000000e+000
6.083200e+002,5.601000e+001,0,0,-1.000000e+000,-1.000000e+000
5.924400e+002,6.185000e+001,0,0,-1.000000e+000,-1.000000e+000
3.960600e+002,8.203000e+001,0,0,-1.000000e+000,-1.000000e+000
6.295900e+002,8.503000e+001,1,1,6.297900e+002,7.838000e+001
6.295900e+002,8.503000e+001,1,1,6.297900e+002,7.838000e+001
3.956300e+002,9.493000e+001,0,0,-1.000000e+000,-1.000000e+000
3.953100e+002,1.026700e+002,0,0,-1.000000e+000,-1.000000e+000
3.925800e+002,1.055300e+002,0,0,-1.000000e+000,-1.000000e+000
3.975600e+002,1.083800e+002,0,0,-1.000000e+000,-1.000000e+000
1.495900e+002,1.119000e+002,0,0,-1.000000e+000,-1.000000e+000
1.142400e+002,1.180800e+002,0,0,-1.000000e+000,-1.000000e+000
1.245600e+002,1.188400e+002,0,0,-1.000000e+000,-1.000000e+000
1.042200e+002,1.196600e+002,0,0,-1.000000e+000,-1.000000e+000
1.153900e+002,1.203700e+002,0,0,-1.000000e+000,-1.000000e+000
3.945100e+002,1.231200e+002,0,0,-1.000000e+000,-1.000000e+000
8.245000e+001,1.234000e+002,1,1,8.340000e+001,1.125500e+002
4.405900e+002,1.261100e+002,0,0,-1.000000e+000,-1.000000e+000
6.447000e+001,1.268700e+002,0,0,-1.000000e+000,-1.000000e+000
4.367300e+002,1.270500e+002,0,0,-1.000000e+000,-1.000000e+000
3.943500e+002,1.279400e+002,0,0,-1.000000e+000,-1.000000e+000
3.943500e+002,1.279400e+002,0,0,-1.000000e+000,-1.000000e+000
4.292600e+002,1.285500e+002,0,0,-1.000000e+000,-1.000000e+000
3.178000e+001,1.322900e+002,0,0,-1.000000e+000,-1.000000e+000
4.193600e+002,1.335000e+002,0,0,-1.000000e+000,-1.000000e+000
6.225400e+002,1.334400e+002,0,0,-1.000000e+000,-1.000000e+000
3.864000e+001,1.340900e+002,0,0,-1.000000e+000,-1.000000e+000
3.317000e+001,1.350800e+002,0,0,-1.000000e+000,-1.000000e+000
1.076000e+001,1.366600e+002,0,0,-1.000000e+000,-1.000000e+000
5.360000e+000,1.376800e+002,0,0,-1.000000e+000,-1.000000e+000
3.972200e+002,1.378600e+002,0,0,-1.000000e+000,-1.000000e+000
3.560900e+002,1.383100e+002,0,0,-1.000000e+000,-1.000000e+000
3.604500e+002,1.397200e+002,0,0,-1.000000e+000,-1.000000e+000
3.429500e+002,1.410700e+002,0,0,-1.000000e+000,-1.000000e+000
5.142000e+001,1.425800e+002,0,0,-1.000000e+000,-1.000000e+000
3.509600e+002,1.441300e+002,0,0,-1.000000e+000,-1.000000e+000
4.510900e+002,1.442100e+002,0,0,-1.000000e+000,-1.000000e+000
5.125300e+002,1.446300e+002,0,0,-1.000000e+000,-1.000000e+000
3.986800e+002,1.461600e+002,0,0,-1.000000e+000,-1.000000e+000
1.655000e+001,1.489300e+002,0,0,-1.000000e+000,-1.000000e+000
3.178000e+002,1.494700e+002,0,0,-1.000000e+000,-1.000000e+000
4.918100e+002,1.500200e+002,0,0,-1.000000e+000,-1.000000e+000
1.918000e+001,1.511100e+002,0,0,-1.000000e+000,-1.000000e+000
2.989800e+002,1.516500e+002,0,0,-1.000000e+000,-1.000000e+000
6.174200e+002,1.547700e+002,0,0,-1.000000e+000,-1.000000e+000
2.628900e+002,1.602100e+002,0,0,-1.000000e+000,-1.000000e+000
5.204200e+002,1.606100e+002,0,0,-1.000000e+000,-1.000000e+000
2.590000e+002,1.611500e+002,0,0,-1.000000e+000,-1.000000e+000
3.554200e+002,1.617300e+002,0,0,-1.000000e+000,-1.000000e+000
5.333700e+002,1.644900e+002,0,0,-1.000000e+000,-1.000000e+000
5.937200e+002,1.665400e+002,0,0,-1.000000e+000,-1.000000e+000
3.299300e+002,1.681100e+002,0,0,-1.000000e+000,-1.000000e+000
3.088900e+002,1.708700e+002,0,0,-1.000000e+000,-1.000000e+000
2.242500e+002,1.743800e+002,0,0,-1.000000e+000,-1.000000e+000
2.242500e+002,1.743800e+002,0,0,-1.000000e+000,-1.000000e+000
3.050500e+002,1.743600e+002,0,0,-1.000000e+000,-1.000000e+000
5.488400e+002,1.767600e+002,1,1,5.472300e+002,1.700800e+002
2.916700e+002,1.776900e+002,0,0,-1.000000e+000,-1.000000e+000
6.027000e+002,1.774600e+002,0,0,-1.000000e+000,-1.000000e+000
5.995000e+002,1.790800e+002,0,0,-1.000000e+000,-1.000000e+000
6.256900e+002,1.797100e+002,0,0,-1.000000e+000,-1.000000e+000
5.943900e+002,1.816700e+002,1,1,5.937400e+002,1.749300e+002
2.437900e+002,1.876200e+002,0,0,-1.000000e+000,-1.000000e+000
5.688400e+002,1.885500e+002,0,0,-1.000000e+000,-1.000000e+000
2.372800e+002,1.888500e+002,0,0,-1.000000e+000,-1.000000e+000
3.595400e+002,1.889100e+002,0,0,-1.000000e+000,-1.000000e+000
3.714000e+002,1.893700e+002,0,0,-1.000000e+000,-1.000000e+000
2.397400e+002,1.909100e+002,0,0,-1.000000e+000,-1.000000e+000
5.658700e+002,1.925800e+002,0,0,-1.000000e+000,-1.000000e+000
5.510100e+002,1.934400e+002,0,0,-1.000000e+000,-1.000000e+000
2.268400e+002,1.945100e+002,0,0,-1.000000e+000,-1.000000e+000
5.929100e+002,1.999600e+002,0,0,-1.000000e+000,-1.000000e+000
5.741900e+002,2.035000e+002,0,0,-1.000000e+000,-1.000000e+000
5.741900e+002,2.035000e+002,0,0,-1.000000e+000,-1.000000e+000
5.175600e+002,2.054100e+002,0,0,-1.000000e+000,-1.000000e+000
5.722300e+002,2.060100e+002,0,0,-1.000000e+000,-1.000000e+000
5.145800e+002,2.064100e+002,0,0,-1.000000e+000,-1.000000e+000
5.719000e+002,2.091800e+002,0,0,-1.000000e+000,-1.000000e+000
5.719000e+002,2.091800e+002,0,0,-1.000000e+000,-1.000000e+000
5.036100e+002,2.098400e+002,0,0,-1.000000e+000,-1.000000e+000
6.290000e+002,2.128300e+002,0,0,-1.000000e+000,-1.000000e+000
6.290000e+002,2.128300e+002,0,0,-1.000000e+000,-1.000000e+000
6.260600e+002,2.147200e+002,0,0,-1.000000e+000,-1.000000e+000
6.211600e+002,2.177000e+002,0,0,-1.000000e+000,-1.000000e+000
6.211600e+002,2.177000e+002,0,0,-1.000000e+000,-1.000000e+000
4.504400e+002,2.189700e+002,1,1,4.464200e+002,2.108800e+002
6.188800e+002,2.191900e+002,0,0,-1.000000e+000,-1.000000e+000
6.130300e+002,2.227800e+002,0,0,-1.000000e+000,-1.000000e+000
2.568700e+002,2.293500e+002,0,0,-1.000000e+000,-1.000000e+000
2.633600e+002,2.324300e+002,0,0,-1.000000e+000,-1.000000e+000
2.603900e+002,2.446400e+002,0,0,-1.000000e+000,-1.000000e+000
2.192900e+002,2.475400e+002,0,0,-1.000000e+000,-1.000000e+000
2.092900e+002,2.480500e+002,1,1,2.069400e+002,2.390900e+002
2.022300e+002,2.497400e+002,0,0,-1.000000e+000,-1.000000e+000
2.610200e+002,2.531600e+002,0,0,-1.000000e+000,-1.000000e+000
4.833000e+002,2.542600e+002,0,0,-1.000000e+000,-1.000000e+000
1.688200e+002,2.555400e+002,0,0,-1.000000e+000,-1.000000e+000
4.723200e+002,2.581000e+002,0,0,-1.000000e+000,-1.000000e+000
4.625600e+002,2.586000e+002,0,0,-1.000000e+000,-1.000000e+000
1.637300e+002,2.624300e+002,0,0,-1.000000e+000,-1.000000e+000
4.484300e+002,2.623600e+002,0,0,-1.000000e+000,-1.000000e+000
4.239800e+002,2.692200e+002,0,0,-1.000000e+000,-1.000000e+000
4.321000e+002,2.695700e+002,0,0,-1.000000e+000,-1.000000e+000
4.915200e+002,2.705400e+002,0,0,-1.000000e+000,-1.000000e+000
4.398100e+002,2.710800e+002,0,0,-1.000000e+000,-1.000000e+000
1.607500e+002,2.729900e+002,0,0,-1.000000e+000,-1.000000e+000
4.643300e+002,2.742100e+002,0,0,-1.000000e+000,-1.000000e+000
4.643300e+002,2.742100e+002,0,0,-1.000000e+000,-1.000000e+000
2.773200e+002,2.769100e+002,0,0,-1.000000e+000,-1.000000e+000
1.184300e+002,2.824400e+002,0,0,-1.000000e+000,-1.000000e+000
4.897600e+002,2.823500e+002,0,0,-1.000000e+000,-1.000000e+000
1.110500e+002,2.847600e+002,0,0,-1.000000e+000,-1.000000e+000
4.921500e+002,2.864300e+002,0,0,-1.000000e+000,-1.000000e+000
4.921500e+002,2.864300e+002,0,0,-1.000000e+000,-1.000000e+000
4.973700e+002,2.862700e+002,0,0,-1.000000e+000,-1.000000e+000
4.891100e+002,2.875600e+002,0,0,-1.000000e+000,-1.000000e+000
9.402000e+001,2.894400e+002,0,0,-1.000000e+000,-1.000000e+000
2.810200e+002,2.892300e+002,0,0,-1.000000e+000,-1.000000e+000
1.646400e+002,2.899800e+002,0,0,-1.000000e+000,-1.000000e+000
2.705300e+002,2.913800e+002,0,0,-1.000000e+000,-1.000000e+000
5.007600e+002,2.913400e+002,0,0,-1.000000e+000,-1.000000e+000
5.007600e+002,2.913400e+002,0,0,-1.000000e+000,-1.000000e+000
9.421000e+001,2.921400e+002,0,0,-1.000000e+000,-1.000000e+000
4.972200e+002,2.922000e+002,0,0,-1.000000e+000,-1.000000e+000
5.037900e+002,2.929500e+002,0,0,-1.000000e+000,-1.000000e+000
5.037900e+002,2.929500e+002,0,0,-1.000000e+000,-1.000000e+000
5.002700e+002,2.938100e+002,0,0,-1.000000e+000,-1.000000e+000
5.065200e+002,2.945300e+002,0,0,-1.000000e+000,-1.000000e+000
5.065200e+002,2.945300e+002,0,0,-1.000000e+000,-1.000000e+000
7.305000e+001,2.954400e+002,0,0,-1.000000e+000,-1.000000e+000
5.028600e+002,2.954100e+002,0,0,-1.000000e+000,-1.000000e+000
2.482000e+002,2.959700e+002,0,0,-1.000000e+000,-1.000000e+000
5.147900e+002,2.961800e+002,0,0,-1.000000e+000,-1.000000e+000
3.657600e+002,2.966400e+002,0,0,-1.000000e+000,-1.000000e+000
3.657600e+002,2.966400e+002,0,0,-1.000000e+000,-1.000000e+000
3.657600e+002,2.966400e+002,0,0,-1.000000e+000,-1.000000e+000
1.660000e+002,2.972300e+002,0,0,-1.000000e+000,-1.000000e+000
5.058800e+002,2.971900e+002,0,0,-1.000000e+000,-1.000000e+000
7.105000e+001,2.990100e+002,0,0,-1.000000e+000,-1.000000e+000
5.090000e+002,2.987700e+002,0,0,-1.000000e+000,-1.000000e+000
2.174000e+002,3.079900e+002,0,0,-1.000000e+000,-1.000000e+000
2.482400e+002,3.084200e+002,0,0,-1.000000e+000,-1.000000e+000
5.385600e+002,3.096600e+002,0,0,-1.000000e+000,-1.000000e+000
6.209600e+002,3.109800e+002,0,0,-1.000000e+000,-1.000000e+000
2.292200e+002,3.115200e+002,0,0,-1.000000e+000,-1.000000e+000
5.417500e+002,3.115200e+002,0,0,-1.000000e+000,-1.000000e+000
2.347400e+002,3.119900e+002,0,0,-1.000000e+000,-1.000000e+000
5.320000e+002,3.118200e+002,0,0,-1.000000e+000,-1.000000e+000
6.181100e+002,3.126300e+002,0,0,-1.000000e+000,-1.000000e+000
5.457500e+002,3.135300e+002,0,0,-1.000000e+000,-1.000000e+000
5.387800e+002,3.155400e+002,0,0,-1.000000e+000,-1.000000e+000
5.510400e+002,3.164900e+002,0,0,-1.000000e+000,-1.000000e+000
5.419700e+002,3.173100e+002,0,0,-1.000000e+000,-1.000000e+000
6.321900e+002,3.195800e+002,0,0,-1.000000e+000,-1.000000e+000
5.516200e+002,3.198800e+002,0,0,-1.000000e+000,-1.000000e+000
5.516200e+002,3.198800e+002,0,0,-1.000000e+000,-1.000000e+000
5.492200e+002,3.213400e+002,0,0,-1.000000e+000,-1.000000e+000
6.007900e+002,3.215300e+002,0,0,-1.000000e+000,-1.000000e+000
5.522600e+002,3.232200e+002,0,0,-1.000000e+000,-1.000000e+000
1.494400e+002,3.246700e+002,0,0,-1.000000e+000,-1.000000e+000
1.494400e+002,3.246700e+002,0,0,-1.000000e+000,-1.000000e+000
5.601400e+002,3.274400e+002,0,0,-1.000000e+000,-1.000000e+000
5.718400e+002,3.281000e+002,0,0,-1.000000e+000,-1.000000e+000
5.671000e+002,3.315700e+002,0,0,-1.000000e+000,-1.000000e+000
2.594800e+002,3.330000e+002,0,0,-1.000000e+000,-1.000000e+000
6.068300e+002,3.336300e+002,0,0,-1.000000e+000,-1.000000e+000
2.997300e+002,3.339800e+002,0,0,-1.000000e+000,-1.000000e+000
1.264500e+002,3.346600e+002,1,1,1.220500e+002,3.251300e+002
1.264500e+002,3.346600e+002,0,0,-1.000000e+000,-1.000000e+000
2.953800e+002,3.352400e+002,0,0,-1.000000e+000,-1.000000e+000
6.040700e+002,3.350700e+002,0,0,-1.000000e+000,-1.000000e+000
1.395400e+002,3.376100e+002,0,0,-1.000000e+000,-1.000000e+000
1.495000e+002,3.392100e+002,1,1,1.444200e+002,3.296300e+002
1.975900e+002,3.391600e+002,0,0,-1.000000e+000,-1.000000e+000
1.975900e+002,3.391600e+002,0,0,-1.000000e+000,-1.000000e+000
1.420200e+002,3.396900e+002,0,0,-1.000000e+000,-1.000000e+000
3.326400e+002,3.395700e+002,0,0,-1.000000e+000,-1.000000e+000
5.714100e+002,3.393200e+002,0,0,-1.000000e+000,-1.000000e+000
1.391800e+002,3.408700e+002,0,0,-1.000000e+000,-1.000000e+000
3.363100e+002,3.413200e+002,0,0,-1.000000e+000,-1.000000e+000
3.411500e+002,3.414800e+002,0,0,-1.000000e+000,-1.000000e+000
1.479900e+002,3.431000e+002,0,0,-1.000000e+000,-1.000000e+000
1.411800e+002,3.468800e+002,1,1,1.374500e+002,3.372600e+002
1.671400e+002,3.497100e+002,0,0,-1.000000e+000,-1.000000e+000
1.425400e+002,3.501000e+002,0,0,-1.000000e+000,-1.000000e+000
1.425400e+002,3.501000e+002,0,0,-1.000000e+000,-1.000000e+000
1.245000e+002,3.510800e+002,1,1,1.186400e+002,3.413900e+002
1.872500e+002,3.525500e+002,0,0,-1.000000e+000,-1.000000e+000
2.934400e+002,3.565500e+002,0,0,-1.000000e+000,-1.000000e+000
2.844300e+002,3.571000e+002,0,0,-1.000000e+000,-1.000000e+000
5.324600e+002,3.571000e+002,0,0,-1.000000e+000,-1.000000e+000
5.382200e+002,3.568000e+002,0,0,-1.000000e+000,-1.000000e+000
1.048200e+002,3.575900e+002,0,0,-1.000000e+000,-1.000000e+000
2.254300e+002,3.579500e+002,0,0,-1.000000e+000,-1.000000e+000
2.254300e+002,3.579500e+002,0,0,-1.000000e+000,-1.000000e+000
1.131400e+002,3.603600e+002,0,0,-1.000000e+000,-1.000000e+000
1.157800e+002,3.616900e+002,0,0,-1.000000e+000,-1.000000e+000
7.761000e+001,3.635600e+002,0,0,-1.000000e+000,-1.000000e+000
1.882900e+002,3.641800e+002,0,0,-1.000000e+000,-1.000000e+000
1.775900e+002,3.656400e+002,1,1,1.729800e+002,3.567800e+002
5.200100e+002,3.658800e+002,0,0,-1.000000e+000,-1.000000e+000
5.147300e+002,3.686900e+002,0,0,-1.000000e+000,-1.000000e+000
1.287700e+002,3.735100e+002,0,0,-1.000000e+000,-1.000000e+000
4.999500e+002,3.733400e+002,0,0,-1.000000e+000,-1.000000e+000
5.357700e+002,3.756300e+002,0,0,-1.000000e+000,-1.000000e+000
1.522000e+002,3.774800e+002,0,0,-1.000000e+000,-1.000000e+000
8.117000e+001,3.825300e+002,0,0,-1.000000e+000,-1.000000e+000
5.175700e+002,3.826600e+002,0,0,-1.000000e+000,-1.000000e+000
1.297200e+002,3.863200e+002,0,0,-1.000000e+000,-1.000000e+000
4.834000e+001,3.873400e+002,0,0,-1.000000e+000,-1.000000e+000
4.744300e+002,3.888600e+002,0,0,-1.000000e+000,-1.000000e+000
1.851900e+002,3.893100e+002,0,0,-1.000000e+000,-1.000000e+000
6.602000e+001,3.913200e+002,0,0,-1.000000e+000,-1.000000e+000
4.691800e+002,3.914600e+002,0,0,-1.000000e+000,-1.000000e+000
1.214700e+002,3.918000e+002,1,1,1.167500e+002,3.825000e+002
9.241000e+001,3.943100e+002,0,0,-1.000000e+000,-1.000000e+000
4.524700e+002,3.970200e+002,0,0,-1.000000e+000,-1.000000e+000
9.202000e+001,3.973600e+002,0,0,-1.000000e+000,-1.000000e+000
4.444200e+002,4.009800e+002,0,0,-1.000000e+000,-1.000000e+000
4.805100e+002,4.013800e+002,0,0,-1.000000e+000,-1.000000e+000
1.046700e+002,4.023000e+002,0,0,-1.000000e+000,-1.000000e+000
1.046700e+002,4.023000e+002,0,0,-1.000000e+000,-1.000000e+000
2.555000e+001,4.038500e+002,0,0,-1.000000e+000,-1.000000e+000
6.592000e+001,4.063500e+002,0,0,-1.000000e+000,-1.000000e+000
1.221400e+002,4.103600e+002,0,0,-1.000000e+000,-1.000000e+000
4.225000e+002,4.145400e+002,0,0,-1.000000e+000,-1.000000e+000
4.185000e+002,4.165700e+002,0,0,-1.000000e+000,-1.000000e+000
8.605000e+001,4.172900e+002,1,1,8.052000e+001,4.072500e+002
8.605000e+001,4.172900e+002,0,0,-1.000000e+000,-1.000000e+000
4.097600e+002,4.180900e+002,0,0,-1.000000e+000,-1.000000e+000
6.960000e+001,4.197000e+002,0,0,-1.000000e+000,-1.000000e+000
6.960000e+001,4.197000e+002,0,0,-1.000000e+000,-1.000000e+000
7.760000e+001,4.195100e+002,1,1,7.267000e+001,4.098000e+002
4.069900e+002,4.195400e+002,0,0,-1.000000e+000,-1.000000e+000
4.391000e+002,4.225400e+002,0,0,-1.000000e+000,-1.000000e+000
4.040000e+002,4.236000e+002,0,0,-1.000000e+000,-1.000000e+000
1.298500e+002,4.256500e+002,1,1,1.276200e+002,4.135400e+002
1.298500e+002,4.256500e+002,1,1,1.276200e+002,4.135400e+002
4.327200e+002,4.257500e+002,0,0,-1.000000e+000,-1.000000e+000
7.696000e+001,4.257700e+002,0,0,-1.000000e+000,-1.000000e+000
4.285400e+002,4.278900e+002,0,0,-1.000000e+000,-1.000000e+000
1.253900e+002,4.288100e+002,0,0,-1.000000e+000,-1.000000e+000
1.253900e+002,4.288100e+002,0,0,-1.000000e+000,-1.000000e+000
6.701000e+001,4.324300e+002,0,0,-1.000000e+000,-1.000000e+000
4.165000e+002,4.342000e+002,0,0,-1.000000e+000,-1.000000e+000
3.814600e+002,4.345600e+002,0,0,-1.000000e+000,-1.000000e+000
1.757000e+001,4.354800e+002,0,0,-1.000000e+000,-1.000000e+000
1.087800e+002,4.403800e+002,0,0,-1.000000e+000,-1.000000e+000
1.087800e+002,4.403800e+002,0,0,-1.000000e+000,-1.000000e+000
3.570900e+002,4.436100e+002,0,0,-1.000000e+000,-1.000000e+000
1.041400e+002,4.463700e+002,0,0,-1.000000e+000,-1.000000e+000
9.548000e+001,4.495300e+002,0,0,-1.000000e+000,-1.000000e+000
9.548000e+001,4.495300e+002,0,0,-1.000000e+000,-1.000000e+000
3.463300e+002,4.513900e+002,0,0,-1.000000e+000,-1.000000e+000
3.302600e+002,4.591500e+002,0,0,-1.000000e+000,-1.000000e+000
8.403000e+001,4.599400e+002,0,0,-1.000000e+000,-1.000000e+000
7.972000e+001,4.630200e+002,0,0,-1.000000e+000,-1.000000e+000
3.171100e+002,4.655100e+002,0,0,-1.000000e+000,-1.000000e+000
3.542800e+002,4.677400e+002,0,0,-1.000000e+000,-1.000000e+000
6.617000e+001,4.685500e+002,0,0,-1.000000e+000,-1.000000e+000
6.617000e+001,4.685500e+002,0,0,-1.000000e+000,-1.000000e+000
7.097000e+001,4.683500e+002,0,0,-1.000000e+000,-1.000000e+000
6.278000e+001,4.708300e+002,0,0,-1.000000e+000,-1.000000e+000
6.278000e+001,4.708300e+002,0,0,-1.000000e+000,-1.000000e+000
6.319000e+001,4.734500e+002,0,0,-1.000000e+000,-1.000000e+000
3.321600e+002,4.755700e+002,0,0,-1.000000e+000,-1.000000e+000
5.966000e+002,1.375000e+001,0,0,-1.000000e+000,-1.000000e+000
3.990100e+002,2.018000e+001,0,0,-1.000000e+000,-1.000000e+000
3.986800e+002,2.458000e+001,0,0,-1.000000e+000,-1.000000e+000
4.223400e+002,7.048000e+001,0,0,-1.000000e+000,-1.000000e+000
4.223400e+002,7.048000e+001,0,0,-1.000000e+000,-1.000000e+000
3.963900e+002,7.804000e+001,0,0,-1.000000e+000,-1.000000e+000
5.379000e+002,8.489000e+001,0,0,-1.000000e+000,-1.000000e+000
6.351500e+002,1.028300e+002,0,0,-1.000000e+000,-1.000000e+000
3.949200e+002,1.117800e+002,0,0,-1.000000e+000,-1.000000e+000
1.623000e+002,1.124500e+002,0,0,-1.000000e+000,-1.000000e+000
3.946300e+002,1.182500e+002,0,0,-1.000000e+000,-1.000000e+000
6.206800e+002,1.214400e+002,0,0,-1.000000e+000,-1.000000e+000
6.240400e+002,1.224900e+002,0,0,-1.000000e+000,-1.000000e+000
1.278900e+002,1.280400e+002,0,0,-1.000000e+000,-1.000000e+000
7.879000e+001,1.370500e+002,0,0,-1.000000e+000,-1.000000e+000
7.465000e+001,1.409300e+002,0,0,-1.000000e+000,-1.000000e+000
4.631200e+002,1.445700e+002,0,0,-1.000000e+000,-1.000000e+000
4.682400e+002,1.464100e+002,0,0,-1.000000e+000,-1.000000e+000
5.338300e+002,1.499200e+002,0,0,-1.000000e+000,-1.000000e+000
4.837800e+002,1.521800e+002,0,0,-1.000000e+000,-1.000000e+000
4.833100e+002,1.552400e+002,0,0,-1.000000e+000,-1.000000e+000
5.037200e+002,1.630500e+002,0,0,-1.000000e+000,-1.000000e+000
6.262800e+002,1.713900e+002,0,0,-1.000000e+000,-1.000000e+000
3.656800e+002,1.720600e+002,0,0,-1.000000e+000,-1.000000e+000
1.747100e+002,1.810400e+002,0,0,-1.000000e+000,-1.000000e+000
4.017500e+002,1.849500e+002,0,0,-1.000000e+000,-1.000000e+000
5.816800e+002,1.860300e+002,0,0,-1.000000e+000,-1.000000e+000
5.752400e+002,1.901100e+002,0,0,-1.000000e+000,-1.000000e+000
5.471500e+002,1.946200e+002,0,0,-1.000000e+000,-1.000000e+000
5.539900e+002,1.951200e+002,0,0,-1.000000e+000,-1.000000e+000
2.008900e+002,2.012900e+002,0,0,-1.000000e+000,-1.000000e+000
6.287700e+002,2.089300e+002,0,0,-1.000000e+000,-1.000000e+000
6.287700e+002,2.089300e+002,0,0,-1.000000e+000,-1.000000e+000
5.762800e+002,2.127800e+002,1,1,5.752100e+002,2.066100e+002
5.762800e+002,2.127800e+002,0,0,-1.000000e+000,-1.000000e+000
2.603500e+002,2.133400e+002,0,0,-1.000000e+000,-1.000000e+000
5.978700e+002,2.210800e+002,0,0,-1.000000e+000,-1.000000e+000
5.946200e+002,2.230100e+002,0,0,-1.000000e+000,-1.000000e+000
4.866000e+002,2.239400e+002,0,0,-1.000000e+000,-1.000000e+000
4.866000e+002,2.239400e+002,0,0,-1.000000e+000,-1.000000e+000
6.035200e+002,2.240500e+002,1,1,6.022700e+002,2.175400e+002
6.083700e+002,2.256500e+002,0,0,-1.000000e+000,-1.000000e+000
6.041900e+002,2.279000e+002,1,1,6.000100e+002,2.202700e+002
4.819400e+002,2.294900e+002,1,1,4.796200e+002,2.219500e+002
4.841300e+002,2.324300e+002,0,0,-1.000000e+000,-1.000000e+000
2.604100e+002,2.414200e+002,0,0,-1.000000e+000,-1.000000e+000
1.809400e+002,2.434300e+002,0,0,-1.000000e+000,-1.000000e+000
2.134100e+002,2.496600e+002,0,0,-1.000000e+000,-1.000000e+000
2.521300e+002,2.556100e+002,0,0,-1.000000e+000,-1.000000e+000
4.638500e+002,2.607700e+002,0,0,-1.000000e+000,-1.000000e+000
1.794000e+002,2.644800e+002,0,0,-1.000000e+000,-1.000000e+000
2.669900e+002,2.650200e+002,0,0,-1.000000e+000,-1.000000e+000
4.277100e+002,2.677600e+002,0,0,-1.000000e+000,-1.000000e+000
2.699300e+002,2.684000e+002,0,0,-1.000000e+000,-1.000000e+000
1.642400e+002,2.721500e+002,1,1,1.604800e+002,2.626600e+002
2.736200e+002,2.725500e+002,0,0,-1.000000e+000,-1.000000e+000
1.314900e+002,2.843000e+002,0,0,-1.000000e+000,-1.000000e+000
4.893600e+002,2.884100e+002,0,0,-1.000000e+000,-1.000000e+000
4.893600e+002,2.884100e+002,0,0,-1.000000e+000,-1.000000e+000
4.853600e+002,2.912300e+002,0,0,-1.000000e+000,-1.000000e+000
3.632100e+002,2.913500e+002,0,0,-1.000000e+000,-1.000000e+000
2.591400e+002,2.923700e+002,0,0,-1.000000e+000,-1.000000e+000
9.065000e+001,2.933900e+002,0,0,-1.000000e+000,-1.000000e+000
4.820400e+002,2.976300e+002,0,0,-1.000000e+000,-1.000000e+000
3.599700e+002,2.993200e+002,0,0,-1.000000e+000,-1.000000e+000
3.599700e+002,2.993200e+002,0,0,-1.000000e+000,-1.000000e+000
5.171000e+001,3.043500e+002,0,0,-1.000000e+000,-1.000000e+000
3.569000e+001,3.059800e+002,0,0,-1.000000e+000,-1.000000e+000
4.457000e+001,3.067000e+002,0,0,-1.000000e+000,-1.000000e+000
4.960000e+000,3.071800e+002,0,0,-1.000000e+000,-1.000000e+000
3.142000e+001,3.104300e+002,0,0,-1.000000e+000,-1.000000e+000
1.573200e+002,3.173700e+002,0,0,-1.000000e+000,-1.000000e+000
6.121000e+002,3.307000e+002,0,0,-1.000000e+000,-1.000000e+000
1.747800e+002,3.307600e+002,0,0,-1.000000e+000,-1.000000e+000
1.747800e+002,3.307600e+002,1,1,1.705600e+002,3.221900e+002
1.724100e+002,3.342800e+002,1,1,1.682300e+002,3.250100e+002
1.308700e+002,3.387000e+002,0,0,-1.000000e+000,-1.000000e+000
3.324900e+002,3.426100e+002,0,0,-1.000000e+000,-1.000000e+000
1.499700e+002,3.455300e+002,0,0,-1.000000e+000,-1.000000e+000
1.688500e+002,3.469400e+002,0,0,-1.000000e+000,-1.000000e+000
2.049700e+002,3.473600e+002,1,1,2.019000e+002,3.385200e+002
2.049700e+002,3.473600e+002,0,0,-1.000000e+000,-1.000000e+000
1.728300e+002,3.501000e+002,0,0,-1.000000e+000,-1.000000e+000
1.758100e+002,3.520200e+002,0,0,-1.000000e+000,-1.000000e+000
1.133100e+002,3.531400e+002,0,0,-1.000000e+000,-1.000000e+000
1.133100e+002,3.531400e+002,0,0,-1.000000e+000,-1.000000e+000
1.228400e+002,3.544300e+002,1,1,1.183200e+002,3.448700e+002
1.872200e+002,3.596300e+002,0,0,-1.000000e+000,-1.000000e+000
9.681000e+001,3.624700e+002,0,0,-1.000000e+000,-1.000000e+000
1.430400e+002,3.625900e+002,1,1,1.372400e+002,3.524200e+002
1.430400e+002,3.625900e+002,1,1,1.372400e+002,3.524200e+002
1.125200e+002,3.644100e+002,0,0,-1.000000e+000,-1.000000e+000
8.051000e+001,3.648700e+002,0,0,-1.000000e+000,-1.000000e+000
1.049500e+002,3.650700e+002,0,0,-1.000000e+000,-1.000000e+000
1.156600e+002,3.664700e+002,0,0,-1.000000e+000,-1.000000e+000
1.156600e+002,3.664700e+002,0,0,-1.000000e+000,-1.000000e+000
1.046900e+002,3.689500e+002,0,0,-1.000000e+000,-1.000000e+000
1.074200e+002,3.712600e+002,0,0,-1.000000e+000,-1.000000e+000
1.074200e+002,3.712600e+002,1,1,1.029800e+002,3.622000e+002
1.074200e+002,3.712600e+002,0,0,-1.000000e+000,-1.000000e+000
8.800000e+001,3.718100e+002,0,0,-1.000000e+000,-1.000000e+000
1.721700e+002,3.718200e+002,0,0,-1.000000e+000,-1.000000e+000
9.764000e+001,3.729100e+002,1,1,9.264000e+001,3.630800e+002
7.580000e+001,3.748400e+002,0,0,-1.000000e+000,-1.000000e+000
8.647000e+001,3.761100e+002,1,1,8.128000e+001,3.663000e+002
9.930000e+001,3.761600e+002,0,0,-1.000000e+000,-1.000000e+000
9.930000e+001,3.761600e+002,0,0,-1.000000e+000,-1.000000e+000
1.377500e+002,3.769700e+002,0,0,-1.000000e+000,-1.000000e+000
1.377500e+002,3.769700e+002,0,0,-1.000000e+000,-1.000000e+000
8.736000e+001,3.796300e+002,0,0,-1.000000e+000,-1.000000e+000
6.718000e+001,3.798900e+002,0,0,-1.000000e+000,-1.000000e+000
1.609300e+002,3.798600e+002,0,0,-1.000000e+000,-1.000000e+000
9.067000e+001,3.813500e+002,0,0,-1.000000e+000,-1.000000e+000
9.067000e+001,3.813500e+002,0,0,-1.000000e+000,-1.000000e+000
7.574000e+001,3.824300e+002,0,0,-1.000000e+000,-1.000000e+000
1.611700e+002,3.839300e+002,1,1,1.566400e+002,3.741200e+002
5.830000e+001,3.852900e+002,0,0,-1.000000e+000,-1.000000e+000
8.232000e+001,3.866300e+002,0,0,-1.000000e+000,-1.000000e+000
8.232000e+001,3.866300e+002,0,0,-1.000000e+000,-1.000000e+000
8.232000e+001,3.866300e+002,0,0,-1.000000e+000,-1.000000e+000
7.210000e+001,3.883400e+002,1,1,6.609000e+001,3.790000e+002
1.099300e+002,3.886700e+002,0,0,-1.000000e+000,-1.000000e+000
1.329400e+002,3.887500e+002,0,0,-1.000000e+000,-1.000000e+000
1.329400e+002,3.887500e+002,1,1,1.273200e+002,3.785400e+002
4.927000e+001,3.906200e+002,1,1,4.396000e+001,3.808800e+002
4.927000e+001,3.906200e+002,1,1,4.396000e+001,3.808800e+002
7.347000e+001,3.919500e+002,0,0,-1.000000e+000,-1.000000e+000
7.347000e+001,3.919500e+002,0,0,-1.000000e+000,-1.000000e+000
7.347000e+001,3.919500e+002,0,0,-1.000000e+000,-1.000000e+000
4.879000e+001,3.954700e+002,0,0,-1.000000e+000,-1.000000e+000
6.438000e+001,3.973600e+002,0,0,-1.000000e+000,-1.000000e+000
6.438000e+001,3.973600e+002,0,0,-1.000000e+000,-1.000000e+000
3.541000e+001,3.986400e+002,0,0,-1.000000e+000,-1.000000e+000
3.541000e+001,3.986400e+002,0,0,-1.000000e+000,-1.000000e+000
3.541000e+001,3.986400e+002,0,0,-1.000000e+000,-1.000000e+000
4.699000e+001,3.996000e+002,0,0,-1.000000e+000,-1.000000e+000
1.379700e+002,3.993300e+002,0,0,-1.000000e+000,-1.000000e+000
8.323000e+001,4.036400e+002,0,0,-1.000000e+000,-1.000000e+000
1.600000e+001,4.097100e+002,0,0,-1.000000e+000,-1.000000e+000
5.702000e+001,4.119200e+002,0,0,-1.000000e+000,-1.000000e+000
5.702000e+001,4.119200e+002,0,0,-1.000000e+000,-1.000000e+000
5.988000e+001,4.151000e+002,0,0,-1.000000e+000,-1.000000e+000
5.988000e+001,4.151000e+002,0,0,-1.000000e+000,-1.000000e+000
6.090000e+000,4.155200e+002,0,0,-1.000000e+000,-1.000000e+000
6.090000e+000,4.155200e+002,0,0,-1.000000e+000,-1.000000e+000
6.090000e+000,4.155200e+002,0,0,-1.000000e+000,-1.000000e+000
6.555000e+001,4.161900e+002,0,0,-1.000000e+000,-1.000000e+000
9.046000e+001,4.164000e+002,0,0,-1.000000e+000,-1.000000e+000
2.664000e+001,4.201400e+002,0,0,-1.000000e+000,-1.000000e+000
2.664000e+001,4.201400e+002,0,0,-1.000000e+000,-1.000000e+000
5.062000e+001,4.208400e+002,0,0,-1.000000e+000,-1.000000e+000
1.513000e+001,4.221000e+002,0,0,-1.000000e+000,-1.000000e+000
4.096000e+001,4.269300e+002,0,0,-1.000000e+000,-1.000000e+000
4.096000e+001,4.269300e+002,0,0,-1.000000e+000,-1.000000e+000
2.792000e+001,4.294600e+002,0,0,-1.000000e+000,-1.000000e+000
5.896000e+001,4.315200e+002,0,0,-1.000000e+000,-1.000000e+000
3.673000e+001,4.337700e+002,0,0,-1.000000e+000,-1.000000e+000
3.673000e+001,4.337700e+002,0,0,-1.000000e+000,-1.000000e+000
6.266000e+001,4.342000e+002,0,0,-1.000000e+000,-1.000000e+000
6.477000e+001,4.369200e+002,0,0,-1.000000e+000,-1.000000e+000
4.090000e+001,4.377100e+002,0,0,-1.000000e+000,-1.000000e+000
3.760400e+002,4.374200e+002,0,0,-1.000000e+000,-1.000000e+000
2.330000e+000,4.453100e+002,0,0,-1.000000e+000,-1.000000e+000
2.330000e+000,4.453100e+002,0,0,-1.000000e+000,-1.000000e+000
4.272000e+001,4.466900e+002,0,0,-1.000000e+000,-1.000000e+000
4.272000e+001,4.466900e+002,0,0,-1.000000e+000,-1.000000e+000
5.020000e+000,4.479000e+002,0,0,-1.000000e+000,-1.000000e+000
5.020000e+000,4.479000e+002,0,0,-1.000000e+000,-1.000000e+000
2.910000e+001,4.505000e+002,0,0,-1.000000e+000,-1.000000e+000
2.925800e+002,4.739400e+002,0,0,-1.000000e+000,-1.000000e+000
5.989700e+002,2.780000e+000,0,0,-1.000000e+000,-1.000000e+000
5.365000e+002,4.231000e+001,1,1,5.374000e+002,3.395000e+001
3.973700e+002,5.845000e+001,0,0,-1.000000e+000,-1.000000e+000
5.431600e+002,6.499000e+001,0,0,-1.000000e+000,-1.000000e+000
6.228400e+002,1.039200e+002,0,0,-1.000000e+000,-1.000000e+000
1.467800e+002,1.245700e+002,0,0,-1.000000e+000,-1.000000e+000
1.538900e+002,1.274600e+002,0,0,-1.000000e+000,-1.000000e+000
1.538900e+002,1.274600e+002,0,0,-1.000000e+000,-1.000000e+000
6.197400e+002,1.299500e+002,0,0,-1.000000e+000,-1.000000e+000
4.559400e+002,1.461300e+002,0,0,-1.000000e+000,-1.000000e+000
1.633000e+001,1.486200e+002,0,0,-1.000000e+000,-1.000000e+000
4.767900e+002,1.492500e+002,0,0,-1.000000e+000,-1.000000e+000
9.660000e+000,1.498300e+002,1,1,8.390000e+000,1.395100e+002
4.078900e+002,1.535100e+002,0,0,-1.000000e+000,-1.000000e+000
4.063300e+002,1.579300e+002,0,0,-1.000000e+000,-1.000000e+000
5.329100e+002,1.589100e+002,0,0,-1.000000e+000,-1.000000e+000
5.329100e+002,1.589100e+002,0,0,-1.000000e+000,-1.000000e+000
3.654900e+002,1.683900e+002,0,0,-1.000000e+000,-1.000000e+000
6.163400e+002,1.685900e+002,0,0,-1.000000e+000,-1.000000e+000
3.129400e+002,1.690800e+002,0,0,-1.000000e+000,-1.000000e+000
6.025400e+002,1.738400e+002,0,0,-1.000000e+000,-1.000000e+000
5.601500e+002,1.804100e+002,0,0,-1.000000e+000,-1.000000e+000
3.872600e+002,1.828400e+002,0,0,-1.000000e+000,-1.000000e+000
3.872600e+002,1.828400e+002,0,0,-1.000000e+000,-1.000000e+000
6.204600e+002,1.861500e+002,0,0,-1.000000e+000,-1.000000e+000
5.749900e+002,1.902300e+002,0,0,-1.000000e+000,-1.000000e+000
5.690400e+002,1.942800e+002,0,0,-1.000000e+000,-1.000000e+000
5.329500e+002,2.037400e+002,0,0,-1.000000e+000,-1.000000e+000
5.766500e+002,2.089800e+002,1,1,5.752600e+002,2.019300e+002
5.766500e+002,2.089800e+002,1,1,5.752600e+002,2.019300e+002
2.644400e+002,2.107100e+002,1,1,2.614600e+002,2.020200e+002
5.665800e+002,2.106800e+002,1,1,5.655400e+002,2.043900e+002
6.175800e+002,2.156300e+002,0,0,-1.000000e+000,-1.000000e+000
5.991200e+002,2.249800e+002,0,0,-1.000000e+000,-1.000000e+000
2.599100e+002,2.316500e+002,1,1,2.565300e+002,2.231900e+002
5.326300e+002,2.320900e+002,0,0,-1.000000e+000,-1.000000e+000
2.640400e+002,2.338000e+002,0,0,-1.000000e+000,-1.000000e+000
1.807100e+002,2.363300e+002,0,0,-1.000000e+000,-1.000000e+000
4.973300e+002,2.451500e+002,0,0,-1.000000e+000,-1.000000e+000
2.161800e+002,2.455000e+002,0,0,-1.000000e+000,-1.000000e+000
4.474200e+002,2.659600e+002,0,0,-1.000000e+000,-1.000000e+000
1.638500e+002,2.852600e+002,0,0,-1.000000e+000,-1.000000e+000
2.810500e+002,2.863500e+002,0,0,-1.000000e+000,-1.000000e+000
3.671600e+002,2.925200e+002,1,1,3.630800e+002,2.843300e+002
4.430500e+002,3.011400e+002,0,0,-1.000000e+000,-1.000000e+000
3.633600e+002,3.027800e+002,0,0,-1.000000e+000,-1.000000e+000
2.121500e+002,3.065000e+002,0,0,-1.000000e+000,-1.000000e+000
2.413900e+002,3.092300e+002,0,0,-1.000000e+000,-1.000000e+000
5.798900e+002,3.313100e+002,1,1,5.759000e+002,3.239600e+002
1.851700e+002,3.340500e+002,0,0,-1.000000e+000,-1.000000e+000
1.921600e+002,3.347500e+002,1,1,1.889400e+002,3.262900e+002
5.778900e+002,3.350900e+002,0,0,-1.000000e+000,-1.000000e+000
5.725200e+002,3.356100e+002,0,0,-1.000000e+000,-1.000000e+000
1.923200e+002,3.390400e+002,1,1,1.879400e+002,3.297900e+002
1.607400e+002,3.404000e+002,1,1,1.562100e+002,3.314000e+002
1.607400e+002,3.404000e+002,0,0,-1.000000e+000,-1.000000e+000
1.705800e+002,3.426500e+002,0,0,-1.000000e+000,-1.000000e+000
1.989900e+002,3.430300e+002,1,1,1.947900e+002,3.341200e+002
1.989900e+002,3.430300e+002,1,1,1.947900e+002,3.341200e+002
2.060200e+002,3.436200e+002,0,0,-1.000000e+000,-1.000000e+000
1.663100e+002,3.452500e+002,1,1,1.603200e+002,3.355500e+002
1.357200e+002,3.461600e+002,0,0,-1.000000e+000,-1.000000e+000
1.246900e+002,3.470500e+002,1,1,1.198300e+002,3.376200e+002
1.246900e+002,3.470500e+002,1,1,1.198300e+002,3.376200e+002
1.924200e+002,3.476400e+002,0,0,-1.000000e+000,-1.000000e+000
1.392700e+002,3.485500e+002,0,0,-1.000000e+000,-1.000000e+000
1.477200e+002,3.493300e+002,0,0,-1.000000e+000,-1.000000e+000
1.846400e+002,3.522700e+002,0,0,-1.000000e+000,-1.000000e+000
1.911500e+002,3.519500e+002,1,1,1.867500e+002,3.423300e+002
1.401400e+002,3.540300e+002,1,1,1.353000e+002,3.444300e+002
1.348900e+002,3.556900e+002,0,0,-1.000000e+000,-1.000000e+000
1.348900e+002,3.556900e+002,0,0,-1.000000e+000,-1.000000e+000
1.808400e+002,3.553000e+002,0,0,-1.000000e+000,-1.000000e+000
1.112000e+002,3.570800e+002,0,0,-1.000000e+000,-1.000000e+000
1.112000e+002,3.570800e+002,1,1,1.060200e+002,3.472600e+002
1.467900e+002,3.593900e+002,1,1,1.418400e+002,3.499700e+002
1.897700e+002,3.611100e+002,1,1,1.837800e+002,3.512200e+002
1.026700e+002,3.617800e+002,1,1,9.802000e+001,3.518700e+002
9.462000e+001,3.665700e+002,0,0,-1.000000e+000,-1.000000e+000
1.634100e+002,3.669800e+002,0,0,-1.000000e+000,-1.000000e+000
8.879000e+001,3.677400e+002,1,1,8.382000e+001,3.583000e+002
8.879000e+001,3.677400e+002,1,1,8.382000e+001,3.583000e+002
1.620900e+002,3.712300e+002,0,0,-1.000000e+000,-1.000000e+000
1.218500e+002,3.719100e+002,0,0,-1.000000e+000,-1.000000e+000
1.218500e+002,3.719100e+002,0,0,-1.000000e+000,-1.000000e+000
1.673800e+002,3.735600e+002,1,1,1.618400e+002,3.639900e+002
1.624200e+002,3.764200e+002,0,0,-1.000000e+000,-1.000000e+000
1.137000e+002,3.771400e+002,0,0,-1.000000e+000,-1.000000e+000
1.137000e+002,3.771400e+002,0,0,-1.000000e+000,-1.000000e+000
7.355000e+001,3.791000e+002,1,1,6.819000e+001,3.692300e+002
6.465000e+001,3.842500e+002,0,0,-1.000000e+000,-1.000000e+000
6.465000e+001,3.842500e+002,0,0,-1.000000e+000,-1.000000e+000
1.154800e+002,3.872300e+002,0,0,-1.000000e+000,-1.000000e+000
5.612000e+001,3.896300e+002,0,0,-1.000000e+000,-1.000000e+000
5.612000e+001,3.896300e+002,0,0,-1.000000e+000,-1.000000e+000
1.392400e+002,3.901900e+002,0,0,-1.000000e+000,-1.000000e+000
9.823000e+001,3.978200e+002,0,0,-1.000000e+000,-1.000000e+000
4.849500e+002,3.986000e+002,0,0,-1.000000e+000,-1.000000e+000
1.092000e+002,3.999900e+002,0,0,-1.000000e+000,-1.000000e+000
3.290000e+001,4.029000e+002,0,0,-1.000000e+000,-1.000000e+000
3.290000e+001,4.029000e+002,0,0,-1.000000e+000,-1.000000e+000
5.542000e+001,4.028200e+002,0,0,-1.000000e+000,-1.000000e+000
5.542000e+001,4.028200e+002,0,0,-1.000000e+000,-1.000000e+000
1.181800e+002,4.037500e+002,0,0,-1.000000e+000,-1.000000e+000
1.181800e+002,4.037500e+002,0,0,-1.000000e+000,-1.000000e+000
1.077600e+002,4.048100e+002,0,0,-1.000000e+000,-1.000000e+000
1.007100e+002,4.055400e+002,0,0,-1.000000e+000,-1.000000e+000
2.334000e+001,4.086200e+002,0,0,-1.000000e+000,-1.000000e+000
2.334000e+001,4.086200e+002,0,0,-1.000000e+000,-1.000000e+000
4.619000e+001,4.087300e+002,0,0,-1.000000e+000,-1.000000e+000
4.619000e+001,4.087300e+002,0,0,-1.000000e+000,-1.000000e+000
6.895000e+001,4.090900e+002,0,0,-1.000000e+000,-1.000000e+000
9.879000e+001,4.104300e+002,1,1,9.367000e+001,4.002600e+002
9.213000e+001,4.112800e+002,0,0,-1.000000e+000,-1.000000e+000
9.213000e+001,4.112800e+002,0,0,-1.000000e+000,-1.000000e+000
3.661000e+001,4.144300e+002,0,0,-1.000000e+000,-1.000000e+000
3.661000e+001,4.144300e+002,0,0,-1.000000e+000,-1.000000e+000
2.362000e+001,4.172200e+002,0,0,-1.000000e+000,-1.000000e+000
8.329000e+001,4.171800e+002,1,1,7.830000e+001,4.071500e+002
8.121000e+001,4.221400e+002,1,1,7.580000e+001,4.117100e+002
5.642000e+001,4.222600e+002,0,0,-1.000000e+000,-1.000000e+000
5.642000e+001,4.222600e+002,0,0,-1.000000e+000,-1.000000e+000
1.700000e+001,4.263700e+002,0,0,-1.000000e+000,-1.000000e+000
7.194000e+001,4.280000e+002,1,1,6.719000e+001,4.175600e+002
4.699000e+001,4.282700e+002,1,1,4.146000e+001,4.183600e+002
4.699000e+001,4.282700e+002,0,0,-1.000000e+000,-1.000000e+000
3.112000e+001,4.328000e+002,0,0,-1.000000e+000,-1.000000e+000
2.067000e+001,4.387800e+002,0,0,-1.000000e+000,-1.000000e+000
2.067000e+001,4.387800e+002,0,0,-1.000000e+000,-1.000000e+000
5.250000e+001,4.402600e+002,0,0,-1.000000e+000,-1.000000e+000
6.188000e+001,4.404400e+002,1,1,5.615000e+001,4.305500e+002
6.188000e+001,4.404400e+002,1,1,5.615000e+001,4.305500e+002
4.952000e+001,4.486700e+002,1,1,4.372000e+001,4.387500e+002
4.952000e+001,4.486700e+002,1,1,4.372000e+001,4.387500e+002
5.982000e+001,4.504400e+002,0,0,-1.000000e+000,-1.000000e+000
3.660000e+001,4.570300e+002,0,0,-1.000000e+000,-1.000000e+000
1.861000e+001,4.607100e+002,0,0,-1.000000e+000,-1.000000e+000
1.861000e+001,4.607100e+002,0,0,-1.000000e+000,-1.000000e+000
6.225200e+002,5.718000e+001,0,0,-1.000000e+000,-1.000000e+000
6.225200e+002,5.718000e+001,0,0,-1.000000e+000,-1.000000e+000
6.222700e+002,1.179800e+002,0,0,-1.000000e+000,-1.000000e+000
5.379600e+002,1.386000e+002,0,0,-1.000000e+000,-1.000000e+000
5.328500e+002,1.430700e+002,0,0,-1.000000e+000,-1.000000e+000
4.684500e+002,1.459900e+002,0,0,-1.000000e+000,-1.000000e+000
4.080000e+002,1.532100e+002,1,1,4.060700e+002,1.452500e+002
5.291200e+002,1.547400e+002,0,0,-1.000000e+000,-1.000000e+000
5.367800e+002,1.622700e+002,0,0,-1.000000e+000,-1.000000e+000
5.366900e+002,1.707700e+002,0,0,-1.000000e+000,-1.000000e+000
5.831600e+002,1.725000e+002,0,0,-1.000000e+000,-1.000000e+000
1.754500e+002,1.796800e+002,0,0,-1.000000e+000,-1.000000e+000
5.636700e+002,1.872100e+002,0,0,-1.000000e+000,-1.000000e+000
3.293800e+002,1.938100e+002,0,0,-1.000000e+000,-1.000000e+000
5.328200e+002,2.038300e+002,0,0,-1.000000e+000,-1.000000e+000
2.653600e+002,2.109700e+002,0,0,-1.000000e+000,-1.000000e+000
5.024000e+002,2.140900e+002,0,0,-1.000000e+000,-1.000000e+000
5.652700e+002,2.232000e+002,0,0,-1.000000e+000,-1.000000e+000
6.051400e+002,2.321000e+002,0,0,-1.000000e+000,-1.000000e+000
2.375400e+002,2.362700e+002,0,0,-1.000000e+000,-1.000000e+000
4.811700e+002,2.375000e+002,0,0,-1.000000e+000,-1.000000e+000
1.841200e+002,2.541900e+002,0,0,-1.000000e+000,-1.000000e+000
4.955000e+002,2.577700e+002,0,0,-1.000000e+000,-1.000000e+000
4.872400e+002,2.722200e+002,0,0,-1.000000e+000,-1.000000e+000
2.804100e+002,2.860600e+002,0,0,-1.000000e+000,-1.000000e+000
1.650800e+002,2.951500e+002,0,0,-1.000000e+000,-1.000000e+000
3.869900e+002,3.171800e+002,1,1,3.832400e+002,3.091200e+002
3.869900e+002,3.171800e+002,1,1,3.832400e+002,3.091200e+002
1.519700e+002,3.191000e+002,0,0,-1.000000e+000,-1.000000e+000
1.430600e+002,3.409900e+002,0,0,-1.000000e+000,-1.000000e+000
1.634100e+002,3.488300e+002,1,1,1.600800e+002,3.395300e+002
2.128700e+002,3.490000e+002,1,1,2.085900e+002,3.393400e+002
1.540800e+002,3.545100e+002,1,1,1.495200e+002,3.451700e+002
1.540800e+002,3.545100e+002,1,1,1.495200e+002,3.451700e+002
2.055700e+002,3.537500e+002,1,1,2.010800e+002,3.447800e+002
1.086000e+002,3.616800e+002,0,0,-1.000000e+000,-1.000000e+000
1.841700e+002,3.628400e+002,0,0,-1.000000e+000,-1.000000e+000
1.738300e+002,3.747000e+002,0,0,-1.000000e+000,-1.000000e+000
1.481700e+002,3.823200e+002,0,0,-1.000000e+000,-1.000000e+000
1.481700e+002,3.823200e+002,0,0,-1.000000e+000,-1.000000e+000
1.481700e+002,3.823200e+002,0,0,-1.000000e+000,-1.000000e+000
1.552500e+002,3.815700e+002,0,0,-1.000000e+000,-1.000000e+000
1.067400e+002,3.830800e+002,1,1,1.014400e+002,3.733200e+002
1.067400e+002,3.830800e+002,0,0,-1.000000e+000,-1.000000e+000
7.081000e+001,3.838700e+002,1,1,6.555000e+001,3.734200e+002
7.655000e+001,3.864900e+002,0,0,-1.000000e+000,-1.000000e+000
9.820000e+001,3.882900e+002,0,0,-1.000000e+000,-1.000000e+000
9.820000e+001,3.882900e+002,0,0,-1.000000e+000,-1.000000e+000
1.457600e+002,3.878700e+002,1,1,1.407900e+002,3.782400e+002
1.457600e+002,3.878700e+002,1,1,1.407900e+002,3.782400e+002
1.264000e+002,3.895000e+002,0,0,-1.000000e+000,-1.000000e+000
1.264000e+002,3.895000e+002,0,0,-1.000000e+000,-1.000000e+000
1.072700e+002,3.925400e+002,0,0,-1.000000e+000,-1.000000e+000
1.072700e+002,3.925400e+002,0,0,-1.000000e+000,-1.000000e+000
8.955000e+001,3.935500e+002,0,0,-1.000000e+000,-1.000000e+000
8.955000e+001,3.935500e+002,0,0,-1.000000e+000,-1.000000e+000
8.955000e+001,3.935500e+002,0,0,-1.000000e+000,-1.000000e+000
1.356800e+002,3.943700e+002,1,1,1.303600e+002,3.844800e+002
1.356800e+002,3.943700e+002,0,0,-1.000000e+000,-1.000000e+000
1.428100e+002,3.948900e+002,0,0,-1.000000e+000,-1.000000e+000
1.289200e+002,3.960800e+002,0,0,-1.000000e+000,-1.000000e+000
8.090000e+001,3.990900e+002,0,0,-1.000000e+000,-1.000000e+000
8.090000e+001,3.990900e+002,0,0,-1.000000e+000,-1.000000e+000
8.090000e+001,3.990900e+002,0,0,-1.000000e+000,-1.000000e+000
1.327800e+002,4.016100e+002,0,0,-1.000000e+000,-1.000000e+000
3.894000e+001,4.027800e+002,0,0,-1.000000e+000,-1.000000e+000
7.157000e+001,4.042200e+002,1,1,6.607000e+001,3.944800e+002
7.157000e+001,4.042200e+002,0,0,-1.000000e+000,-1.000000e+000
9.009000e+001,4.035700e+002,0,0,-1.000000e+000,-1.000000e+000
9.009000e+001,4.035700e+002,0,0,-1.000000e+000,-1.000000e+000
1.144300e+002,4.081700e+002,1,1,1.082200e+002,3.986900e+002
1.144300e+002,4.081700e+002,1,1,1.082200e+002,3.986900e+002
1.144300e+002,4.081700e+002,0,0,-1.000000e+000,-1.000000e+000
8.112000e+001,4.089300e+002,0,0,-1.000000e+000,-1.000000e+000
8.112000e+001,4.089300e+002,0,0,-1.000000e+000,-1.000000e+000
6.247000e+001,4.101000e+002,1,1,5.715000e+001,4.001900e+002
6.247000e+001,4.101000e+002,0,0,-1.000000e+000,-1.000000e+000
7.181000e+001,4.146200e+002,0,0,-1.000000e+000,-1.000000e+000
5.348000e+001,4.157300e+002,0,0,-1.000000e+000,-1.000000e+000
5.348000e+001,4.157300e+002,0,0,-1.000000e+000,-1.000000e+000
6.244000e+001,4.203200e+002,0,0,-1.000000e+000,-1.000000e+000
4.322000e+001,4.213700e+002,0,0,-1.000000e+000,-1.000000e+000
7.382000e+001,4.228100e+002,0,0,-1.000000e+000,-1.000000e+000
7.382000e+001,4.228100e+002,0,0,-1.000000e+000,-1.000000e+000
5.315000e+001,4.265400e+002,0,0,-1.000000e+000,-1.000000e+000
3.404000e+001,4.274200e+002,0,0,-1.000000e+000,-1.000000e+000
6.464000e+001,4.287300e+002,0,0,-1.000000e+000,-1.000000e+000
4.321000e+001,4.324300e+002,0,0,-1.000000e+000,-1.000000e+000
7.680000e+000,4.334100e+002,0,0,-1.000000e+000,-1.000000e+000
2.406000e+001,4.335900e+002,0,0,-1.000000e+000,-1.000000e+000
2.406000e+001,4.335900e+002,0,0,-1.000000e+000,-1.000000e+000
5.540000e+001,4.349600e+002,0,0,-1.000000e+000,-1.000000e+000
5.540000e+001,4.349600e+002,0,0,-1.000000e+000,-1.000000e+000
3.374000e+001,4.385500e+002,0,0,-1.000000e+000,-1.000000e+000
5.250000e+001,4.402400e+002,0,0,-1.000000e+000,-1.000000e+000
4.571000e+001,4.415600e+002,0,0,-1.000000e+000,-1.000000e+000
3.504000e+001,4.478000e+002,0,0,-1.000000e+000,-1.000000e+000
1.032000e+001,4.527600e+002,0,0,-1.000000e+000,-1.000000e+000
1.032000e+001,4.527600e+002,0,0,-1.000000e+000,-1.000000e+000
1.751000e+001,4.597900e+002,0,0,-1.000000e+000,-1.000000e+000
1.751000e+001,4.597900e+002,0,0,-1.000000e+000,-1.000000e+000
2.411000e+001,4.657500e+002,0,0,-1.000000e+000,-1.000000e+000
5.990300e+002,9.230000e+000,0,0,-1.000000e+000,-1.000000e+000
6.249800e+002,8.873000e+001,0,0,-1.000000e+000,-1.000000e+000
4.559500e+002,1.471500e+002,0,0,-1.000000e+000,-1.000000e+000
6.186600e+002,1.737000e+002,0,0,-1.000000e+000,-1.000000e+000
5.624200e+002,1.804100e+002,0,0,-1.000000e+000,-1.000000e+000
3.855800e+002,1.825500e+002,1,1,3.835700e+002,1.745700e+002
3.855800e+002,1.825500e+002,1,1,3.835700e+002,1.745700e+002
5.705600e+002,1.917600e+002,0,0,-1.000000e+000,-1.000000e+000
5.525900e+002,1.968700e+002,0,0,-1.000000e+000,-1.000000e+000
2.309800e+002,2.406300e+002,1,1,2.280300e+002,2.321200e+002
2.285100e+002,2.472600e+002,1,1,2.254100e+002,2.383200e+002
4.706000e+002,2.601900e+002,0,0,-1.000000e+000,-1.000000e+000
4.394700e+002,2.691600e+002,1,1,4.354500e+002,2.613600e+002
1.335800e+002,2.838400e+002,0,0,-1.000000e+000,-1.000000e+000
1.258100e+002,2.853200e+002,0,0,-1.000000e+000,-1.000000e+000
1.258100e+002,2.853200e+002,0,0,-1.000000e+000,-1.000000e+000
2.017000e+002,3.152600e+002,0,0,-1.000000e+000,-1.000000e+000
5.783400e+002,3.362300e+002,0,0,-1.000000e+000,-1.000000e+000
1.164500e+002,3.563000e+002,0,0,-1.000000e+000,-1.000000e+000
1.814400e+002,3.692600e+002,0,0,-1.000000e+000,-1.000000e+000
9.378000e+001,3.763100e+002,0,0,-1.000000e+000,-1.000000e+000
7.930000e+001,3.783100e+002,1,1,7.450000e+001,3.681500e+002
7.930000e+001,3.783100e+002,1,1,7.450000e+001,3.681500e+002
1.527700e+002,3.880900e+002,0,0,-1.000000e+000,-1.000000e+000
6.771000e+001,3.922200e+002,0,0,-1.000000e+000,-1.000000e+000
5.910000e+001,3.977000e+002,0,0,-1.000000e+000,-1.000000e+000
1.249400e+002,4.011600e+002,1,1,1.193100e+002,3.915400e+002
1.249400e+002,4.011600e+002,1,1,1.193100e+002,3.915400e+002
2.931000e+001,4.083200e+002,0,0,-1.000000e+000,-1.000000e+000
1.217300e+002,4.083200e+002,0,0,-1.000000e+000,-1.000000e+000
4.052000e+001,4.093600e+002,1,1,3.433000e+001,3.997000e+002
1.946000e+001,4.138900e+002,0,0,-1.000000e+000,-1.000000e+000
3.069000e+001,4.150400e+002,0,0,-1.000000e+000,-1.000000e+000
2.088000e+001,4.207300e+002,0,0,-1.000000e+000,-1.000000e+000
6.813000e+001,4.378000e+002,0,0,-1.000000e+000,-1.000000e+000
5.667000e+001,4.454200e+002,1,1,5.082000e+001,4.351900e+002
5.667000e+001,4.454200e+002,1,1,5.082000e+001,4.351900e+002
6.572000e+001,4.450200e+002,0,0,-1.000000e+000,-1.000000e+000
4.496000e+001,4.533600e+002,0,0,-1.000000e+000,-1.000000e+000
4.496000e+001,4.533600e+002,1,1,3.878000e+001,4.433100e+002
5.302000e+001,4.532600e+002,0,0,-1.000000e+000,-1.000000e+000
3.151000e+001,4.617300e+002,0,0,-1.000000e+000,-1.000000e+000
4.062000e+001,4.618500e+002,0,0,-1.000000e+000,-1.000000e+000
5.989400e+002,1.790000e+001,1,1,5.999700e+002,1.024000e+001
5.989400e+002,1.790000e+001,0,0,-1.000000e+000,-1.000000e+000
5.260600e+002,2.413000e+001,0,0,-1.000000e+000,-1.000000e+000
5.338300e+002,4.736000e+001,0,0,-1.000000e+000,-1.000000e+000
5.580900e+002,7.258000e+001,0,0,-1.000000e+000,-1.000000e+000
3.944600e+002,1.409600e+002,0,0,-1.000000e+000,-1.000000e+000
5.363400e+002,1.529900e+002,1,1,5.345300e+002,1.463700e+002
5.363400e+002,1.529900e+002,1,1,5.345300e+002,1.463700e+002
5.363400e+002,1.529900e+002,1,1,5.345300e+002,1.463700e+002
5.077100e+002,1.590100e+002,0,0,-1.000000e+000,-1.000000e+000
3.689900e+002,1.686100e+002,0,0,-1.000000e+000,-1.000000e+000
3.689900e+002,1.686100e+002,0,0,-1.000000e+000,-1.000000e+000
5.716400e+002,2.139600e+002,0,0,-1.000000e+000,-1.000000e+000
4.716600e+002,2.161900e+002,0,0,-1.000000e+000,-1.000000e+000
5.683200e+002,2.326800e+002,0,0,-1.000000e+000,-1.000000e+000
1.825600e+002,2.327900e+002,0,0,-1.000000e+000,-1.000000e+000
2.558800e+002,2.485100e+002,1,1,2.527200e+002,2.399300e+002
2.558800e+002,2.485100e+002,1,1,2.527200e+002,2.399300e+002
2.410300e+002,2.506300e+002,0,0,-1.000000e+000,-1.000000e+000
4.901000e+002,2.934500e+002,0,0,-1.000000e+000,-1.000000e+000
1.579600e+002,3.030300e+002,0,0,-1.000000e+000,-1.000000e+000
2.012000e+002,3.167600e+002,0,0,-1.000000e+000,-1.000000e+000
5.483000e+002,3.723900e+002,0,0,-1.000000e+000,-1.000000e+000
5.285600e+002,5.635000e+001,0,0,-1.000000e+000,-1.000000e+000
6.191400e+002,6.047000e+001,0,0,-1.000000e+000,-1.000000e+000
5.191000e+002,1.579900e+002,0,0,-1.000000e+000,-1.000000e+000
3.804900e+002,1.819500e+002,1,1,3.821100e+002,1.744000e+002
3.804900e+002,1.819500e+002,1,1,3.821100e+002,1.744000e+002
5.811200e+002,1.934300e+002,0,0,-1.000000e+000,-1.000000e+000
5.660100e+002,2.340200e+002,0,0,-1.000000e+000,-1.000000e+000
2.432100e+002,2.388900e+002,0,0,-1.000000e+000,-1.000000e+000
2.533900e+002,2.575300e+002,0,0,-1.000000e+000,-1.000000e+000
4.693800e+002,2.618200e+002,1,1,4.657600e+002,2.540900e+002
2.757900e+002,2.844300e+002,0,0,-1.000000e+000,-1.000000e+000
4.838700e+002,2.845200e+002,0,0,-1.000000e+000,-1.000000e+000
2.533800e+002,2.902500e+002,0,0,-1.000000e+000,-1.000000e+000
4.395200e+002,3.042300e+002,1,1,4.360800e+002,2.964300e+002
1.420700e+002,3.086700e+002,0,0,-1.000000e+000,-1.000000e+000
2.307000e+002,3.161400e+002,1,1,2.267600e+002,3.073100e+002
3.908600e+002,3.180300e+002,1,1,3.867500e+002,3.101300e+002
5.517800e+002,3.543800e+002,0,0,-1.000000e+000,-1.000000e+000
1.738000e+002,3.604700e+002,0,0,-1.000000e+000,-1.000000e+000
6.013400e+002,1.534000e+001,0,0,-1.000000e+000,-1.000000e+000
6.013400e+002,1.534000e+001,0,0,-1.000000e+000,-1.000000e+000
1.498400e+002,1.323500e+002,1,1,1.455500e+002,1.228000e+002
1.498400e+002,1.323500e+002,1,1,1.455500e+002,1.228000e+002
6.255300e+002,1.455800e+002,0,0,-1.000000e+000,-1.000000e+000
4.823600e+002,1.475600e+002,0,0,-1.000000e+000,-1.000000e+000
5.818100e+002,1.670500e+002,0,0,-1.000000e+000,-1.000000e+000
1.795900e+002,1.756800e+002,0,0,-1.000000e+000,-1.000000e+000
2.716100e+002,2.287100e+002,0,0,-1.000000e+000,-1.000000e+000
1.727000e+002,2.744600e+002,0,0,-1.000000e+000,-1.000000e+000
3.334200e+002,2.859200e+002,0,0,-1.000000e+000,-1.000000e+000
1.484800e+002,2.933800e+002,0,0,-1.000000e+000,-1.000000e+000
3.653900e+002,2.937700e+002,1,1,3.608200e+002,2.853000e+002
3.485800e+002,3.269500e+002,1,1,3.441700e+002,3.193000e+002
6.287000e+001,3.341700e+002,0,0,-1.000000e+000,-1.000000e+000
5.695400e+002,3.469100e+002,0,0,-1.000000e+000,-1.000000e+000
2.235200e+002,3.484800e+002,0,0,-1.000000e+000,-1.000000e+000
1.581300e+002,1.178400e+002,0,0,-1.000000e+000,-1.000000e+000
6.097000e+002,1.448500e+002,1,1,6.082200e+002,1.378700e+002
3.712900e+002,1.467200e+002,0,0,-1.000000e+000,-1.000000e+000
4.560200e+002,1.530700e+002,1,1,4.544400e+002,1.446800e+002
5.749600e+002,1.817200e+002,0,0,-1.000000e+000,-1.000000e+000
2.741600e+002,2.133500e+002,1,1,2.702900e+002,2.047900e+002
4.833300e+002,2.284500e+002,1,1,4.801300e+002,2.210400e+002
4.833300e+002,2.284500e+002,1,1,4.801300e+002,2.210400e+002
4.988700e+002,2.711600e+002,0,0,-1.000000e+000,-1.000000e+000
1.620700e+002,2.900500e+002,0,0,-1.000000e+000,-1.000000e+000
2.149200e+002,3.158200e+002,0,0,-1.000000e+000,-1.000000e+000
3.487900e+002,3.258400e+002,1,1,3.444700e+002,3.176900e+002
1.351700e+002,3.289100e+002,0,0,-1.000000e+000,-1.000000e+000
4.820600e+002,1.452200e+002,0,0,-1.000000e+000,-1.000000e+000
5.768300e+002,2.044400e+002,1,1,5.747200e+002,1.980300e+002
2.786700e+002,2.146300e+002,0,0,-1.000000e+000,-1.000000e+000
2.211800e+002,2.569400e+002,0,0,-1.000000e+000,-1.000000e+000
5.002400e+002,2.723000e+002,0,0,-1.000000e+000,-1.000000e+000
1.345000e+002,2.746500e+002,0,0,-1.000000e+000,-1.000000e+000
2.566100e+002,3.202600e+002,1,1,2.524800e+002,3.115400e+002
2.566100e+002,3.202600e+002,1,1,2.524800e+002,3.115400e+002
4.282000e+001,3.442400e+002,0,0,-1.000000e+000,-1.000000e+000
4.135900e+002,1.426700e+002,0,0,-1.000000e+000,-1.000000e+000
3.490600e+002,1.792300e+002,0,0,-1.000000e+000,-1.000000e+000
1.549900e+002,2.484000e+002,0,0,-1.000000e+000,-1.000000e+000
4.672000e+002,2.460700e+002,0,0,-1.000000e+000,-1.000000e+000
2.383900e+002,3.368700e+002,0,0,-1.000000e+000,-1.000000e+000
1.129800e+002,3.402300e+002,0,0,-1.000000e+000,-1.000000e+000
5.768600e+002,5.160000e+001,1,1,5.773200e+002,4.391000e+001
5.263500e+002,1.844700e+002,0,0,-1.000000e+000,-1.000000e+000
1.876300e+002,1.936700e+002,1,1,1.837500e+002,1.847300e+002
1.876300e+002,1.936700e+002,1,1,1.837500e+002,1.847300e+002
2.462200e+002,2.088700e+002,1,1,2.426000e+002,2.003700e+002
2.462200e+002,2.088700e+002,1,1,2.426000e+002,2.003700e+002
2.820100e+002,2.522700e+002,0,0,-1.000000e+000,-1.000000e+000
1.157700e+002,3.066100e+002,0,0,-1.000000e+000,-1.000000e+000
6.543000e+001,3.214000e+002,0,0,-1.000000e+000,-1.000000e+000
1.494200e+002,3.256500e+002,1,1,1.456300e+002,3.160300e+002
2.546300e+002,3.496400e+002,0,0,-1.000000e+000,-1.000000e+000
2.193100e+002,2.216000e+002,0,0,-1.000000e+000,-1.000000e+000
3.037200e+002,2.236000e+002,0,0,-1.000000e+000,-1.000000e+000
5.320200e+002,2.260600e+002,0,0,-1.000000e+000,-1.000000e+000
5.116400e+002,1.841700e+002,0,0,-1.000000e+000,-1.000000e+000
3.190900e+002,2.305800e+002,0,0,-1.000000e+000,-1.000000e+000
3.190900e+002,2.305800e+002,0,0,-1.000000e+000,-1.000000e+000
2.255200e+002,2.746100e+002,0,0,-1.000000e+000,-1.000000e+000
4.537800e+002,2.881600e+002,0,0,-1.000000e+000,-1.000000e+000
5.706900e+002,1.405700e+002,0,0,-1.000000e+000,-1.000000e+000
4.955200e+002,1.829900e+002,0,0,-1.000000e+000,-1.000000e+000
3.412700e+002,2.388500e+002,1,1,3.375700e+002,2.306800e+002
3.412700e+002,2.388500e+002,1,1,3.375700e+002,2.306800e+002
5.032500e+002,4.095200e+002,0,0,-1.000000e+000,-1.000000e+000
2.981900e+002,3.158400e+002,0,0,1.000000e+000,-1.000000e+000