5.250900e+002,1.953000e+001,0,0,-1.000000e+000,-1.000000e+000
5.215700e+002,4.145000e+001,0,0,-1.000000e+000,-1.000000e+000
5.173300e+002,4.841000e+001,0,0,-1.000000e+000,-1.000000e+000
5.596500e+002,5.164000e+001,0,0,-1.000000e+000,-1.000000e+000
1.313100e+002,5.203000e+001,0,0,-1.000000e+000,-1.000000e+000
1.374900e+002,5.215000e+001,0,0,-1.000000e+000,-1.000000e+000
5.758300e+002,5.187000e+001,0,0,-1.000000e+000,-1.000000e+000
1.399500e+002,6.599000e+001,0,0,-1.000000e+000,-1.000000e+000
1.436300e+002,7.773000e+001,1,0,9.791000e+001,4.901000e+001
5.172700e+002,8.340000e+001,0,0,-1.000000e+000,-1.000000e+000
5.131100e+002,8.907000e+001,0,0,-1.000000e+000,-1.000000e+000
5.131100e+002,8.907000e+001,0,0,-1.000000e+000,-1.000000e+000
1.443300e+002,9.164000e+001,0,0,-1.000000e+000,-1.000000e+000
1.422000e+002,9.325000e+001,0,0,-1.000000e+000,-1.000000e+000
1.449900e+002,9.692000e+001,0,0,-1.000000e+000,-1.000000e+000
5.087800e+002,9.711000e+001,0,0,-1.000000e+000,-1.000000e+000
1.435200e+002,1.101400e+002,1,0,1.791800e+002,1.569700e+002
5.126200e+002,1.114200e+002,0,0,-1.000000e+000,-1.000000e+000
1.460300e+002,1.119400e+002,0,0,-1.000000e+000,-1.000000e+000
1.465700e+002,1.166700e+002,0,0,-1.000000e+000,-1.000000e+000
5.051400e+002,1.165300e+002,1,1,5.003500e+002,1.180300e+002
4.256800e+002,1.191400e+002,0,0,-1.000000e+000,-1.000000e+000
5.064300e+002,1.190000e+002,0,0,-1.000000e+000,-1.000000e+000
5.064300e+002,1.190000e+002,0,0,-1.000000e+000,-1.000000e+000
2.311000e+002,1.211500e+002,0,0,-1.000000e+000,-1.000000e+000
4.925300e+002,1.215400e+002,1,1,4.883400e+002,1.227300e+002
4.925300e+002,1.215400e+002,1,1,4.883400e+002,1.227300e+002
4.450400e+002,1.220200e+002,0,0,-1.000000e+000,-1.000000e+000
1.947000e+002,1.223400e+002,0,0,-1.000000e+000,-1.000000e+000
2.143000e+002,1.239700e+002,1,0,2.529200e+002,1.451200e+002
2.178800e+002,1.238700e+002,0,0,-1.000000e+000,-1.000000e+000
2.209300e+002,1.237600e+002,0,0,-1.000000e+000,-1.000000e+000
1.941700e+002,1.248400e+002,0,0,-1.000000e+000,-1.000000e+000
1.742100e+002,1.253300e+002,0,0,-1.000000e+000,-1.000000e+000
2.702300e+002,1.257100e+002,1,1,2.622900e+002,1.247500e+002
1.610100e+002,1.259500e+002,0,0,-1.000000e+000,-1.000000e+000
5.643700e+002,1.305500e+002,1,0,5.450600e+002,1.329600e+002
1.474700e+002,1.312100e+002,0,0,-1.000000e+000,-1.000000e+000
2.727300e+002,1.454600e+002,0,0,-1.000000e+000,-1.000000e+000
2.806600e+002,1.453400e+002,0,0,-1.000000e+000,-1.000000e+000
2.843200e+002,1.453200e+002,0,0,-1.000000e+000,-1.000000e+000
3.738900e+002,1.454100e+002,0,0,-1.000000e+000,-1.000000e+000
3.051500e+002,1.470700e+002,0,0,-1.000000e+000,-1.000000e+000
1.625000e+002,1.483100e+002,0,0,-1.000000e+000,-1.000000e+000
1.625000e+002,1.483100e+002,0,0,-1.000000e+000,-1.000000e+000
3.784500e+002,1.507000e+002,0,0,-1.000000e+000,-1.000000e+000
5.155100e+002,1.531100e+002,0,0,-1.000000e+000,-1.000000e+000
2.730500e+002,1.533900e+002,1,0,2.962200e+002,1.521500e+002
2.553800e+002,1.541900e+002,0,0,-1.000000e+000,-1.000000e+000
2.357000e+002,1.546500e+002,0,0,-1.000000e+000,-1.000000e+000
4.406600e+002,1.545500e+002,0,0,-1.000000e+000,-1.000000e+000
2.265100e+002,1.550400e+002,0,0,-1.000000e+000,-1.000000e+000
1.885300e+002,1.560000e+002,0,0,-1.000000e+000,-1.000000e+000
2.702400e+002,1.557600e+002,0,0,-1.000000e+000,-1.000000e+000
2.540200e+002,1.565100e+002,0,0,-1.000000e+000,-1.000000e+000
6.110400e+002,1.687100e+002,0,0,-1.000000e+000,-1.000000e+000
6.129000e+002,1.740700e+002,0,0,-1.000000e+000,-1.000000e+000
3.192700e+002,1.753500e+002,1,0,3.322100e+002,1.539200e+002
3.686600e+002,1.773800e+002,0,0,-1.000000e+000,-1.000000e+000
2.747800e+002,1.798300e+002,0,0,-1.000000e+000,-1.000000e+000
2.668500e+002,1.853000e+002,0,0,-1.000000e+000,-1.000000e+000
1.650500e+002,1.859400e+002,0,0,-1.000000e+000,-1.000000e+000
2.445200e+002,1.895200e+002,0,0,-1.000000e+000,-1.000000e+000
2.445200e+002,1.895200e+002,0,0,-1.000000e+000,-1.000000e+000
1.653200e+002,1.906100e+002,0,0,-1.000000e+000,-1.000000e+000
2.033000e+002,1.943900e+002,0,0,-1.000000e+000,-1.000000e+000
2.033000e+002,1.943900e+002,0,0,-1.000000e+000,-1.000000e+000
1.508900e+002,2.019900e+002,0,0,-1.000000e+000,-1.000000e+000
4.623900e+002,2.021100e+002,0,0,-1.000000e+000,-1.000000e+000
1.947300e+002,2.044000e+002,0,0,-1.000000e+000,-1.000000e+000
1.981200e+002,2.044500e+002,0,0,-1.000000e+000,-1.000000e+000
4.723500e+002,2.049800e+002,0,0,-1.000000e+000,-1.000000e+000
2.595100e+002,2.056500e+002,0,0,-1.000000e+000,-1.000000e+000
1.479600e+002,2.072100e+002,0,0,-1.000000e+000,-1.000000e+000
1.321500e+002,2.081500e+002,0,0,-1.000000e+000,-1.000000e+000
1.380700e+002,2.078300e+002,0,0,-1.000000e+000,-1.000000e+000
1.211000e+002,2.161300e+002,0,0,-1.000000e+000,-1.000000e+000
8.703000e+001,2.170600e+002,0,0,-1.000000e+000,-1.000000e+000
6.597000e+001,2.176200e+002,0,0,-1.000000e+000,-1.000000e+000
6.077000e+001,2.178400e+002,1,0,6.559000e+001,2.172500e+002
1.233700e+002,2.185900e+002,0,0,-1.000000e+000,-1.000000e+000
1.972000e+001,2.190000e+002,0,0,-1.000000e+000,-1.000000e+000
1.011100e+002,2.190900e+002,0,0,-1.000000e+000,-1.000000e+000
1.266200e+002,2.204900e+002,0,0,-1.000000e+000,-1.000000e+000
4.717900e+002,2.208500e+002,0,0,-1.000000e+000,-1.000000e+000
4.854900e+002,2.239500e+002,0,0,-1.000000e+000,-1.000000e+000
4.878300e+002,2.275000e+002,0,0,-1.000000e+000,-1.000000e+000
4.747800e+002,2.290400e+002,0,0,-1.000000e+000,-1.000000e+000
4.766000e+002,2.335400e+002,0,0,-1.000000e+000,-1.000000e+000
4.750200e+002,2.371000e+002,0,0,-1.000000e+000,-1.000000e+000
1.702200e+002,2.404900e+002,0,0,-1.000000e+000,-1.000000e+000
1.366500e+002,2.573100e+002,1,1,1.224900e+002,2.568400e+002
1.185200e+002,2.619800e+002,0,0,-1.000000e+000,-1.000000e+000
5.298300e+002,2.641200e+002,0,0,-1.000000e+000,-1.000000e+000
5.331400e+002,2.650900e+002,0,0,-1.000000e+000,-1.000000e+000
5.309800e+002,2.698500e+002,0,0,-1.000000e+000,-1.000000e+000
1.737000e+002,2.705600e+002,0,0,-1.000000e+000,-1.000000e+000
5.295900e+002,2.722000e+002,0,0,-1.000000e+000,-1.000000e+000
5.339400e+002,2.720400e+002,1,1,5.233200e+002,2.770500e+002
1.716700e+002,2.724800e+002,0,0,-1.000000e+000,-1.000000e+000
1.636600e+002,2.744100e+002,0,0,-1.000000e+000,-1.000000e+000
1.676900e+002,2.743900e+002,0,0,-1.000000e+000,-1.000000e+000
3.002000e+001,2.794700e+002,0,0,-1.000000e+000,-1.000000e+000
3.002000e+001,2.794700e+002,0,0,-1.000000e+000,-1.000000e+000
1.971000e+002,2.795700e+002,0,0,-1.000000e+000,-1.000000e+000
1.882500e+002,2.803800e+002,0,0,-1.000000e+000,-1.000000e+000
1.923000e+002,2.809800e+002,0,0,-1.000000e+000,-1.000000e+000
1.799100e+002,2.820100e+002,0,0,-1.000000e+000,-1.000000e+000
2.017100e+002,2.824000e+002,0,0,-1.000000e+000,-1.000000e+000
1.989700e+002,2.830700e+002,0,0,-1.000000e+000,-1.000000e+000
4.918700e+002,2.829100e+002,0,0,-1.000000e+000,-1.000000e+000
1.116000e+001,2.837600e+002,0,0,-1.000000e+000,-1.000000e+000
1.116000e+001,2.837600e+002,0,0,-1.000000e+000,-1.000000e+000
5.891000e+001,2.849600e+002,0,0,-1.000000e+000,-1.000000e+000
2.019600e+002,2.855500e+002,0,0,-1.000000e+000,-1.000000e+000
5.469000e+001,2.860000e+002,0,0,-1.000000e+000,-1.000000e+000
1.018100e+002,2.866900e+002,0,0,-1.000000e+000,-1.000000e+000
1.018100e+002,2.866900e+002,0,0,-1.000000e+000,-1.000000e+000
4.050000e+001,2.876400e+002,0,0,-1.000000e+000,-1.000000e+000
2.300000e+001,2.878400e+002,0,0,-1.000000e+000,-1.000000e+000
3.454000e+001,2.889500e+002,0,0,-1.000000e+000,-1.000000e+000
2.079200e+002,2.894500e+002,0,0,-1.000000e+000,-1.000000e+000
2.053700e+002,2.896800e+002,0,0,-1.000000e+000,-1.000000e+000
1.145700e+002,2.910600e+002,0,0,-1.000000e+000,-1.000000e+000
1.145700e+002,2.910600e+002,0,0,-1.000000e+000,-1.000000e+000
2.762000e+001,2.917000e+002,0,0,-1.000000e+000,-1.000000e+000
8.093000e+001,2.919100e+002,0,0,-1.000000e+000,-1.000000e+000
5.566000e+001,2.925600e+002,0,0,-1.000000e+000,-1.000000e+000
1.038400e+002,2.931100e+002,0,0,-1.000000e+000,-1.000000e+000
1.038400e+002,2.931100e+002,0,0,-1.000000e+000,-1.000000e+000
6.503000e+001,2.952100e+002,0,0,-1.000000e+000,-1.000000e+000
6.503000e+001,2.952100e+002,0,0,-1.000000e+000,-1.000000e+000
6.866000e+001,2.954100e+002,0,0,-1.000000e+000,-1.000000e+000
1.051300e+002,2.970600e+002,0,0,-1.000000e+000,-1.000000e+000
5.413000e+001,2.975900e+002,0,0,-1.000000e+000,-1.000000e+000
5.413000e+001,2.975900e+002,0,0,-1.000000e+000,-1.000000e+000
4.354000e+001,3.003200e+002,0,0,-1.000000e+000,-1.000000e+000
1.065100e+002,3.007300e+002,0,0,-1.000000e+000,-1.000000e+000
1.065100e+002,3.007300e+002,0,0,-1.000000e+000,-1.000000e+000
1.096800e+002,3.011300e+002,0,0,-1.000000e+000,-1.000000e+000
6.680000e+001,3.014500e+002,0,0,-1.000000e+000,-1.000000e+000
8.394000e+001,3.014600e+002,0,0,-1.000000e+000,-1.000000e+000
5.595000e+001,3.043600e+002,0,0,-1.000000e+000,-1.000000e+000
5.595000e+001,3.043600e+002,0,0,-1.000000e+000,-1.000000e+000
8.537000e+001,3.059600e+002,0,0,-1.000000e+000,-1.000000e+000
3.352600e+002,3.066100e+002,0,0,-1.000000e+000,-1.000000e+000
4.265100e+002,3.066300e+002,0,0,-1.000000e+000,-1.000000e+000
4.642300e+002,3.070300e+002,0,0,-1.000000e+000,-1.000000e+000
1.126400e+002,3.080900e+002,0,0,-1.000000e+000,-1.000000e+000
1.178600e+002,3.077900e+002,0,0,-1.000000e+000,-1.000000e+000
6.886000e+001,3.084800e+002,0,0,-1.000000e+000,-1.000000e+000
3.402000e+002,3.087500e+002,0,0,-1.000000e+000,-1.000000e+000
8.639000e+001,3.098300e+002,0,0,-1.000000e+000,-1.000000e+000
2.899800e+002,3.110500e+002,0,0,-1.000000e+000,-1.000000e+000
2.351000e+001,3.131500e+002,0,0,-1.000000e+000,-1.000000e+000
5.266900e+002,3.130600e+002,0,0,-1.000000e+000,-1.000000e+000
5.266900e+002,3.130600e+002,0,0,-1.000000e+000,-1.000000e+000
4.718000e+001,3.134400e+002,0,0,-1.000000e+000,-1.000000e+000
3.263700e+002,3.135200e+002,0,0,-1.000000e+000,-1.000000e+000
2.647300e+002,3.141700e+002,0,0,-1.000000e+000,-1.000000e+000
1.364900e+002,3.146200e+002,0,0,-1.000000e+000,-1.000000e+000
4.988400e+002,3.145600e+002,0,0,-1.000000e+000,-1.000000e+000
4.988400e+002,3.145600e+002,0,0,-1.000000e+000,-1.000000e+000
1.117700e+002,3.156700e+002,0,0,-1.000000e+000,-1.000000e+000
1.117700e+002,3.156700e+002,0,0,-1.000000e+000,-1.000000e+000
1.207600e+002,3.151400e+002,0,0,-1.000000e+000,-1.000000e+000
2.931300e+002,3.172000e+002,0,0,-1.000000e+000,-1.000000e+000
4.969600e+002,3.198300e+002,0,0,-1.000000e+000,-1.000000e+000
4.087100e+002,3.204000e+002,0,0,-1.000000e+000,-1.000000e+000
6.087000e+001,3.211900e+002,0,0,-1.000000e+000,-1.000000e+000
1.137200e+002,3.222500e+002,0,0,-1.000000e+000,-1.000000e+000
4.510100e+002,3.239500e+002,0,0,-1.000000e+000,-1.000000e+000
4.510100e+002,3.239500e+002,0,0,-1.000000e+000,-1.000000e+000
4.870000e+000,3.253400e+002,0,0,-1.000000e+000,-1.000000e+000
4.870000e+000,3.253400e+002,0,0,-1.000000e+000,-1.000000e+000
6.526000e+001,3.261100e+002,0,0,-1.000000e+000,-1.000000e+000
4.778200e+002,3.265500e+002,0,0,-1.000000e+000,-1.000000e+000
4.923100e+002,3.275600e+002,0,0,-1.000000e+000,-1.000000e+000
4.920200e+002,3.289300e+002,0,0,-1.000000e+000,-1.000000e+000
2.522200e+002,3.313300e+002,0,0,-1.000000e+000,-1.000000e+000
1.560000e+001,3.322300e+002,0,0,-1.000000e+000,-1.000000e+000
4.526000e+001,3.317300e+002,0,0,-1.000000e+000,-1.000000e+000
5.181000e+001,3.318700e+002,0,0,-1.000000e+000,-1.000000e+000
2.323400e+002,3.318600e+002,0,0,-1.000000e+000,-1.000000e+000
2.323400e+002,3.318600e+002,0,0,-1.000000e+000,-1.000000e+000
1.310100e+002,3.338900e+002,0,0,-1.000000e+000,-1.000000e+000
1.310100e+002,3.338900e+002,0,0,-1.000000e+000,-1.000000e+000
6.440000e+001,3.343800e+002,0,0,-1.000000e+000,-1.000000e+000
5.697000e+001,3.364100e+002,0,0,-1.000000e+000,-1.000000e+000
5.351000e+001,3.368500e+002,0,0,-1.000000e+000,-1.000000e+000
5.351000e+001,3.368500e+002,0,0,-1.000000e+000,-1.000000e+000
4.485900e+002,3.373600e+002,0,0,-1.000000e+000,-1.000000e+000
1.198900e+002,3.393600e+002,0,0,-1.000000e+000,-1.000000e+000
1.168800e+002,3.405400e+002,0,0,-1.000000e+000,-1.000000e+000
5.056300e+002,3.414500e+002,0,0,-1.000000e+000,-1.000000e+000
2.615100e+002,3.417000e+002,0,0,-1.000000e+000,-1.000000e+000
3.251700e+002,3.427900e+002,0,0,-1.000000e+000,-1.000000e+000
7.372000e+001,3.464800e+002,0,0,-1.000000e+000,-1.000000e+000
6.699000e+001,3.481800e+002,0,0,-1.000000e+000,-1.000000e+000
8.572000e+001,3.486400e+002,0,0,-1.000000e+000,-1.000000e+000
5.620000e+001,3.510200e+002,0,0,-1.000000e+000,-1.000000e+000
7.456000e+001,3.515600e+002,0,0,-1.000000e+000,-1.000000e+000
2.616100e+002,3.515300e+002,0,0,-1.000000e+000,-1.000000e+000
5.117000e+002,3.524200e+002,0,0,-1.000000e+000,-1.000000e+000
6.685000e+001,3.535600e+002,0,0,-1.000000e+000,-1.000000e+000
2.607500e+002,3.541600e+002,0,0,-1.000000e+000,-1.000000e+000
3.906000e+001,3.555500e+002,0,0,-1.000000e+000,-1.000000e+000
5.133700e+002,3.559900e+002,0,0,-1.000000e+000,-1.000000e+000
5.626000e+001,3.563500e+002,0,0,-1.000000e+000,-1.000000e+000
4.540500e+002,3.577800e+002,0,0,-1.000000e+000,-1.000000e+000
4.540500e+002,3.577800e+002,0,0,-1.000000e+000,-1.000000e+000
4.237000e+001,3.601300e+002,0,0,-1.000000e+000,-1.000000e+000
4.485900e+002,3.603700e+002,0,0,-1.000000e+000,-1.000000e+000
4.509600e+002,3.604700e+002,0,0,-1.000000e+000,-1.000000e+000
2.761000e+001,3.641500e+002,0,0,-1.000000e+000,-1.000000e+000
2.299000e+001,3.653900e+002,0,0,-1.000000e+000,-1.000000e+000
1.046000e+001,3.686300e+002,0,0,-1.000000e+000,-1.000000e+000
5.425700e+002,4.110600e+002,0,0,-1.000000e+000,-1.000000e+000
5.505700e+002,4.126600e+002,0,0,-1.000000e+000,-1.000000e+000
5.494000e+002,4.237200e+002,0,0,-1.000000e+000,-1.000000e+000
5.573500e+002,4.390500e+002,0,0,-1.000000e+000,-1.000000e+000
5.590800e+002,4.421200e+002,0,0,-1.000000e+000,-1.000000e+000
5.686200e+002,4.452500e+002,0,0,-1.000000e+000,-1.000000e+000
5.730700e+002,4.575800e+002,0,0,-1.000000e+000,-1.000000e+000
5.278000e+002,3.380000e+000,0,0,-1.000000e+000,-1.000000e+000
5.241800e+002,2.450000e+001,0,0,-1.000000e+000,-1.000000e+000
5.234500e+002,2.913000e+001,0,0,-1.000000e+000,-1.000000e+000
5.224900e+002,3.458000e+001,0,0,-1.000000e+000,-1.000000e+000
9.799000e+001,3.760000e+001,1,0,9.263000e+001,3.449000e+001
1.501800e+002,4.064000e+001,1,1,1.363100e+002,3.761000e+001
5.189700e+002,5.639000e+001,0,0,-1.000000e+000,-1.000000e+000
1.418700e+002,5.685000e+001,0,0,-1.000000e+000,-1.000000e+000
5.175400e+002,6.421000e+001,0,0,-1.000000e+000,-1.000000e+000
1.405400e+002,7.478000e+001,0,0,-1.000000e+000,-1.000000e+000
5.184600e+002,7.753000e+001,0,0,-1.000000e+000,-1.000000e+000
5.151400e+002,7.794000e+001,0,0,-1.000000e+000,-1.000000e+000
5.151400e+002,7.794000e+001,0,0,-1.000000e+000,-1.000000e+000
1.441200e+002,8.318000e+001,0,0,-1.000000e+000,-1.000000e+000
5.106000e+002,8.731000e+001,0,0,-1.000000e+000,-1.000000e+000
5.116000e+002,9.895000e+001,0,0,-1.000000e+000,-1.000000e+000
1.459200e+002,1.080500e+002,0,0,-1.000000e+000,-1.000000e+000
1.468600e+002,1.207200e+002,0,0,-1.000000e+000,-1.000000e+000
5.757700e+002,1.272300e+002,0,0,-1.000000e+000,-1.000000e+000
5.648100e+002,1.274500e+002,0,0,-1.000000e+000,-1.000000e+000
5.648100e+002,1.274500e+002,0,0,-1.000000e+000,-1.000000e+000
5.693100e+002,1.274600e+002,0,0,-1.000000e+000,-1.000000e+000
1.479400e+002,1.343700e+002,0,0,-1.000000e+000,-1.000000e+000
4.872000e+002,1.404600e+002,0,0,-1.000000e+000,-1.000000e+000
5.138500e+002,1.503700e+002,1,1,5.100400e+002,1.521100e+002
5.879300e+002,1.531400e+002,1,0,5.806300e+002,1.655400e+002
5.942500e+002,1.535200e+002,0,0,-1.000000e+000,-1.000000e+000
5.976600e+002,1.564700e+002,1,1,5.951500e+002,1.595900e+002
3.261500e+002,1.781900e+002,0,0,-1.000000e+000,-1.000000e+000
2.741100e+002,1.853000e+002,0,0,-1.000000e+000,-1.000000e+000
2.728700e+002,1.934200e+002,0,0,-1.000000e+000,-1.000000e+000
2.624400e+002,2.026000e+002,0,0,-1.000000e+000,-1.000000e+000
2.624400e+002,2.026000e+002,0,0,-1.000000e+000,-1.000000e+000
2.436700e+002,2.031900e+002,1,0,2.372800e+002,2.021900e+002
2.326800e+002,2.032400e+002,1,0,2.248100e+002,2.026500e+002
1.430000e+002,2.077600e+002,0,0,-1.000000e+000,-1.000000e+000
2.647300e+002,2.107200e+002,0,0,-1.000000e+000,-1.000000e+000
4.654400e+002,2.112400e+002,0,0,-1.000000e+000,-1.000000e+000
4.769300e+002,2.118400e+002,0,0,-1.000000e+000,-1.000000e+000
4.796800e+002,2.159300e+002,0,0,-1.000000e+000,-1.000000e+000
1.864000e+001,2.219400e+002,0,0,-1.000000e+000,-1.000000e+000
4.911200e+002,2.274200e+002,0,0,-1.000000e+000,-1.000000e+000
1.411400e+002,2.508400e+002,0,0,-1.000000e+000,-1.000000e+000
5.589900e+002,2.572600e+002,0,0,-1.000000e+000,-1.000000e+000
5.239200e+002,2.715700e+002,1,1,5.157200e+002,2.761300e+002
5.239200e+002,2.715700e+002,1,1,5.157200e+002,2.761300e+002
1.650800e+002,2.769300e+002,0,0,-1.000000e+000,-1.000000e+000
1.774400e+002,2.799600e+002,0,0,-1.000000e+000,-1.000000e+000
6.166000e+001,2.828800e+002,0,0,-1.000000e+000,-1.000000e+000
6.166000e+001,2.828800e+002,0,0,-1.000000e+000,-1.000000e+000
6.166000e+001,2.828800e+002,0,0,-1.000000e+000,-1.000000e+000
1.123600e+002,2.846100e+002,0,0,-1.000000e+000,-1.000000e+000
1.123600e+002,2.846100e+002,0,0,-1.000000e+000,-1.000000e+000
5.074000e+001,2.849300e+002,0,0,-1.000000e+000,-1.000000e+000
5.074000e+001,2.849300e+002,0,0,-1.000000e+000,-1.000000e+000
2.412000e+001,2.910500e+002,0,0,-1.000000e+000,-1.000000e+000
2.412000e+001,2.910500e+002,0,0,-1.000000e+000,-1.000000e+000
2.412000e+001,2.910500e+002,0,0,-1.000000e+000,-1.000000e+000
3.828000e+001,2.907600e+002,0,0,-1.000000e+000,-1.000000e+000
6.443000e+001,2.912000e+002,0,0,-1.000000e+000,-1.000000e+000
1.113700e+002,2.916800e+002,0,0,-1.000000e+000,-1.000000e+000
1.286000e+001,2.934900e+002,0,0,-1.000000e+000,-1.000000e+000
1.286000e+001,2.934900e+002,0,0,-1.000000e+000,-1.000000e+000
1.286000e+001,2.934900e+002,0,0,-1.000000e+000,-1.000000e+000
1.674000e+001,2.941400e+002,0,0,-1.000000e+000,-1.000000e+000
3.173000e+001,2.948900e+002,0,0,-1.000000e+000,-1.000000e+000
7.902000e+001,2.953500e+002,0,0,-1.000000e+000,-1.000000e+000
9.003000e+001,2.965600e+002,0,0,-1.000000e+000,-1.000000e+000
5.440000e+000,2.968800e+002,0,0,-1.000000e+000,-1.000000e+000
1.975000e+001,2.975500e+002,0,0,-1.000000e+000,-1.000000e+000
1.143100e+002,2.999700e+002,0,0,-1.000000e+000,-1.000000e+000
2.928200e+002,3.004300e+002,0,0,-1.000000e+000,-1.000000e+000
3.070000e+000,3.008800e+002,0,0,-1.000000e+000,-1.000000e+000
1.520000e+001,3.023100e+002,0,0,-1.000000e+000,-1.000000e+000
8.098000e+001,3.023300e+002,0,0,-1.000000e+000,-1.000000e+000
7.110000e+001,3.034900e+002,0,0,-1.000000e+000,-1.000000e+000
3.270200e+002,3.033800e+002,0,0,-1.000000e+000,-1.000000e+000
3.200000e+000,3.049500e+002,0,0,-1.000000e+000,-1.000000e+000
1.169100e+002,3.069000e+002,0,0,-1.000000e+000,-1.000000e+000
4.163900e+002,3.069900e+002,0,0,-1.000000e+000,-1.000000e+000
4.222500e+002,3.071000e+002,0,0,-1.000000e+000,-1.000000e+000
4.410000e+000,3.090100e+002,0,0,-1.000000e+000,-1.000000e+000
4.410000e+000,3.090100e+002,0,0,-1.000000e+000,-1.000000e+000
2.955200e+002,3.096700e+002,0,0,-1.000000e+000,-1.000000e+000
4.097600e+002,3.113400e+002,1,1,3.945500e+002,3.157400e+002
2.943100e+002,3.145200e+002,0,0,-1.000000e+000,-1.000000e+000
2.943100e+002,3.145200e+002,0,0,-1.000000e+000,-1.000000e+000
1.174000e+001,3.152100e+002,0,0,-1.000000e+000,-1.000000e+000
1.174000e+001,3.152100e+002,0,0,-1.000000e+000,-1.000000e+000
2.984000e+002,3.171900e+002,0,0,-1.000000e+000,-1.000000e+000
2.984000e+002,3.171900e+002,0,0,-1.000000e+000,-1.000000e+000
6.423000e+001,3.206000e+002,0,0,-1.000000e+000,-1.000000e+000
2.855000e+001,3.219800e+002,0,0,-1.000000e+000,-1.000000e+000
5.889000e+001,3.243100e+002,0,0,-1.000000e+000,-1.000000e+000
4.961300e+002,3.244300e+002,0,0,-1.000000e+000,-1.000000e+000
7.386000e+001,3.247700e+002,0,0,-1.000000e+000,-1.000000e+000
6.246000e+001,3.271600e+002,0,0,-1.000000e+000,-1.000000e+000
6.246000e+001,3.271600e+002,0,0,-1.000000e+000,-1.000000e+000
4.889000e+001,3.335900e+002,0,0,-1.000000e+000,-1.000000e+000
4.889000e+001,3.335900e+002,0,0,-1.000000e+000,-1.000000e+000
3.160000e+001,3.355100e+002,0,0,-1.000000e+000,-1.000000e+000
3.160000e+001,3.355100e+002,0,0,-1.000000e+000,-1.000000e+000
2.425200e+002,3.383700e+002,0,0,-1.000000e+000,-1.000000e+000
2.425200e+002,3.383700e+002,0,0,-1.000000e+000,-1.000000e+000
1.689000e+001,3.391000e+002,0,0,-1.000000e+000,-1.000000e+000
1.689000e+001,3.391000e+002,0,0,-1.000000e+000,-1.000000e+000
2.085000e+001,3.393600e+002,0,0,-1.000000e+000,-1.000000e+000
2.614700e+002,3.468500e+002,0,0,-1.000000e+000,-1.000000e+000
2.645200e+002,3.491200e+002,0,0,-1.000000e+000,-1.000000e+000
4.824300e+002,3.596700e+002,0,0,-1.000000e+000,-1.000000e+000
2.658100e+002,3.601800e+002,0,0,-1.000000e+000,-1.000000e+000
1.576000e+001,3.675200e+002,1,0,5.875000e+001,3.506100e+002
5.197600e+002,5.069000e+001,1,0,5.087300e+002,9.500000e+001
1.383300e+002,5.566000e+001,0,0,-1.000000e+000,-1.000000e+000
1.383300e+002,5.566000e+001,0,0,-1.000000e+000,-1.000000e+000
5.171300e+002,9.020000e+001,0,0,-1.000000e+000,-1.000000e+000
3.797700e+002,1.417200e+002,0,0,-1.000000e+000,-1.000000e+000
6.148200e+002,1.709800e+002,1,1,6.120200e+002,1.743100e+002
3.590400e+002,1.764700e+002,0,0,-1.000000e+000,-1.000000e+000
2.790900e+002,1.774400e+002,0,0,-1.000000e+000,-1.000000e+000
2.790900e+002,1.774400e+002,0,0,-1.000000e+000,-1.000000e+000
6.259700e+002,1.816100e+002,0,0,-1.000000e+000,-1.000000e+000
6.240200e+002,1.852900e+002,0,0,-1.000000e+000,-1.000000e+000
6.317600e+002,1.871400e+002,0,0,-1.000000e+000,-1.000000e+000
1.538800e+002,1.981800e+002,0,0,-1.000000e+000,-1.000000e+000
2.650900e+002,2.106100e+002,0,0,-1.000000e+000,-1.000000e+000
5.047400e+002,2.527100e+002,0,0,-1.000000e+000,-1.000000e+000
6.338200e+002,2.544700e+002,0,0,-1.000000e+000,-1.000000e+000
5.341700e+002,2.657500e+002,1,1,5.243200e+002,2.703100e+002
2.624900e+002,2.727300e+002,0,0,-1.000000e+000,-1.000000e+000
1.894200e+002,2.816200e+002,0,0,-1.000000e+000,-1.000000e+000
7.266000e+001,2.850400e+002,0,0,-1.000000e+000,-1.000000e+000
5.173000e+001,2.940700e+002,0,0,-1.000000e+000,-1.000000e+000
1.600000e+001,3.069800e+002,0,0,-1.000000e+000,-1.000000e+000
4.481200e+002,3.075400e+002,1,1,4.353800e+002,3.128600e+002
1.057100e+002,3.097800e+002,0,0,-1.000000e+000,-1.000000e+000
2.856800e+002,3.157600e+002,0,0,-1.000000e+000,-1.000000e+000
2.856800e+002,3.157600e+002,0,0,-1.000000e+000,-1.000000e+000
1.085700e+002,3.171000e+002,0,0,-1.000000e+000,-1.000000e+000
1.250000e+001,3.331200e+002,0,0,-1.000000e+000,-1.000000e+000
1.250000e+001,3.331200e+002,0,0,-1.000000e+000,-1.000000e+000
6.380000e+000,3.430300e+002,0,0,-1.000000e+000,-1.000000e+000
9.600000e+000,3.471800e+002,0,0,-1.000000e+000,-1.000000e+000
3.620000e+000,3.481100e+002,0,0,-1.000000e+000,-1.000000e+000
5.657500e+002,4.573300e+002,0,0,-1.000000e+000,-1.000000e+000
5.657500e+002,4.573300e+002,0,0,-1.000000e+000,-1.000000e+000
1.277600e+002,5.116000e+001,0,0,-1.000000e+000,-1.000000e+000
1.376800e+002,5.639000e+001,0,0,-1.000000e+000,-1.000000e+000
5.098800e+002,1.541800e+002,0,0,-1.000000e+000,-1.000000e+000
5.878700e+002,1.540100e+002,0,0,-1.000000e+000,-1.000000e+000
6.075000e+002,1.644400e+002,0,0,-1.000000e+000,-1.000000e+000
4.321200e+002,1.786100e+002,0,0,-1.000000e+000,-1.000000e+000
4.522600e+002,1.791100e+002,0,0,-1.000000e+000,-1.000000e+000
4.522600e+002,1.791100e+002,1,1,4.416200e+002,1.793300e+002
6.269400e+002,1.821200e+002,0,0,-1.000000e+000,-1.000000e+000
6.303700e+002,1.914400e+002,0,0,-1.000000e+000,-1.000000e+000
2.679600e+002,1.979300e+002,0,0,-1.000000e+000,-1.000000e+000
2.619700e+002,2.022200e+002,0,0,-1.000000e+000,-1.000000e+000
2.619700e+002,2.022200e+002,0,0,-1.000000e+000,-1.000000e+000
2.658500e+002,2.100300e+002,0,0,-1.000000e+000,-1.000000e+000
9.268000e+001,2.527700e+002,1,1,8.061000e+001,2.510000e+002
6.335900e+002,2.547200e+002,0,0,-1.000000e+000,-1.000000e+000
2.399700e+002,2.680400e+002,0,0,-1.000000e+000,-1.000000e+000
2.616500e+002,2.733800e+002,0,0,-1.000000e+000,-1.000000e+000
1.897000e+002,2.815400e+002,0,0,-1.000000e+000,-1.000000e+000
7.239000e+001,2.845400e+002,0,0,-1.000000e+000,-1.000000e+000
1.201600e+002,2.917600e+002,0,0,-1.000000e+000,-1.000000e+000
6.194700e+002,2.931300e+002,0,0,-1.000000e+000,-1.000000e+000
9.964000e+001,2.954600e+002,0,0,-1.000000e+000,-1.000000e+000
9.964000e+001,2.954600e+002,0,0,-1.000000e+000,-1.000000e+000
3.965000e+001,2.964600e+002,0,0,-1.000000e+000,-1.000000e+000
8.862000e+001,2.971400e+002,0,0,-1.000000e+000,-1.000000e+000
1.221800e+002,2.970900e+002,0,0,-1.000000e+000,-1.000000e+000
5.513400e+002,2.971800e+002,0,0,-1.000000e+000,-1.000000e+000
1.016400e+002,3.033700e+002,0,0,-1.000000e+000,-1.000000e+000
1.016400e+002,3.033700e+002,0,0,-1.000000e+000,-1.000000e+000
6.202000e+001,3.047400e+002,0,0,-1.000000e+000,-1.000000e+000
6.202000e+001,3.047400e+002,0,0,-1.000000e+000,-1.000000e+000
5.133000e+001,3.075300e+002,0,0,-1.000000e+000,-1.000000e+000
4.481000e+002,3.078100e+002,0,0,-1.000000e+000,-1.000000e+000
2.896900e+002,3.085800e+002,0,0,-1.000000e+000,-1.000000e+000
9.358000e+001,3.122000e+002,0,0,-1.000000e+000,-1.000000e+000
1.279300e+002,3.121900e+002,0,0,-1.000000e+000,-1.000000e+000
1.689000e+001,3.144500e+002,0,0,-1.000000e+000,-1.000000e+000
1.178600e+002,3.146900e+002,0,0,-1.000000e+000,-1.000000e+000
1.178600e+002,3.146900e+002,0,0,-1.000000e+000,-1.000000e+000
5.420000e+000,3.168100e+002,0,0,-1.000000e+000,-1.000000e+000
1.134100e+002,3.207100e+002,0,0,-1.000000e+000,-1.000000e+000
6.841000e+001,3.269100e+002,0,0,-1.000000e+000,-1.000000e+000
6.841000e+001,3.269100e+002,0,0,-1.000000e+000,-1.000000e+000
5.240000e+000,3.334100e+002,0,0,-1.000000e+000,-1.000000e+000
5.399000e+001,3.359600e+002,0,0,-1.000000e+000,-1.000000e+000
2.650000e+001,3.372000e+002,0,0,-1.000000e+000,-1.000000e+000
5.649800e+002,4.569700e+002,0,0,-1.000000e+000,-1.000000e+000
5.649800e+002,4.569700e+002,0,0,-1.000000e+000,-1.000000e+000
4.431700e+002,1.557400e+002,0,0,-1.000000e+000,-1.000000e+000
4.431700e+002,1.557400e+002,1,1,4.388400e+002,1.583600e+002
1.683800e+002,2.038300e+002,0,0,-1.000000e+000,-1.000000e+000
2.408900e+002,2.070800e+002,0,0,-1.000000e+000,-1.000000e+000
6.232600e+002,2.565700e+002,1,1,6.164500e+002,2.622700e+002
1.597200e+002,2.759800e+002,0,0,-1.000000e+000,-1.000000e+000
5.955000e+001,2.940700e+002,0,0,-1.000000e+000,-1.000000e+000
9.350000e+000,3.049800e+002,0,0,-1.000000e+000,-1.000000e+000
1.245500e+002,3.177900e+002,0,0,-1.000000e+000,-1.000000e+000
7.546000e+001,3.297700e+002,0,0,-1.000000e+000,-1.000000e+000
6.399000e+001,3.326300e+002,0,0,-1.000000e+000,-1.000000e+000
3.863000e+001,3.344200e+002,0,0,-1.000000e+000,-1.000000e+000
1.061000e+001,3.410500e+002,0,0,-1.000000e+000,-1.000000e+000
1.793000e+001,3.430700e+002,0,0,-1.000000e+000,-1.000000e+000
3.260000e+002,3.467800e+002,0,0,-1.000000e+000,-1.000000e+000
4.138700e+002,3.498200e+002,0,0,-1.000000e+000,-1.000000e+000
5.772100e+002,4.549600e+002,0,0,-1.000000e+000,-1.000000e+000
5.084300e+002,1.297200e+002,1,1,5.054100e+002,1.313100e+002
4.494000e+002,1.774300e+002,1,1,4.416200e+002,1.793300e+002
4.494000e+002,1.774300e+002,0,0,-1.000000e+000,-1.000000e+000
3.640100e+002,1.814100e+002,0,0,-1.000000e+000,-1.000000e+000
2.674900e+002,2.174100e+002,1,1,2.551600e+002,2.172100e+002
5.109000e+002,2.517700e+002,0,0,-1.000000e+000,-1.000000e+000
2.604200e+002,2.745400e+002,0,0,-1.000000e+000,-1.000000e+000
2.269000e+001,3.030800e+002,0,0,-1.000000e+000,-1.000000e+000
3.299200e+002,3.057400e+002,0,0,-1.000000e+000,-1.000000e+000
3.399600e+002,3.060900e+002,0,0,-1.000000e+000,-1.000000e+000
4.098000e+002,3.090900e+002,0,0,-1.000000e+000,-1.000000e+000
4.885200e+002,3.329900e+002,0,0,-1.000000e+000,-1.000000e+000
5.018200e+002,1.378900e+002,1,1,4.976600e+002,1.395300e+002
4.465500e+002,1.577200e+002,0,0,-1.000000e+000,-1.000000e+000
4.465500e+002,1.577200e+002,0,0,-1.000000e+000,-1.000000e+000
1.685700e+002,1.799800e+002,0,0,-1.000000e+000,-1.000000e+000
2.821200e+002,1.806600e+002,1,1,2.728700e+002,1.820800e+002
2.532500e+002,2.103500e+002,1,0,2.456600e+002,2.085200e+002
5.645900e+002,2.597800e+002,0,0,-1.000000e+000,-1.000000e+000
3.310100e+002,3.063400e+002,0,0,-1.000000e+000,-1.000000e+000
4.620200e+002,3.098400e+002,1,1,4.480700e+002,3.140000e+002
7.976000e+001,3.171600e+002,0,0,-1.000000e+000,-1.000000e+000
7.976000e+001,3.171600e+002,0,0,-1.000000e+000,-1.000000e+000
2.571700e+002,3.479100e+002,1,1,2.378700e+002,3.499900e+002
1.334300e+002,6.070000e+001,1,1,1.190900e+002,5.841000e+001
1.334300e+002,6.070000e+001,1,1,1.190900e+002,5.841000e+001
1.651200e+002,1.181800e+002,1,0,1.555400e+002,1.153700e+002
5.862000e+002,1.589000e+002,0,0,-1.000000e+000,-1.000000e+000
1.672300e+002,1.635500e+002,0,0,-1.000000e+000,-1.000000e+000
6.149900e+002,1.668300e+002,1,1,6.121500e+002,1.698100e+002
1.435100e+002,2.376400e+002,1,1,1.312500e+002,2.354400e+002
1.176100e+002,2.503600e+002,1,1,1.051400e+002,2.491700e+002
2.654000e+001,2.555400e+002,1,1,1.480000e+001,2.536800e+002
1.713200e+002,2.778400e+002,1,0,1.596500e+002,2.771400e+002
1.790700e+002,2.903800e+002,0,0,-1.000000e+000,-1.000000e+000
2.705100e+002,2.896800e+002,0,0,-1.000000e+000,-1.000000e+000
4.813200e+002,3.120600e+002,1,1,4.684100e+002,3.176100e+002
4.084700e+002,3.520600e+002,0,0,-1.000000e+000,-1.000000e+000
4.737800e+002,3.646900e+002,0,0,-1.000000e+000,-1.000000e+000
5.718000e+002,4.616700e+002,0,0,-1.000000e+000,-1.000000e+000
2.485600e+002,2.128800e+002,1,1,2.375800e+002,2.124400e+002
2.945900e+002,3.114500e+002,0,0,-1.000000e+000,-1.000000e+000
1.439100e+002,4.705000e+001,0,0,-1.000000e+000,-1.000000e+000
1.439100e+002,4.705000e+001,1,1,1.313500e+002,4.425000e+001
1.439100e+002,4.705000e+001,1,1,1.313500e+002,4.425000e+001
4.880300e+002,1.074400e+002,0,0,-1.000000e+000,-1.000000e+000
4.861700e+002,1.298200e+002,0,0,-1.000000e+000,-1.000000e+000
2.590900e+002,2.427100e+002,1,1,2.462800e+002,2.416800e+002
5.130400e+002,2.456800e+002,1,1,5.055500e+002,2.487100e+002
7.149000e+001,2.723700e+002,0,0,-1.000000e+000,-1.000000e+000
2.519900e+002,2.807500e+002,1,1,2.353300e+002,2.807100e+002
1.686400e+002,3.058700e+002,1,1,1.538700e+002,3.075000e+002
5.839500e+002,4.484000e+002,1,0,5.661900e+002,4.634500e+002
5.251400e+002,1.383100e+002,1,1,5.235300e+002,1.392900e+002
5.830200e+002,1.645400e+002,0,0,-1.000000e+000,-1.000000e+000
1.949300e+002,3.000700e+002,1,1,1.800600e+002,3.004800e+002
1.949300e+002,3.000700e+002,1,1,1.800600e+002,3.004800e+002
4.572800e+002,3.171600e+002,1,1,4.429300e+002,3.212400e+002
4.219900e+002,1.645800e+002,1,1,4.150300e+002,1.658800e+002
4.763400e+002,2.886400e+002,1,1,4.636700e+002,2.931000e+002
2.512200e+002,1.775200e+002,1,1,2.382800e+002,1.773800e+002
4.162000e+001,2.439700e+002,0,0,-1.000000e+000,-1.000000e+000
8.621000e+001,2.411200e+002,1,1,7.175000e+001,2.396300e+002
1.754500e+002,3.336000e+002,1,1,1.598900e+002,3.346200e+002
2.038300e+002,2.394200e+002,1,1,1.907300e+002,2.387300e+002
1.186000e+002,2.839200e+002,1,1,1.044000e+002,2.842600e+002
5.258800e+002,2.861900e+002,1,1,5.135500e+002,2.908800e+002
4.426400e+002,3.392600e+002,1,1,4.283800e+002,3.448000e+002
2.299400e+002,3.179700e+002,1,1,2.117600e+002,3.204400e+002
3.247000e+002,2.403000e+002,1,1,3.106800e+002,2.419100e+002