1.198300e+002,8.788000e+001,0,0,-1.000000e+000,-1.000000e+000
1.099600e+002,8.883000e+001,0,0,-1.000000e+000,-1.000000e+000
5.452800e+002,8.916000e+001,0,0,-1.000000e+000,-1.000000e+000
9.445000e+001,9.053000e+001,0,0,-1.000000e+000,-1.000000e+000
7.651000e+001,9.195000e+001,0,0,-1.000000e+000,-1.000000e+000
3.840000e+001,9.622000e+001,0,0,-1.000000e+000,-1.000000e+000
3.575000e+001,9.651000e+001,0,0,-1.000000e+000,-1.000000e+000
2.359000e+001,1.003700e+002,0,0,-1.000000e+000,-1.000000e+000
1.306000e+001,1.015300e+002,0,0,-1.000000e+000,-1.000000e+000
8.500000e+000,1.019800e+002,0,0,-1.000000e+000,-1.000000e+000
1.295700e+002,1.030500e+002,0,0,-1.000000e+000,-1.000000e+000
3.103000e+001,1.111500e+002,0,0,-1.000000e+000,-1.000000e+000
2.597000e+001,1.118400e+002,0,0,-1.000000e+000,-1.000000e+000
6.040900e+002,1.171300e+002,0,0,-1.000000e+000,-1.000000e+000
4.952000e+002,1.251800e+002,0,0,-1.000000e+000,-1.000000e+000
4.879900e+002,1.261700e+002,0,0,-1.000000e+000,-1.000000e+000
5.111800e+002,1.257800e+002,0,0,-1.000000e+000,-1.000000e+000
5.111800e+002,1.257800e+002,0,0,-1.000000e+000,-1.000000e+000
5.053300e+002,1.266300e+002,0,0,-1.000000e+000,-1.000000e+000
5.053300e+002,1.266300e+002,0,0,-1.000000e+000,-1.000000e+000
4.796200e+002,1.271200e+002,0,0,-1.000000e+000,-1.000000e+000
4.831500e+002,1.268500e+002,0,0,-1.000000e+000,-1.000000e+000
5.025300e+002,1.267900e+002,1,1,5.246200e+002,1.250300e+002
5.025300e+002,1.267900e+002,1,1,5.246200e+002,1.250300e+002
4.588800e+002,1.293600e+002,0,0,-1.000000e+000,-1.000000e+000
4.637600e+002,1.293000e+002,0,0,-1.000000e+000,-1.000000e+000
3.886300e+002,1.363900e+002,0,0,-1.000000e+000,-1.000000e+000
4.144200e+002,1.527500e+002,0,0,-1.000000e+000,-1.000000e+000
5.662800e+002,1.559500e+002,0,0,-1.000000e+000,-1.000000e+000
4.286100e+002,1.578400e+002,0,0,-1.000000e+000,-1.000000e+000
2.361400e+002,1.584000e+002,0,0,-1.000000e+000,-1.000000e+000
4.202900e+002,1.593700e+002,0,0,-1.000000e+000,-1.000000e+000
3.946400e+002,1.655200e+002,1,1,4.150500e+002,1.642900e+002
3.474800e+002,1.699400e+002,0,0,-1.000000e+000,-1.000000e+000
5.873400e+002,1.703400e+002,0,0,-1.000000e+000,-1.000000e+000
2.722100e+002,1.720200e+002,0,0,-1.000000e+000,-1.000000e+000
2.680000e+002,1.725900e+002,0,0,-1.000000e+000,-1.000000e+000
5.875400e+002,1.731800e+002,0,0,-1.000000e+000,-1.000000e+000
5.965600e+002,1.730400e+002,0,0,-1.000000e+000,-1.000000e+000
5.965600e+002,1.730400e+002,0,0,-1.000000e+000,-1.000000e+000
2.758800e+002,1.788400e+002,0,0,-1.000000e+000,-1.000000e+000
6.137400e+002,1.962300e+002,0,0,-1.000000e+000,-1.000000e+000
6.357400e+002,1.963500e+002,0,0,-1.000000e+000,-1.000000e+000
6.004200e+002,2.199100e+002,0,0,-1.000000e+000,-1.000000e+000
2.380800e+002,2.276100e+002,0,0,-1.000000e+000,-1.000000e+000
1.747400e+002,2.280900e+002,0,0,-1.000000e+000,-1.000000e+000
5.643200e+002,2.285000e+002,0,0,-1.000000e+000,-1.000000e+000
5.565200e+002,2.298800e+002,0,0,-1.000000e+000,-1.000000e+000
4.672900e+002,2.370000e+002,0,0,-1.000000e+000,-1.000000e+000
1.372100e+002,2.511100e+002,0,0,-1.000000e+000,-1.000000e+000
4.799800e+002,2.509600e+002,0,0,-1.000000e+000,-1.000000e+000
2.820800e+002,2.518300e+002,0,0,-1.000000e+000,-1.000000e+000
6.301600e+002,2.545200e+002,0,0,-1.000000e+000,-1.000000e+000
4.828300e+002,2.579000e+002,0,0,-1.000000e+000,-1.000000e+000
1.408600e+002,2.608600e+002,0,0,-1.000000e+000,-1.000000e+000
2.910700e+002,2.653600e+002,0,0,-1.000000e+000,-1.000000e+000
1.418700e+002,2.662200e+002,0,0,-1.000000e+000,-1.000000e+000
8.893000e+001,2.669400e+002,0,0,-1.000000e+000,-1.000000e+000
1.422000e+002,2.701100e+002,0,0,-1.000000e+000,-1.000000e+000
1.422000e+002,2.701100e+002,0,0,-1.000000e+000,-1.000000e+000
1.698500e+002,2.715200e+002,0,0,-1.000000e+000,-1.000000e+000
1.698500e+002,2.715200e+002,0,0,-1.000000e+000,-1.000000e+000
6.065000e+001,2.720000e+002,1,1,7.255000e+001,2.660700e+002
6.551000e+001,2.735600e+002,0,0,-1.000000e+000,-1.000000e+000
1.425500e+002,2.747000e+002,0,0,-1.000000e+000,-1.000000e+000
7.430000e+000,2.808800e+002,0,0,-1.000000e+000,-1.000000e+000
2.970500e+002,2.855300e+002,0,0,-1.000000e+000,-1.000000e+000
4.882800e+002,2.872300e+002,0,0,-1.000000e+000,-1.000000e+000
4.842200e+002,2.877900e+002,0,0,-1.000000e+000,-1.000000e+000
1.407900e+002,2.890600e+002,0,0,-1.000000e+000,-1.000000e+000
4.767200e+002,2.896500e+002,1,1,4.885900e+002,2.927800e+002
1.429500e+002,2.926500e+002,0,0,-1.000000e+000,-1.000000e+000
1.451000e+002,2.941000e+002,0,0,-1.000000e+000,-1.000000e+000
1.353500e+002,2.966800e+002,0,0,-1.000000e+000,-1.000000e+000
4.336100e+002,3.010600e+002,1,1,4.446700e+002,3.026200e+002
3.559200e+002,3.057800e+002,0,0,-1.000000e+000,-1.000000e+000
4.661600e+002,3.066100e+002,0,0,-1.000000e+000,-1.000000e+000
3.460900e+002,3.068500e+002,0,0,-1.000000e+000,-1.000000e+000
1.271100e+002,3.075800e+002,0,0,-1.000000e+000,-1.000000e+000
1.246300e+002,3.084700e+002,0,0,-1.000000e+000,-1.000000e+000
1.246300e+002,3.084700e+002,0,0,-1.000000e+000,-1.000000e+000
9.853000e+001,3.109200e+002,0,0,-1.000000e+000,-1.000000e+000
5.004700e+002,3.114700e+002,0,0,-1.000000e+000,-1.000000e+000
5.030200e+002,3.167300e+002,0,0,-1.000000e+000,-1.000000e+000
5.030200e+002,3.167300e+002,0,0,-1.000000e+000,-1.000000e+000
2.336200e+002,3.192300e+002,0,0,-1.000000e+000,-1.000000e+000
5.059200e+002,3.194400e+002,0,0,-1.000000e+000,-1.000000e+000
5.059200e+002,3.194400e+002,0,0,-1.000000e+000,-1.000000e+000
3.376300e+002,3.213800e+002,1,1,3.443200e+002,3.212100e+002
3.399500e+002,3.229200e+002,0,0,-1.000000e+000,-1.000000e+000
5.062700e+002,3.229700e+002,0,0,-1.000000e+000,-1.000000e+000
3.353100e+002,3.232900e+002,0,0,-1.000000e+000,-1.000000e+000
7.649000e+001,3.240800e+002,0,0,-1.000000e+000,-1.000000e+000
1.385100e+002,3.256100e+002,0,0,-1.000000e+000,-1.000000e+000
1.385100e+002,3.256100e+002,1,1,1.474000e+002,3.215700e+002
1.385100e+002,3.256100e+002,1,1,1.474000e+002,3.215700e+002
7.637000e+001,3.267400e+002,0,0,-1.000000e+000,-1.000000e+000
7.637000e+001,3.267400e+002,1,1,8.551000e+001,3.214300e+002
9.722000e+001,3.288200e+002,0,0,-1.000000e+000,-1.000000e+000
1.292300e+002,3.295200e+002,1,1,1.378200e+002,3.254300e+002
1.292300e+002,3.295200e+002,1,1,1.378200e+002,3.254300e+002
1.292300e+002,3.295200e+002,1,1,1.378200e+002,3.254300e+002
8.852000e+001,3.320600e+002,0,0,-1.000000e+000,-1.000000e+000
5.239500e+002,3.327700e+002,0,0,-1.000000e+000,-1.000000e+000
1.200600e+002,3.334200e+002,0,0,-1.000000e+000,-1.000000e+000
1.200600e+002,3.334200e+002,0,0,-1.000000e+000,-1.000000e+000
4.700500e+002,3.339300e+002,0,0,-1.000000e+000,-1.000000e+000
1.004000e+002,3.343700e+002,0,0,-1.000000e+000,-1.000000e+000
7.876000e+001,3.361100e+002,1,1,8.754000e+001,3.310400e+002
5.204100e+002,3.358000e+002,0,0,-1.000000e+000,-1.000000e+000
1.187800e+002,3.365200e+002,0,0,-1.000000e+000,-1.000000e+000
9.980000e+001,3.375300e+002,0,0,-1.000000e+000,-1.000000e+000
5.225500e+002,3.378400e+002,0,0,-1.000000e+000,-1.000000e+000
9.167000e+001,3.384700e+002,0,0,-1.000000e+000,-1.000000e+000
4.675100e+002,3.391300e+002,0,0,-1.000000e+000,-1.000000e+000
6.917000e+001,3.401400e+002,0,0,-1.000000e+000,-1.000000e+000
6.917000e+001,3.401400e+002,0,0,-1.000000e+000,-1.000000e+000
1.243200e+002,3.397400e+002,0,0,-1.000000e+000,-1.000000e+000
4.627600e+002,3.398800e+002,0,0,-1.000000e+000,-1.000000e+000
1.122500e+002,3.407200e+002,0,0,-1.000000e+000,-1.000000e+000
4.871900e+002,3.403100e+002,0,0,-1.000000e+000,-1.000000e+000
5.288600e+002,3.405400e+002,0,0,-1.000000e+000,-1.000000e+000
5.288600e+002,3.405400e+002,0,0,-1.000000e+000,-1.000000e+000
1.098200e+002,3.419100e+002,0,0,-1.000000e+000,-1.000000e+000
6.387000e+001,3.424800e+002,0,0,-1.000000e+000,-1.000000e+000
6.709000e+001,3.425300e+002,0,0,-1.000000e+000,-1.000000e+000
4.706100e+002,3.434000e+002,0,0,-1.000000e+000,-1.000000e+000
5.286600e+002,3.435300e+002,0,0,-1.000000e+000,-1.000000e+000
5.310000e+001,3.436900e+002,1,1,6.047000e+001,3.384500e+002
1.146000e+002,3.438200e+002,0,0,-1.000000e+000,-1.000000e+000
1.119700e+002,3.447200e+002,0,0,-1.000000e+000,-1.000000e+000
2.896800e+002,3.455500e+002,0,0,-1.000000e+000,-1.000000e+000
5.457000e+001,3.461500e+002,0,0,-1.000000e+000,-1.000000e+000
7.712000e+001,3.469700e+002,1,1,8.419000e+001,3.424300e+002
1.138900e+002,3.468700e+002,0,0,-1.000000e+000,-1.000000e+000
1.534600e+002,3.473700e+002,0,0,-1.000000e+000,-1.000000e+000
1.448000e+002,3.485000e+002,0,0,-1.000000e+000,-1.000000e+000
1.155800e+002,3.495000e+002,0,0,-1.000000e+000,-1.000000e+000
5.351800e+002,3.495500e+002,0,0,-1.000000e+000,-1.000000e+000
1.432000e+001,3.500600e+002,0,0,-1.000000e+000,-1.000000e+000
1.168600e+002,3.510000e+002,0,0,-1.000000e+000,-1.000000e+000
2.609800e+002,3.510800e+002,0,0,-1.000000e+000,-1.000000e+000
5.760000e+001,3.520900e+002,0,0,-1.000000e+000,-1.000000e+000
1.496000e+001,3.524900e+002,0,0,-1.000000e+000,-1.000000e+000
5.382100e+002,3.523600e+002,0,0,-1.000000e+000,-1.000000e+000
1.033800e+002,3.526800e+002,0,0,-1.000000e+000,-1.000000e+000
1.033800e+002,3.526800e+002,0,0,-1.000000e+000,-1.000000e+000
1.352600e+002,3.529200e+002,0,0,-1.000000e+000,-1.000000e+000
1.588900e+002,3.534400e+002,0,0,-1.000000e+000,-1.000000e+000
7.473000e+001,3.537700e+002,0,0,-1.000000e+000,-1.000000e+000
1.505500e+002,3.549300e+002,0,0,-1.000000e+000,-1.000000e+000
1.505500e+002,3.549300e+002,0,0,-1.000000e+000,-1.000000e+000
3.879600e+002,3.565000e+002,0,0,-1.000000e+000,-1.000000e+000
1.248300e+002,3.568900e+002,0,0,-1.000000e+000,-1.000000e+000
7.599000e+001,3.609400e+002,0,0,-1.000000e+000,-1.000000e+000
7.599000e+001,3.609400e+002,1,1,8.353000e+001,3.556500e+002
1.753000e+001,3.620000e+002,0,0,-1.000000e+000,-1.000000e+000
6.540000e+000,3.625000e+002,0,0,-1.000000e+000,-1.000000e+000
5.567000e+002,3.627300e+002,0,0,-1.000000e+000,-1.000000e+000
4.640000e+000,3.633500e+002,0,0,-1.000000e+000,-1.000000e+000
8.234000e+001,3.649400e+002,0,0,-1.000000e+000,-1.000000e+000
8.234000e+001,3.649400e+002,0,0,-1.000000e+000,-1.000000e+000
5.595100e+002,3.652500e+002,0,0,-1.000000e+000,-1.000000e+000
7.943000e+001,3.656900e+002,0,0,-1.000000e+000,-1.000000e+000
7.943000e+001,3.656900e+002,0,0,-1.000000e+000,-1.000000e+000
4.155000e+001,3.665700e+002,0,0,-1.000000e+000,-1.000000e+000
4.155000e+001,3.665700e+002,0,0,-1.000000e+000,-1.000000e+000
6.210000e+000,3.696300e+002,0,0,-1.000000e+000,-1.000000e+000
6.416000e+001,3.703100e+002,1,1,7.137000e+001,3.652600e+002
5.124000e+001,3.710700e+002,0,0,-1.000000e+000,-1.000000e+000
1.099100e+002,3.719100e+002,1,1,1.172000e+002,3.676700e+002
1.067500e+002,3.742000e+002,0,0,-1.000000e+000,-1.000000e+000
4.058000e+001,3.760100e+002,0,0,-1.000000e+000,-1.000000e+000
5.855000e+001,3.770000e+002,0,0,-1.000000e+000,-1.000000e+000
1.610600e+002,3.772400e+002,0,0,-1.000000e+000,-1.000000e+000
4.292000e+001,3.793600e+002,0,0,-1.000000e+000,-1.000000e+000
4.292000e+001,3.793600e+002,0,0,-1.000000e+000,-1.000000e+000
2.324600e+002,3.796600e+002,0,0,-1.000000e+000,-1.000000e+000
2.975000e+001,3.802500e+002,0,0,-1.000000e+000,-1.000000e+000
5.687100e+002,3.805600e+002,0,0,-1.000000e+000,-1.000000e+000
1.891000e+001,3.850700e+002,0,0,-1.000000e+000,-1.000000e+000
8.345000e+001,3.848300e+002,0,0,-1.000000e+000,-1.000000e+000
1.011000e+002,3.849300e+002,0,0,-1.000000e+000,-1.000000e+000
1.457600e+002,3.849200e+002,0,0,-1.000000e+000,-1.000000e+000
4.148000e+001,3.861500e+002,0,0,-1.000000e+000,-1.000000e+000
3.690000e+001,3.865500e+002,0,0,-1.000000e+000,-1.000000e+000
6.292000e+001,3.865300e+002,0,0,-1.000000e+000,-1.000000e+000
9.570000e+001,3.874200e+002,0,0,-1.000000e+000,-1.000000e+000
9.570000e+001,3.874200e+002,0,0,-1.000000e+000,-1.000000e+000
5.841900e+002,3.877000e+002,0,0,-1.000000e+000,-1.000000e+000
5.814300e+002,3.925500e+002,0,0,-1.000000e+000,-1.000000e+000
9.900000e+000,3.933500e+002,0,0,-1.000000e+000,-1.000000e+000
9.900000e+000,3.933500e+002,0,0,-1.000000e+000,-1.000000e+000
8.327000e+001,3.935100e+002,0,0,-1.000000e+000,-1.000000e+000
1.200500e+002,3.945500e+002,0,0,-1.000000e+000,-1.000000e+000
1.200500e+002,3.945500e+002,0,0,-1.000000e+000,-1.000000e+000
5.221000e+001,3.987300e+002,1,1,5.872000e+001,3.932600e+002
6.975000e+001,3.995400e+002,0,0,-1.000000e+000,-1.000000e+000
2.555000e+001,4.011500e+002,0,0,-1.000000e+000,-1.000000e+000
3.910000e+000,4.014600e+002,0,0,-1.000000e+000,-1.000000e+000
1.012700e+002,4.035600e+002,0,0,-1.000000e+000,-1.000000e+000
1.012700e+002,4.035600e+002,1,1,1.045100e+002,4.004800e+002
9.773000e+001,4.081600e+002,0,0,-1.000000e+000,-1.000000e+000
7.828000e+001,4.175100e+002,0,0,-1.000000e+000,-1.000000e+000
1.304000e+001,4.199400e+002,0,0,-1.000000e+000,-1.000000e+000
6.186000e+001,4.202900e+002,0,0,-1.000000e+000,-1.000000e+000
5.623000e+001,4.284300e+002,0,0,-1.000000e+000,-1.000000e+000
2.430000e+001,4.384400e+002,0,0,-1.000000e+000,-1.000000e+000
3.156000e+001,4.404400e+002,0,0,-1.000000e+000,-1.000000e+000
2.418000e+001,4.441000e+002,0,0,-1.000000e+000,-1.000000e+000
1.652000e+001,4.449500e+002,0,0,-1.000000e+000,-1.000000e+000
1.652000e+001,4.449500e+002,0,0,-1.000000e+000,-1.000000e+000
3.571300e+002,4.753500e+002,0,0,-1.000000e+000,-1.000000e+000
1.005900e+002,8.968000e+001,0,0,-1.000000e+000,-1.000000e+000
8.872000e+001,9.070000e+001,0,0,-1.000000e+000,-1.000000e+000
3.145000e+001,9.674000e+001,0,0,-1.000000e+000,-1.000000e+000
2.510000e+001,9.707000e+001,0,0,-1.000000e+000,-1.000000e+000
1.334700e+002,1.031600e+002,0,0,-1.000000e+000,-1.000000e+000
3.513000e+001,1.103900e+002,0,0,-1.000000e+000,-1.000000e+000
4.749900e+002,1.306000e+002,0,0,-1.000000e+000,-1.000000e+000
4.795600e+002,1.303300e+002,0,0,-1.000000e+000,-1.000000e+000
5.239200e+002,1.509100e+002,0,0,-1.000000e+000,-1.000000e+000
5.227100e+002,1.540400e+002,0,0,-1.000000e+000,-1.000000e+000
5.542200e+002,1.678100e+002,0,0,-1.000000e+000,-1.000000e+000
5.959400e+002,1.781200e+002,0,0,-1.000000e+000,-1.000000e+000
4.250400e+002,1.961000e+002,0,0,-1.000000e+000,-1.000000e+000
6.098000e+002,2.035700e+002,0,0,-1.000000e+000,-1.000000e+000
2.606000e+002,2.067400e+002,0,0,-1.000000e+000,-1.000000e+000
4.600700e+002,2.184800e+002,0,0,-1.000000e+000,-1.000000e+000
2.597600e+002,2.245400e+002,0,0,-1.000000e+000,-1.000000e+000
5.520200e+002,2.305400e+002,0,0,-1.000000e+000,-1.000000e+000
2.110500e+002,2.361500e+002,0,0,-1.000000e+000,-1.000000e+000
2.600100e+002,2.365500e+002,0,0,-1.000000e+000,-1.000000e+000
4.699300e+002,2.396200e+002,0,0,-1.000000e+000,-1.000000e+000
1.642700e+002,2.438900e+002,0,0,-1.000000e+000,-1.000000e+000
5.131100e+002,2.478900e+002,1,1,5.290400e+002,2.491100e+002
1.417800e+002,2.502500e+002,0,0,-1.000000e+000,-1.000000e+000
1.317500e+002,2.520700e+002,0,0,-1.000000e+000,-1.000000e+000
1.608400e+002,2.538700e+002,0,0,-1.000000e+000,-1.000000e+000
5.068600e+002,2.538800e+002,1,1,5.224600e+002,2.553800e+002
4.852200e+002,2.605400e+002,0,0,-1.000000e+000,-1.000000e+000
2.722600e+002,2.916200e+002,0,0,-1.000000e+000,-1.000000e+000
4.439200e+002,2.954400e+002,0,0,-1.000000e+000,-1.000000e+000
1.398000e+002,2.965200e+002,1,1,1.492400e+002,2.933100e+002
1.398000e+002,2.965200e+002,1,1,1.492400e+002,2.933100e+002
3.643600e+002,3.055400e+002,0,0,-1.000000e+000,-1.000000e+000
3.063700e+002,3.057700e+002,0,0,-1.000000e+000,-1.000000e+000
3.381000e+002,3.161400e+002,0,0,-1.000000e+000,-1.000000e+000
3.291800e+002,3.232700e+002,0,0,-1.000000e+000,-1.000000e+000
3.291800e+002,3.232700e+002,0,0,-1.000000e+000,-1.000000e+000
4.391900e+002,3.310000e+002,0,0,-1.000000e+000,-1.000000e+000
1.395800e+002,3.330400e+002,1,1,1.478500e+002,3.297200e+002
4.387500e+002,3.344400e+002,0,0,-1.000000e+000,-1.000000e+000
8.679000e+001,3.358100e+002,0,0,-1.000000e+000,-1.000000e+000
1.476700e+002,3.373700e+002,0,0,-1.000000e+000,-1.000000e+000
1.476700e+002,3.373700e+002,0,0,-1.000000e+000,-1.000000e+000
1.104900e+002,3.379200e+002,0,0,-1.000000e+000,-1.000000e+000
1.104900e+002,3.379200e+002,0,0,-1.000000e+000,-1.000000e+000
8.652000e+001,3.396700e+002,1,1,9.473000e+001,3.349600e+002
1.363600e+002,3.393300e+002,0,0,-1.000000e+000,-1.000000e+000
9.479000e+001,3.399300e+002,0,0,-1.000000e+000,-1.000000e+000
1.507100e+002,3.414300e+002,1,1,1.591300e+002,3.376200e+002
1.507100e+002,3.414300e+002,1,1,1.591300e+002,3.376200e+002
1.011600e+002,3.430100e+002,1,1,1.100300e+002,3.383100e+002
9.680000e+001,3.433700e+002,0,0,-1.000000e+000,-1.000000e+000
9.680000e+001,3.433700e+002,0,0,-1.000000e+000,-1.000000e+000
8.507000e+001,3.440800e+002,0,0,-1.000000e+000,-1.000000e+000
6.875000e+001,3.451800e+002,0,0,-1.000000e+000,-1.000000e+000
1.170900e+002,3.468500e+002,0,0,-1.000000e+000,-1.000000e+000
8.695000e+001,3.474000e+002,0,0,-1.000000e+000,-1.000000e+000
8.695000e+001,3.474000e+002,0,0,-1.000000e+000,-1.000000e+000
8.695000e+001,3.474000e+002,0,0,-1.000000e+000,-1.000000e+000
6.652000e+001,3.480100e+002,0,0,-1.000000e+000,-1.000000e+000
2.882100e+002,3.488100e+002,0,0,-1.000000e+000,-1.000000e+000
6.257000e+001,3.496300e+002,1,1,7.125000e+001,3.440500e+002
5.301000e+001,3.497100e+002,0,0,-1.000000e+000,-1.000000e+000
4.434000e+001,3.504600e+002,0,0,-1.000000e+000,-1.000000e+000
4.434000e+001,3.504600e+002,1,1,5.246000e+001,3.446100e+002
7.711000e+001,3.517000e+002,0,0,-1.000000e+000,-1.000000e+000
7.711000e+001,3.517000e+002,0,0,-1.000000e+000,-1.000000e+000
1.428000e+002,3.513700e+002,1,1,1.492500e+002,3.473500e+002
1.620300e+002,3.522500e+002,0,0,-1.000000e+000,-1.000000e+000
1.223300e+002,3.533100e+002,0,0,-1.000000e+000,-1.000000e+000
4.259000e+001,3.541900e+002,0,0,-1.000000e+000,-1.000000e+000
1.675000e+001,3.549200e+002,0,0,-1.000000e+000,-1.000000e+000
3.399000e+001,3.549000e+002,0,0,-1.000000e+000,-1.000000e+000
3.399000e+001,3.549000e+002,0,0,-1.000000e+000,-1.000000e+000
3.399000e+001,3.549000e+002,0,0,-1.000000e+000,-1.000000e+000
1.525800e+002,3.565900e+002,0,0,-1.000000e+000,-1.000000e+000
4.271000e+001,3.578500e+002,1,1,4.901000e+001,3.528100e+002
3.210000e+001,3.583100e+002,0,0,-1.000000e+000,-1.000000e+000
5.074000e+001,3.583300e+002,0,0,-1.000000e+000,-1.000000e+000
8.139000e+001,3.583500e+002,1,1,8.923000e+001,3.532300e+002
2.385000e+001,3.589500e+002,1,1,3.205000e+001,3.526300e+002
2.385000e+001,3.589500e+002,1,1,3.205000e+001,3.526300e+002
1.279900e+002,3.599200e+002,0,0,-1.000000e+000,-1.000000e+000
5.200000e+001,3.622000e+002,0,0,-1.000000e+000,-1.000000e+000
5.200000e+001,3.622000e+002,1,1,5.978000e+001,3.567500e+002
5.200000e+001,3.622000e+002,1,1,5.978000e+001,3.567500e+002
3.171000e+001,3.624800e+002,1,1,3.959000e+001,3.565900e+002
1.268500e+002,3.634300e+002,0,0,-1.000000e+000,-1.000000e+000
7.340000e+000,3.657100e+002,0,0,-1.000000e+000,-1.000000e+000
7.340000e+000,3.657100e+002,1,1,1.536000e+001,3.591900e+002
3.010000e+001,3.668200e+002,1,1,3.887000e+001,3.601400e+002
1.071400e+002,3.675000e+002,0,0,-1.000000e+000,-1.000000e+000
1.311400e+002,3.687600e+002,0,0,-1.000000e+000,-1.000000e+000
1.620000e+001,3.688200e+002,0,0,-1.000000e+000,-1.000000e+000
1.175000e+002,3.698100e+002,0,0,-1.000000e+000,-1.000000e+000
3.096000e+001,3.708600e+002,0,0,-1.000000e+000,-1.000000e+000
3.096000e+001,3.708600e+002,1,1,3.856000e+001,3.648900e+002
1.883000e+001,3.717200e+002,0,0,-1.000000e+000,-1.000000e+000
1.014100e+002,3.725400e+002,0,0,-1.000000e+000,-1.000000e+000
6.936000e+001,3.728900e+002,0,0,-1.000000e+000,-1.000000e+000
4.970000e+000,3.734600e+002,0,0,-1.000000e+000,-1.000000e+000
5.360000e+001,3.746700e+002,0,0,-1.000000e+000,-1.000000e+000
5.360000e+001,3.746700e+002,0,0,-1.000000e+000,-1.000000e+000
2.007000e+001,3.755100e+002,0,0,-1.000000e+000,-1.000000e+000
7.150000e+001,3.759900e+002,0,0,-1.000000e+000,-1.000000e+000
9.761000e+001,3.793700e+002,0,0,-1.000000e+000,-1.000000e+000
9.000000e+000,3.802700e+002,0,0,-1.000000e+000,-1.000000e+000
9.000000e+000,3.802700e+002,0,0,-1.000000e+000,-1.000000e+000
1.087000e+001,3.835800e+002,0,0,-1.000000e+000,-1.000000e+000
3.214000e+001,3.840400e+002,0,0,-1.000000e+000,-1.000000e+000
3.214000e+001,3.840400e+002,0,0,-1.000000e+000,-1.000000e+000
3.214000e+001,3.840400e+002,0,0,-1.000000e+000,-1.000000e+000
9.686000e+001,3.841500e+002,1,1,1.032400e+002,3.793800e+002
5.055000e+001,3.853400e+002,0,0,-1.000000e+000,-1.000000e+000
5.055000e+001,3.853400e+002,0,0,-1.000000e+000,-1.000000e+000
5.055000e+001,3.853400e+002,0,0,-1.000000e+000,-1.000000e+000
2.120000e+001,3.887300e+002,0,0,-1.000000e+000,-1.000000e+000
2.120000e+001,3.887300e+002,0,0,-1.000000e+000,-1.000000e+000
8.100000e+000,3.900900e+002,1,1,1.502000e+001,3.834600e+002
8.100000e+000,3.900900e+002,1,1,1.502000e+001,3.834600e+002
3.960000e+001,3.902100e+002,1,1,4.638000e+001,3.844000e+002
3.960000e+001,3.902100e+002,1,1,4.638000e+001,3.844000e+002
6.631000e+001,3.929600e+002,0,0,-1.000000e+000,-1.000000e+000
2.885000e+001,3.948700e+002,1,1,3.512000e+001,3.885600e+002
1.750000e+001,3.996900e+002,0,0,-1.000000e+000,-1.000000e+000
1.750000e+001,3.996900e+002,1,1,2.422000e+001,3.936400e+002
2.780000e+000,4.114100e+002,1,1,8.940000e+000,4.048100e+002
4.574000e+002,2.391000e+001,0,0,-1.000000e+000,-1.000000e+000
4.574000e+002,2.391000e+001,0,0,-1.000000e+000,-1.000000e+000
4.486300e+002,1.005000e+002,0,0,-1.000000e+000,-1.000000e+000
5.190600e+002,1.480100e+002,0,0,-1.000000e+000,-1.000000e+000
4.527500e+002,1.536700e+002,0,0,-1.000000e+000,-1.000000e+000
5.315100e+002,1.549700e+002,0,0,-1.000000e+000,-1.000000e+000
3.377600e+002,1.610900e+002,0,0,-1.000000e+000,-1.000000e+000
3.963400e+002,1.658300e+002,0,0,-1.000000e+000,-1.000000e+000
4.064000e+002,1.780400e+002,0,0,-1.000000e+000,-1.000000e+000
4.160300e+002,1.858900e+002,1,1,4.286600e+002,1.835000e+002
4.160300e+002,1.858900e+002,1,1,4.286600e+002,1.835000e+002
6.293100e+002,1.973700e+002,0,0,-1.000000e+000,-1.000000e+000
1.600700e+002,2.010100e+002,0,0,-1.000000e+000,-1.000000e+000
4.288000e+002,2.005200e+002,0,0,-1.000000e+000,-1.000000e+000
2.646500e+002,2.041900e+002,0,0,-1.000000e+000,-1.000000e+000
2.628100e+002,2.119700e+002,0,0,-1.000000e+000,-1.000000e+000
2.457300e+002,2.377900e+002,0,0,-1.000000e+000,-1.000000e+000
2.409000e+002,2.382400e+002,0,0,-1.000000e+000,-1.000000e+000
2.409000e+002,2.382400e+002,0,0,-1.000000e+000,-1.000000e+000
2.855200e+002,2.610500e+002,0,0,-1.000000e+000,-1.000000e+000
6.100000e+000,2.845000e+002,0,0,-1.000000e+000,-1.000000e+000
4.645400e+002,2.921400e+002,0,0,-1.000000e+000,-1.000000e+000
1.832800e+002,3.080400e+002,0,0,-1.000000e+000,-1.000000e+000
1.347400e+002,3.285900e+002,1,1,1.434700e+002,3.247300e+002
7.883000e+001,3.323500e+002,1,1,8.776000e+001,3.272200e+002
1.258700e+002,3.325600e+002,0,0,-1.000000e+000,-1.000000e+000
1.258700e+002,3.325600e+002,0,0,-1.000000e+000,-1.000000e+000
7.238000e+001,3.443900e+002,0,0,-1.000000e+000,-1.000000e+000
6.020000e+001,3.462800e+002,0,0,-1.000000e+000,-1.000000e+000
1.583600e+002,3.489100e+002,0,0,-1.000000e+000,-1.000000e+000
5.099000e+001,3.499000e+002,1,1,5.921000e+001,3.446300e+002
5.099000e+001,3.499000e+002,1,1,5.921000e+001,3.446300e+002
1.075100e+002,3.502000e+002,1,1,1.152700e+002,3.458000e+002
1.075100e+002,3.502000e+002,1,1,1.152700e+002,3.458000e+002
1.418100e+002,3.509600e+002,0,0,-1.000000e+000,-1.000000e+000
1.418100e+002,3.509600e+002,1,1,1.492500e+002,3.473500e+002
1.380200e+002,3.560000e+002,1,1,1.455800e+002,3.519000e+002
1.482700e+002,3.576400e+002,1,1,1.541600e+002,3.542100e+002
2.199000e+001,3.631800e+002,0,0,-1.000000e+000,-1.000000e+000
2.629000e+001,3.630800e+002,0,0,-1.000000e+000,-1.000000e+000
1.263000e+001,3.657400e+002,0,0,-1.000000e+000,-1.000000e+000
1.330000e+002,3.657000e+002,0,0,-1.000000e+000,-1.000000e+000
1.961000e+001,3.670700e+002,0,0,-1.000000e+000,-1.000000e+000
1.961000e+001,3.670700e+002,0,0,-1.000000e+000,-1.000000e+000
6.027000e+001,3.889200e+002,1,1,6.670000e+001,3.834200e+002
6.027000e+001,3.889200e+002,1,1,6.670000e+001,3.834200e+002
7.175000e+001,3.926400e+002,0,0,-1.000000e+000,-1.000000e+000
7.666000e+001,3.955300e+002,0,0,-1.000000e+000,-1.000000e+000
5.840000e+001,3.986400e+002,0,0,-1.000000e+000,-1.000000e+000
5.862300e+002,3.985300e+002,0,0,-1.000000e+000,-1.000000e+000
5.862300e+002,3.985300e+002,1,1,5.995200e+002,4.057500e+002
6.296000e+001,4.018000e+002,0,0,-1.000000e+000,-1.000000e+000
5.930000e+000,4.042300e+002,0,0,-1.000000e+000,-1.000000e+000
5.023000e+001,4.075800e+002,0,0,-1.000000e+000,-1.000000e+000
4.910000e+000,4.141300e+002,1,1,1.117000e+001,4.079000e+002
1.231200e+002,1.003000e+002,0,0,-1.000000e+000,-1.000000e+000
4.528700e+002,1.531100e+002,0,0,-1.000000e+000,-1.000000e+000
5.573300e+002,1.685600e+002,0,0,-1.000000e+000,-1.000000e+000
5.950200e+002,1.676700e+002,0,0,-1.000000e+000,-1.000000e+000
4.157000e+002,1.857800e+002,0,0,-1.000000e+000,-1.000000e+000
4.157000e+002,1.857800e+002,0,0,-1.000000e+000,-1.000000e+000
6.091500e+002,1.985100e+002,0,0,-1.000000e+000,-1.000000e+000
1.601600e+002,2.010900e+002,0,0,-1.000000e+000,-1.000000e+000
6.192500e+002,2.042300e+002,0,0,-1.000000e+000,-1.000000e+000
5.774800e+002,2.294700e+002,0,0,-1.000000e+000,-1.000000e+000
1.651700e+002,2.429600e+002,0,0,-1.000000e+000,-1.000000e+000
1.098500e+002,2.673500e+002,0,0,-1.000000e+000,-1.000000e+000
5.074600e+002,2.909300e+002,0,0,-1.000000e+000,-1.000000e+000
4.435500e+002,2.959900e+002,0,0,-1.000000e+000,-1.000000e+000
1.862000e+002,3.042400e+002,0,0,-1.000000e+000,-1.000000e+000
3.319900e+002,3.164700e+002,0,0,-1.000000e+000,-1.000000e+000
4.379700e+002,3.350300e+002,0,0,-1.000000e+000,-1.000000e+000
1.307500e+002,3.385100e+002,1,1,1.388800e+002,3.348000e+002
1.307500e+002,3.385100e+002,1,1,1.388800e+002,3.348000e+002
1.448900e+002,3.409200e+002,0,0,-1.000000e+000,-1.000000e+000
1.204200e+002,3.421600e+002,1,1,1.285100e+002,3.374600e+002
1.204200e+002,3.421600e+002,1,1,1.285100e+002,3.374600e+002
1.356600e+002,3.453500e+002,0,0,-1.000000e+000,-1.000000e+000
1.356600e+002,3.453500e+002,1,1,1.437900e+002,3.416500e+002
3.640300e+002,3.460300e+002,1,1,3.731800e+002,3.469800e+002
3.640300e+002,3.460300e+002,1,1,3.731800e+002,3.469800e+002
1.503800e+002,3.466500e+002,1,1,1.585200e+002,3.432000e+002
1.503800e+002,3.466500e+002,1,1,1.585200e+002,3.432000e+002
1.257200e+002,3.487900e+002,0,0,-1.000000e+000,-1.000000e+000
1.257200e+002,3.487900e+002,0,0,-1.000000e+000,-1.000000e+000
5.084000e+001,3.498300e+002,0,0,-1.000000e+000,-1.000000e+000
5.084000e+001,3.498300e+002,0,0,-1.000000e+000,-1.000000e+000
8.287000e+001,3.505100e+002,1,1,9.099000e+001,3.456800e+002
1.478800e+002,3.520700e+002,1,1,1.555900e+002,3.484700e+002
1.478800e+002,3.520700e+002,1,1,1.555900e+002,3.484700e+002
9.776000e+001,3.534000e+002,1,1,1.056400e+002,3.487500e+002
9.776000e+001,3.534000e+002,1,1,1.056400e+002,3.487500e+002
1.558500e+002,3.529700e+002,1,1,1.635800e+002,3.497500e+002
1.558500e+002,3.529700e+002,1,1,1.635800e+002,3.497500e+002
4.033000e+001,3.541800e+002,1,1,4.847000e+001,3.486800e+002
4.685000e+001,3.547000e+002,0,0,-1.000000e+000,-1.000000e+000
1.312300e+002,3.552600e+002,1,1,1.389000e+002,3.511900e+002
3.007000e+001,3.584900e+002,1,1,3.823000e+001,3.526200e+002
3.007000e+001,3.584900e+002,1,1,3.823000e+001,3.526200e+002
8.794000e+001,3.578200e+002,0,0,-1.000000e+000,-1.000000e+000
8.794000e+001,3.578200e+002,0,0,-1.000000e+000,-1.000000e+000
1.474200e+002,3.575400e+002,0,0,-1.000000e+000,-1.000000e+000
1.353100e+002,3.676300e+002,0,0,-1.000000e+000,-1.000000e+000
5.712000e+001,3.695500e+002,1,1,6.429000e+001,3.640500e+002
5.712000e+001,3.695500e+002,1,1,6.429000e+001,3.640500e+002
1.135600e+002,3.729300e+002,1,1,1.202800e+002,3.688300e+002
4.649000e+001,3.741200e+002,1,1,5.339000e+001,3.682500e+002
4.649000e+001,3.741200e+002,1,1,5.339000e+001,3.682500e+002
6.507000e+001,3.752800e+002,0,0,-1.000000e+000,-1.000000e+000
1.038100e+002,3.775700e+002,0,0,-1.000000e+000,-1.000000e+000
3.638000e+001,3.790500e+002,1,1,4.334000e+001,3.733400e+002
3.638000e+001,3.790500e+002,1,1,4.334000e+001,3.733400e+002
9.720000e+000,3.811200e+002,0,0,-1.000000e+000,-1.000000e+000
9.720000e+000,3.811200e+002,0,0,-1.000000e+000,-1.000000e+000
2.516000e+001,3.837100e+002,1,1,3.248000e+001,3.776000e+002
4.416000e+001,3.850800e+002,1,1,5.058000e+001,3.795100e+002
4.416000e+001,3.850800e+002,1,1,5.058000e+001,3.795100e+002
6.435000e+001,3.851000e+002,0,0,-1.000000e+000,-1.000000e+000
3.316000e+001,3.899400e+002,1,1,3.955000e+001,3.842000e+002
3.316000e+001,3.899400e+002,1,1,3.955000e+001,3.842000e+002
5.391000e+001,3.896600e+002,0,0,-1.000000e+000,-1.000000e+000
4.340000e+001,3.942400e+002,0,0,-1.000000e+000,-1.000000e+000
4.340000e+001,3.942400e+002,0,0,-1.000000e+000,-1.000000e+000
2.185000e+001,3.948800e+002,0,0,-1.000000e+000,-1.000000e+000
6.929000e+001,3.976300e+002,0,0,-1.000000e+000,-1.000000e+000
5.855900e+002,3.985600e+002,1,1,5.990300e+002,4.056700e+002
3.217000e+001,3.991400e+002,1,1,3.846000e+001,3.932300e+002
3.217000e+001,3.991400e+002,1,1,3.846000e+001,3.932300e+002
3.882000e+001,3.989500e+002,1,1,4.499000e+001,3.930300e+002
3.882000e+001,3.989500e+002,1,1,4.499000e+001,3.930300e+002
1.083000e+001,3.999000e+002,0,0,-1.000000e+000,-1.000000e+000
1.083000e+001,3.999000e+002,1,1,1.744000e+001,3.936100e+002
2.081000e+001,4.037900e+002,0,0,-1.000000e+000,-1.000000e+000
2.081000e+001,4.037900e+002,1,1,2.685000e+001,3.977600e+002
2.081000e+001,4.037900e+002,1,1,2.685000e+001,3.977600e+002
1.616000e+001,4.086400e+002,0,0,-1.000000e+000,-1.000000e+000
4.475600e+002,6.728000e+001,0,0,-1.000000e+000,-1.000000e+000
4.437100e+002,1.036100e+002,0,0,-1.000000e+000,-1.000000e+000
6.041100e+002,1.498000e+002,0,0,-1.000000e+000,-1.000000e+000
5.977600e+002,1.553400e+002,1,1,6.189500e+002,1.559400e+002
5.977600e+002,1.553400e+002,1,1,6.189500e+002,1.559400e+002
5.595700e+002,1.693600e+002,0,0,-1.000000e+000,-1.000000e+000
4.134900e+002,1.850800e+002,0,0,-1.000000e+000,-1.000000e+000
4.134900e+002,1.850800e+002,0,0,-1.000000e+000,-1.000000e+000
5.996100e+002,1.923600e+002,0,0,-1.000000e+000,-1.000000e+000
2.664500e+002,2.052600e+002,0,0,-1.000000e+000,-1.000000e+000
2.438500e+002,2.270200e+002,0,0,-1.000000e+000,-1.000000e+000
2.369900e+002,2.309300e+002,1,1,2.506900e+002,2.276200e+002
2.369900e+002,2.309300e+002,0,0,-1.000000e+000,-1.000000e+000
5.358800e+002,2.380900e+002,0,0,-1.000000e+000,-1.000000e+000
4.872300e+002,2.403600e+002,0,0,-1.000000e+000,-1.000000e+000
6.313500e+002,2.434800e+002,0,0,-1.000000e+000,-1.000000e+000
1.425800e+002,2.820100e+002,0,0,-1.000000e+000,-1.000000e+000
4.960300e+002,3.068300e+002,0,0,-1.000000e+000,-1.000000e+000
9.120000e+001,3.358400e+002,0,0,-1.000000e+000,-1.000000e+000
9.120000e+001,3.358400e+002,0,0,-1.000000e+000,-1.000000e+000
9.157000e+001,3.433200e+002,0,0,-1.000000e+000,-1.000000e+000
8.161000e+001,3.475100e+002,1,1,8.985000e+001,3.421900e+002
5.686000e+001,3.498200e+002,1,1,6.506000e+001,3.445100e+002
3.595000e+001,3.580300e+002,1,1,4.417000e+001,3.525500e+002
3.595000e+001,3.580300e+002,0,0,-1.000000e+000,-1.000000e+000
3.602000e+001,3.664700e+002,0,0,-1.000000e+000,-1.000000e+000
2.529000e+001,3.694500e+002,1,1,3.272000e+001,3.634200e+002
2.529000e+001,3.694500e+002,1,1,3.272000e+001,3.634200e+002
2.529000e+001,3.694500e+002,1,1,3.272000e+001,3.634200e+002
1.463000e+001,3.748400e+002,1,1,2.199000e+001,3.684800e+002
1.205500e+002,3.744100e+002,0,0,-1.000000e+000,-1.000000e+000
1.106100e+002,3.791300e+002,0,0,-1.000000e+000,-1.000000e+000
8.715000e+001,3.849000e+002,1,1,9.364000e+001,3.803100e+002
1.412000e+001,3.882800e+002,0,0,-1.000000e+000,-1.000000e+000
7.495000e+001,3.903700e+002,1,1,8.106000e+001,3.856000e+002
8.254000e+001,3.912300e+002,0,0,-1.000000e+000,-1.000000e+000
6.188000e+001,3.962000e+002,0,0,-1.000000e+000,-1.000000e+000
4.724000e+001,4.026500e+002,1,1,5.335000e+001,3.972400e+002
4.724000e+001,4.026500e+002,1,1,5.335000e+001,3.972400e+002
5.591000e+001,4.037300e+002,1,1,6.182000e+001,3.986400e+002
3.360000e+001,4.087700e+002,0,0,-1.000000e+000,-1.000000e+000
3.360000e+001,4.087700e+002,0,0,-1.000000e+000,-1.000000e+000
4.199000e+001,4.097700e+002,1,1,4.749000e+001,4.043800e+002
4.421700e+002,1.368900e+002,1,1,4.618700e+002,1.345300e+002
4.380700e+002,1.450900e+002,1,1,4.564100e+002,1.429900e+002
5.124700e+002,1.511700e+002,0,0,-1.000000e+000,-1.000000e+000
6.006500e+002,1.666000e+002,0,0,-1.000000e+000,-1.000000e+000
6.006500e+002,1.666000e+002,0,0,-1.000000e+000,-1.000000e+000
6.006500e+002,1.666000e+002,0,0,-1.000000e+000,-1.000000e+000
4.116700e+002,1.846100e+002,0,0,-1.000000e+000,-1.000000e+000
4.116700e+002,1.846100e+002,0,0,-1.000000e+000,-1.000000e+000
6.206700e+002,2.125700e+002,0,0,-1.000000e+000,-1.000000e+000
6.298500e+002,2.202800e+002,0,0,-1.000000e+000,-1.000000e+000
6.052300e+002,2.236100e+002,0,0,-1.000000e+000,-1.000000e+000
2.680000e+002,2.266700e+002,0,0,-1.000000e+000,-1.000000e+000
2.576700e+002,2.431300e+002,1,1,2.707300e+002,2.400800e+002
2.576700e+002,2.431300e+002,1,1,2.707300e+002,2.400800e+002
2.454200e+002,2.446500e+002,1,1,2.601800e+002,2.414400e+002
2.551300e+002,2.515800e+002,0,0,-1.000000e+000,-1.000000e+000
4.334700e+002,2.986400e+002,1,1,4.447600e+002,3.003300e+002
1.722000e+002,3.140100e+002,0,0,-1.000000e+000,-1.000000e+000
5.900000e+001,3.577300e+002,0,0,-1.000000e+000,-1.000000e+000
1.685900e+002,3.615900e+002,0,0,-1.000000e+000,-1.000000e+000
1.685900e+002,3.615900e+002,0,0,-1.000000e+000,-1.000000e+000
6.250200e+002,4.260000e+001,0,0,-1.000000e+000,-1.000000e+000
4.366000e+002,1.447900e+002,0,0,-1.000000e+000,-1.000000e+000
5.121200e+002,1.525500e+002,0,0,-1.000000e+000,-1.000000e+000
6.003300e+002,1.664500e+002,0,0,-1.000000e+000,-1.000000e+000
6.003300e+002,1.664500e+002,0,0,-1.000000e+000,-1.000000e+000
4.024500e+002,1.675600e+002,1,1,4.193900e+002,1.658500e+002
4.024500e+002,1.675600e+002,0,0,-1.000000e+000,-1.000000e+000
5.684200e+002,1.711400e+002,0,0,-1.000000e+000,-1.000000e+000
5.921900e+002,1.799300e+002,1,1,6.134600e+002,1.801400e+002
4.095200e+002,1.839300e+002,1,1,4.253100e+002,1.823100e+002
4.095200e+002,1.839300e+002,1,1,4.253100e+002,1.823100e+002
2.686100e+002,2.065600e+002,0,0,-1.000000e+000,-1.000000e+000
2.612500e+002,2.177800e+002,0,0,-1.000000e+000,-1.000000e+000
1.647000e+002,2.203200e+002,0,0,-1.000000e+000,-1.000000e+000
1.440700e+002,2.394000e+002,0,0,-1.000000e+000,-1.000000e+000
1.440700e+002,2.394000e+002,0,0,-1.000000e+000,-1.000000e+000
5.045000e+002,2.712800e+002,0,0,-1.000000e+000,-1.000000e+000
5.306100e+002,2.741400e+002,0,0,-1.000000e+000,-1.000000e+000
2.671700e+002,2.876400e+002,1,1,2.791000e+002,2.854500e+002
3.701700e+002,3.077300e+002,0,0,-1.000000e+000,-1.000000e+000
4.832800e+002,3.399700e+002,0,0,-1.000000e+000,-1.000000e+000
1.189400e+002,3.618900e+002,1,1,1.260900e+002,3.576300e+002
1.189400e+002,3.618900e+002,1,1,1.260900e+002,3.576300e+002
9.457000e+001,3.719100e+002,0,0,-1.000000e+000,-1.000000e+000
1.290800e+002,1.085300e+002,0,0,-1.000000e+000,-1.000000e+000
1.290800e+002,1.085300e+002,0,0,-1.000000e+000,-1.000000e+000
5.418900e+002,1.550900e+002,0,0,-1.000000e+000,-1.000000e+000
1.605000e+002,1.595900e+002,1,1,1.728400e+002,1.550600e+002
2.507800e+002,2.306400e+002,0,0,-1.000000e+000,-1.000000e+000
6.204500e+002,2.647100e+002,0,0,-1.000000e+000,-1.000000e+000
1.280100e+002,2.797200e+002,0,0,-1.000000e+000,-1.000000e+000
1.164300e+002,2.963000e+002,0,0,-1.000000e+000,-1.000000e+000
2.680000e+001,3.153900e+002,0,0,-1.000000e+000,-1.000000e+000
2.004300e+002,3.201900e+002,0,0,-1.000000e+000,-1.000000e+000
3.688400e+002,3.474000e+002,0,0,-1.000000e+000,-1.000000e+000
5.564700e+002,4.175700e+002,0,0,-1.000000e+000,-1.000000e+000
1.390200e+002,9.479000e+001,0,0,-1.000000e+000,-1.000000e+000
4.955700e+002,2.344400e+002,0,0,-1.000000e+000,-1.000000e+000
2.367400e+002,2.892200e+002,0,0,-1.000000e+000,-1.000000e+000
1.545500e+002,2.944000e+002,0,0,-1.000000e+000,-1.000000e+000
4.932000e+002,2.936800e+002,0,0,-1.000000e+000,-1.000000e+000
5.097300e+002,3.040000e+002,0,0,-1.000000e+000,-1.000000e+000
1.850600e+002,3.141600e+002,1,1,1.953000e+002,3.102700e+002
1.850600e+002,3.141600e+002,1,1,1.953000e+002,3.102700e+002
3.367700e+002,3.179500e+002,1,1,3.453500e+002,3.179600e+002
3.149000e+002,3.492900e+002,0,0,-1.000000e+000,-1.000000e+000
2.950700e+002,3.578100e+002,0,0,-1.000000e+000,-1.000000e+000
5.819600e+002,4.118300e+002,0,0,-1.000000e+000,-1.000000e+000
5.412200e+002,1.526500e+002,0,0,-1.000000e+000,-1.000000e+000
1.671300e+002,1.551200e+002,0,0,-1.000000e+000,-1.000000e+000
4.968000e+002,2.328100e+002,0,0,-1.000000e+000,-1.000000e+000
2.687000e+002,2.445000e+002,0,0,-1.000000e+000,-1.000000e+000
1.188200e+002,2.580200e+002,0,0,-1.000000e+000,-1.000000e+000
2.758800e+002,2.628400e+002,0,0,-1.000000e+000,-1.000000e+000
4.859000e+002,2.750700e+002,1,1,4.962200e+002,2.759000e+002
4.859000e+002,2.750700e+002,1,1,4.962200e+002,2.759000e+002
2.355500e+002,2.878700e+002,0,0,-1.000000e+000,-1.000000e+000
2.226500e+002,3.279700e+002,1,1,2.314400e+002,3.256000e+002
3.156800e+002,3.448300e+002,0,0,-1.000000e+000,-1.000000e+000
1.785200e+002,3.523500e+002,0,0,-1.000000e+000,-1.000000e+000
5.096200e+002,1.606500e+002,0,0,-1.000000e+000,-1.000000e+000
4.841300e+002,2.743900e+002,0,0,-1.000000e+000,-1.000000e+000
4.841300e+002,2.743900e+002,0,0,-1.000000e+000,-1.000000e+000
1.991100e+002,3.430800e+002,0,0,-1.000000e+000,-1.000000e+000
4.623000e+002,1.407200e+002,0,0,-1.000000e+000,-1.000000e+000
3.780600e+002,1.766800e+002,0,0,-1.000000e+000,-1.000000e+000
1.698100e+002,1.796400e+002,1,1,1.817200e+002,1.754100e+002
1.698100e+002,1.796400e+002,1,1,1.817200e+002,1.754100e+002
4.800600e+002,2.735200e+002,0,0,-1.000000e+000,-1.000000e+000
4.800600e+002,2.735200e+002,0,0,-1.000000e+000,-1.000000e+000
9.066000e+001,2.897700e+002,1,1,1.021400e+002,2.850600e+002
6.383000e+001,3.296700e+002,0,0,-1.000000e+000,-1.000000e+000
5.467600e+002,1.444400e+002,0,0,-1.000000e+000,-1.000000e+000
2.371200e+002,2.047800e+002,0,0,-1.000000e+000,-1.000000e+000
1.914600e+002,2.158900e+002,0,0,-1.000000e+000,-1.000000e+000
3.218500e+002,2.877600e+002,0,0,-1.000000e+000,-1.000000e+000
2.124800e+002,3.615700e+002,0,0,-1.000000e+000,-1.000000e+000
5.764700e+002,2.020200e+002,0,0,-1.000000e+000,-1.000000e+000
5.699400e+002,2.556900e+002,0,0,-1.000000e+000,-1.000000e+000
4.585800e+002,3.213000e+002,0,0,-1.000000e+000,-1.000000e+000
2.103200e+002,2.712300e+002,0,0,-1.000000e+000,-1.000000e+000
5.211400e+002,1.926900e+002,0,0,-1.000000e+000,-1.000000e+000
3.359400e+002,2.504800e+002,0,0,-1.000000e+000,-1.000000e+000
1.275600e+002,3.397300e+002,0,0,-1.000000e+000,-1.000000e+000
2.670500e+002,3.325300e+002,0,0,1.000000e+000,-1.000000e+000