4.912700e+002,1.989000e+001,0,0,-1.000000e+000,-1.000000e+000
6.318500e+002,3.613000e+001,1,1,6.327200e+002,3.939000e+001
5.930300e+002,4.406000e+001,0,0,-1.000000e+000,-1.000000e+000
5.716000e+002,4.839000e+001,0,0,-1.000000e+000,-1.000000e+000
5.670100e+002,4.944000e+001,0,0,-1.000000e+000,-1.000000e+000
5.634600e+002,5.009000e+001,0,0,-1.000000e+000,-1.000000e+000
4.539000e+002,7.724000e+001,0,0,-1.000000e+000,-1.000000e+000
3.944500e+002,8.765000e+001,0,0,-1.000000e+000,-1.000000e+000
1.511500e+002,9.010000e+001,0,0,-1.000000e+000,-1.000000e+000
1.271000e+002,9.401000e+001,0,0,-1.000000e+000,-1.000000e+000
1.236600e+002,9.455000e+001,1,1,1.233900e+002,9.547000e+001
4.852600e+002,9.481000e+001,1,1,4.864000e+002,9.657000e+001
4.852600e+002,9.481000e+001,1,1,4.864000e+002,9.657000e+001
9.954000e+001,9.855000e+001,0,0,-1.000000e+000,-1.000000e+000
8.807000e+001,1.004000e+002,0,0,-1.000000e+000,-1.000000e+000
7.974000e+001,1.016000e+002,0,0,-1.000000e+000,-1.000000e+000
6.483000e+001,1.044300e+002,0,0,-1.000000e+000,-1.000000e+000
5.786000e+001,1.057400e+002,0,0,-1.000000e+000,-1.000000e+000
1.484600e+002,1.055700e+002,0,0,-1.000000e+000,-1.000000e+000
1.484600e+002,1.055700e+002,0,0,-1.000000e+000,-1.000000e+000
4.833000e+001,1.072600e+002,0,0,-1.000000e+000,-1.000000e+000
4.548800e+002,1.074100e+002,0,0,-1.000000e+000,-1.000000e+000
4.408000e+001,1.082700e+002,0,0,-1.000000e+000,-1.000000e+000
1.515500e+002,1.080200e+002,0,0,-1.000000e+000,-1.000000e+000
4.416100e+002,1.081200e+002,0,0,-1.000000e+000,-1.000000e+000
3.214000e+001,1.100100e+002,0,0,-1.000000e+000,-1.000000e+000
2.393000e+001,1.116700e+002,0,0,-1.000000e+000,-1.000000e+000
1.953000e+001,1.124100e+002,0,0,-1.000000e+000,-1.000000e+000
4.299400e+002,1.132700e+002,0,0,-1.000000e+000,-1.000000e+000
4.299400e+002,1.132700e+002,0,0,-1.000000e+000,-1.000000e+000
5.388700e+002,1.140800e+002,0,0,-1.000000e+000,-1.000000e+000
7.990000e+000,1.144000e+002,0,0,-1.000000e+000,-1.000000e+000
4.090700e+002,1.145800e+002,0,0,-1.000000e+000,-1.000000e+000
4.233200e+002,1.146500e+002,0,0,-1.000000e+000,-1.000000e+000
4.011000e+002,1.159600e+002,0,0,-1.000000e+000,-1.000000e+000
4.180800e+002,1.163400e+002,0,0,-1.000000e+000,-1.000000e+000
4.180800e+002,1.163400e+002,0,0,-1.000000e+000,-1.000000e+000
4.093300e+002,1.175700e+002,0,0,-1.000000e+000,-1.000000e+000
5.386900e+002,1.188900e+002,0,0,-1.000000e+000,-1.000000e+000
5.139400e+002,1.230000e+002,0,0,-1.000000e+000,-1.000000e+000
3.516000e+002,1.251700e+002,1,1,3.509100e+002,1.269600e+002
5.303900e+002,1.258500e+002,0,0,-1.000000e+000,-1.000000e+000
4.662500e+002,1.271900e+002,0,0,-1.000000e+000,-1.000000e+000
3.937200e+002,1.313500e+002,0,0,-1.000000e+000,-1.000000e+000
4.871500e+002,1.319000e+002,0,0,-1.000000e+000,-1.000000e+000
4.871500e+002,1.319000e+002,0,0,-1.000000e+000,-1.000000e+000
4.805700e+002,1.323500e+002,0,0,-1.000000e+000,-1.000000e+000
3.950500e+002,1.335200e+002,0,0,-1.000000e+000,-1.000000e+000
4.873400e+002,1.349600e+002,1,1,4.881700e+002,1.367600e+002
4.030600e+002,1.378000e+002,0,0,-1.000000e+000,-1.000000e+000
6.232600e+002,1.384600e+002,0,0,-1.000000e+000,-1.000000e+000
4.026700e+002,1.402600e+002,0,0,-1.000000e+000,-1.000000e+000
1.530900e+002,1.419800e+002,0,0,-1.000000e+000,-1.000000e+000
3.841700e+002,1.424400e+002,0,0,-1.000000e+000,-1.000000e+000
5.084000e+002,1.431600e+002,1,1,5.093500e+002,1.448800e+002
5.244700e+002,1.434500e+002,1,1,5.261200e+002,1.453600e+002
5.074900e+002,1.454400e+002,1,1,5.094800e+002,1.490400e+002
6.107300e+002,1.456100e+002,0,0,-1.000000e+000,-1.000000e+000
5.366400e+002,1.470700e+002,0,0,-1.000000e+000,-1.000000e+000
5.366400e+002,1.470700e+002,0,0,-1.000000e+000,-1.000000e+000
1.558800e+002,1.477700e+002,0,0,-1.000000e+000,-1.000000e+000
6.004100e+002,1.496100e+002,0,0,-1.000000e+000,-1.000000e+000
1.542100e+002,1.502600e+002,0,0,-1.000000e+000,-1.000000e+000
5.364800e+002,1.524900e+002,1,1,5.375900e+002,1.538700e+002
2.220600e+002,1.551400e+002,0,0,-1.000000e+000,-1.000000e+000
5.831400e+002,1.559200e+002,0,0,-1.000000e+000,-1.000000e+000
5.831400e+002,1.559200e+002,0,0,-1.000000e+000,-1.000000e+000
2.767300e+002,1.594300e+002,0,0,-1.000000e+000,-1.000000e+000
3.121400e+002,1.599500e+002,0,0,-1.000000e+000,-1.000000e+000
5.518100e+002,1.600400e+002,1,1,5.537100e+002,1.622500e+002
3.812600e+002,1.603500e+002,0,0,-1.000000e+000,-1.000000e+000
2.990800e+002,1.608600e+002,0,0,-1.000000e+000,-1.000000e+000
6.075000e+002,1.613000e+002,0,0,-1.000000e+000,-1.000000e+000
6.024500e+002,1.634000e+002,0,0,-1.000000e+000,-1.000000e+000
6.317200e+002,1.633800e+002,1,1,6.333600e+002,1.656900e+002
5.909600e+002,1.697500e+002,0,0,-1.000000e+000,-1.000000e+000
6.182000e+002,1.702700e+002,0,0,-1.000000e+000,-1.000000e+000
6.323200e+002,1.710700e+002,0,0,-1.000000e+000,-1.000000e+000
5.876500e+002,1.717000e+002,0,0,-1.000000e+000,-1.000000e+000
5.804200e+002,1.732100e+002,1,1,5.805300e+002,1.758900e+002
6.116300e+002,1.734800e+002,0,0,-1.000000e+000,-1.000000e+000
5.802200e+002,1.763700e+002,0,0,-1.000000e+000,-1.000000e+000
6.071500e+002,1.763500e+002,0,0,-1.000000e+000,-1.000000e+000
6.040000e+002,1.777000e+002,0,0,-1.000000e+000,-1.000000e+000
5.682600e+002,1.787100e+002,0,0,-1.000000e+000,-1.000000e+000
5.971000e+002,1.810600e+002,0,0,-1.000000e+000,-1.000000e+000
2.240200e+002,1.819000e+002,0,0,-1.000000e+000,-1.000000e+000
4.288300e+002,1.834000e+002,0,0,-1.000000e+000,-1.000000e+000
5.925000e+002,1.838300e+002,0,0,-1.000000e+000,-1.000000e+000
1.709300e+002,1.856600e+002,0,0,-1.000000e+000,-1.000000e+000
5.888300e+002,1.858400e+002,0,0,-1.000000e+000,-1.000000e+000
5.695300e+002,1.883800e+002,0,0,-1.000000e+000,-1.000000e+000
5.815200e+002,1.893000e+002,0,0,-1.000000e+000,-1.000000e+000
5.773600e+002,1.899200e+002,0,0,-1.000000e+000,-1.000000e+000
1.609300e+002,1.908800e+002,0,0,-1.000000e+000,-1.000000e+000
5.691100e+002,1.931900e+002,0,0,-1.000000e+000,-1.000000e+000
5.691100e+002,1.931900e+002,0,0,-1.000000e+000,-1.000000e+000
6.253100e+002,1.941600e+002,0,0,-1.000000e+000,-1.000000e+000
4.577900e+002,1.950600e+002,0,0,-1.000000e+000,-1.000000e+000
1.593600e+002,1.960600e+002,0,0,-1.000000e+000,-1.000000e+000
4.400300e+002,1.961100e+002,0,0,-1.000000e+000,-1.000000e+000
5.796200e+002,1.968200e+002,1,1,5.811200e+002,1.993900e+002
1.620400e+002,1.974600e+002,0,0,-1.000000e+000,-1.000000e+000
4.951300e+002,1.978000e+002,0,0,-1.000000e+000,-1.000000e+000
2.636500e+002,1.985500e+002,0,0,-1.000000e+000,-1.000000e+000
6.316300e+002,1.983700e+002,0,0,-1.000000e+000,-1.000000e+000
6.316300e+002,1.983700e+002,0,0,-1.000000e+000,-1.000000e+000
6.155200e+002,2.000800e+002,0,0,-1.000000e+000,-1.000000e+000
6.290200e+002,1.999700e+002,0,0,-1.000000e+000,-1.000000e+000
6.290200e+002,1.999700e+002,0,0,-1.000000e+000,-1.000000e+000
4.858400e+002,2.003400e+002,0,0,-1.000000e+000,-1.000000e+000
1.624200e+002,2.018300e+002,0,0,-1.000000e+000,-1.000000e+000
6.241800e+002,2.028600e+002,0,0,-1.000000e+000,-1.000000e+000
1.704700e+002,2.035700e+002,0,0,-1.000000e+000,-1.000000e+000
5.906500e+002,2.035400e+002,0,0,-1.000000e+000,-1.000000e+000
5.932400e+002,2.048700e+002,0,0,-1.000000e+000,-1.000000e+000
6.012300e+002,2.054000e+002,1,1,6.027900e+002,2.080700e+002
6.122500e+002,2.061100e+002,0,0,-1.000000e+000,-1.000000e+000
6.122500e+002,2.061100e+002,0,0,-1.000000e+000,-1.000000e+000
6.171100e+002,2.069000e+002,1,1,6.173600e+002,2.102200e+002
2.771100e+002,2.085900e+002,0,0,-1.000000e+000,-1.000000e+000
4.598900e+002,2.118500e+002,0,0,-1.000000e+000,-1.000000e+000
2.575700e+002,2.126400e+002,1,1,2.550100e+002,2.155700e+002
6.326500e+002,2.140300e+002,0,0,-1.000000e+000,-1.000000e+000
2.107100e+002,2.156300e+002,0,0,-1.000000e+000,-1.000000e+000
2.325300e+002,2.165100e+002,0,0,-1.000000e+000,-1.000000e+000
2.325300e+002,2.165100e+002,0,0,-1.000000e+000,-1.000000e+000
6.172800e+002,2.168600e+002,0,0,-1.000000e+000,-1.000000e+000
5.485600e+002,2.214000e+002,0,0,-1.000000e+000,-1.000000e+000
4.771600e+002,2.231400e+002,0,0,-1.000000e+000,-1.000000e+000
1.754000e+002,2.237600e+002,1,1,1.727500e+002,2.263800e+002
1.754000e+002,2.237600e+002,1,1,1.727500e+002,2.263800e+002
2.575900e+002,2.261500e+002,0,0,-1.000000e+000,-1.000000e+000
2.399100e+002,2.276500e+002,0,0,-1.000000e+000,-1.000000e+000
2.067200e+002,2.290200e+002,0,0,-1.000000e+000,-1.000000e+000
3.014000e+002,2.328500e+002,0,0,-1.000000e+000,-1.000000e+000
3.049700e+002,2.363600e+002,0,0,-1.000000e+000,-1.000000e+000
1.776100e+002,2.370500e+002,0,0,-1.000000e+000,-1.000000e+000
4.809900e+002,2.378000e+002,0,0,-1.000000e+000,-1.000000e+000
4.701400e+002,2.414200e+002,0,0,-1.000000e+000,-1.000000e+000
1.545700e+002,2.443800e+002,0,0,-1.000000e+000,-1.000000e+000
1.749900e+002,2.458600e+002,0,0,-1.000000e+000,-1.000000e+000
3.140500e+002,2.485200e+002,0,0,-1.000000e+000,-1.000000e+000
3.171900e+002,2.486900e+002,0,0,-1.000000e+000,-1.000000e+000
4.442000e+002,2.486500e+002,0,0,-1.000000e+000,-1.000000e+000
4.269900e+002,2.530500e+002,0,0,-1.000000e+000,-1.000000e+000
4.363300e+002,2.544700e+002,0,0,-1.000000e+000,-1.000000e+000
3.249800e+002,2.563200e+002,0,0,-1.000000e+000,-1.000000e+000
4.638000e+002,2.589200e+002,0,0,-1.000000e+000,-1.000000e+000
1.229300e+002,2.631900e+002,0,0,-1.000000e+000,-1.000000e+000
1.229300e+002,2.631900e+002,1,1,1.183900e+002,2.666800e+002
3.819200e+002,2.635600e+002,0,0,-1.000000e+000,-1.000000e+000
1.740000e+002,2.663700e+002,0,0,-1.000000e+000,-1.000000e+000
1.740000e+002,2.663700e+002,0,0,-1.000000e+000,-1.000000e+000
3.579400e+002,2.679000e+002,0,0,-1.000000e+000,-1.000000e+000
3.412000e+002,2.713400e+002,0,0,-1.000000e+000,-1.000000e+000
1.142000e+001,2.831600e+002,0,0,-1.000000e+000,-1.000000e+000
1.594700e+002,2.869800e+002,0,0,-1.000000e+000,-1.000000e+000
1.594700e+002,2.869800e+002,0,0,-1.000000e+000,-1.000000e+000
1.319100e+002,2.890000e+002,0,0,-1.000000e+000,-1.000000e+000
6.341000e+002,2.905900e+002,0,0,-1.000000e+000,-1.000000e+000
2.013800e+002,2.944200e+002,0,0,-1.000000e+000,-1.000000e+000
4.249800e+002,3.021500e+002,0,0,-1.000000e+000,-1.000000e+000
4.249800e+002,3.021500e+002,0,0,-1.000000e+000,-1.000000e+000
2.015000e+002,3.034600e+002,0,0,-1.000000e+000,-1.000000e+000
2.232500e+002,3.049800e+002,0,0,-1.000000e+000,-1.000000e+000
1.453400e+002,3.073700e+002,0,0,-1.000000e+000,-1.000000e+000
1.747500e+002,3.084300e+002,0,0,-1.000000e+000,-1.000000e+000
1.747500e+002,3.084300e+002,0,0,-1.000000e+000,-1.000000e+000
6.284800e+002,3.084100e+002,0,0,-1.000000e+000,-1.000000e+000
1.745000e+002,3.113500e+002,0,0,-1.000000e+000,-1.000000e+000
1.675200e+002,3.126400e+002,0,0,-1.000000e+000,-1.000000e+000
1.675200e+002,3.126400e+002,0,0,-1.000000e+000,-1.000000e+000
1.694600e+002,3.140300e+002,0,0,-1.000000e+000,-1.000000e+000
5.916400e+002,3.144700e+002,0,0,-1.000000e+000,-1.000000e+000
2.155700e+002,3.165100e+002,0,0,-1.000000e+000,-1.000000e+000
1.604000e+002,3.168400e+002,0,0,-1.000000e+000,-1.000000e+000
1.604000e+002,3.168400e+002,0,0,-1.000000e+000,-1.000000e+000
1.315800e+002,3.190900e+002,0,0,-1.000000e+000,-1.000000e+000
1.315800e+002,3.190900e+002,1,1,1.261000e+002,3.227900e+002
1.599500e+002,3.196000e+002,0,0,-1.000000e+000,-1.000000e+000
2.178300e+002,3.195900e+002,0,0,-1.000000e+000,-1.000000e+000
1.732700e+002,3.206700e+002,0,0,-1.000000e+000,-1.000000e+000
1.315300e+002,3.221700e+002,0,0,-1.000000e+000,-1.000000e+000
1.945100e+002,3.226600e+002,0,0,-1.000000e+000,-1.000000e+000
1.689100e+002,3.236900e+002,0,0,-1.000000e+000,-1.000000e+000
3.350000e+002,3.250600e+002,0,0,-1.000000e+000,-1.000000e+000
2.232500e+002,3.258500e+002,0,0,-1.000000e+000,-1.000000e+000
1.541800e+002,3.271600e+002,0,0,-1.000000e+000,-1.000000e+000
1.418800e+002,3.274700e+002,0,0,-1.000000e+000,-1.000000e+000
1.418800e+002,3.274700e+002,1,1,1.371900e+002,3.305400e+002
1.881300e+002,3.274900e+002,0,0,-1.000000e+000,-1.000000e+000
1.881300e+002,3.274900e+002,0,0,-1.000000e+000,-1.000000e+000
3.340900e+002,3.274700e+002,0,0,-1.000000e+000,-1.000000e+000
1.330600e+002,3.283200e+002,0,0,-1.000000e+000,-1.000000e+000
1.725700e+002,3.296000e+002,0,0,-1.000000e+000,-1.000000e+000
1.962400e+002,3.299600e+002,0,0,-1.000000e+000,-1.000000e+000
2.013200e+002,3.300100e+002,0,0,-1.000000e+000,-1.000000e+000
5.592800e+002,3.305300e+002,0,0,-1.000000e+000,-1.000000e+000
1.375500e+002,3.311400e+002,0,0,-1.000000e+000,-1.000000e+000
1.160600e+002,3.322600e+002,1,1,1.087800e+002,3.358200e+002
1.262200e+002,3.322500e+002,0,0,-1.000000e+000,-1.000000e+000
5.562400e+002,3.320000e+002,0,0,-1.000000e+000,-1.000000e+000
1.676000e+002,3.341500e+002,0,0,-1.000000e+000,-1.000000e+000
1.042700e+002,3.343800e+002,0,0,-1.000000e+000,-1.000000e+000
1.042700e+002,3.343800e+002,1,1,9.885000e+001,3.381900e+002
1.093800e+002,3.346400e+002,0,0,-1.000000e+000,-1.000000e+000
1.504500e+002,3.344100e+002,0,0,-1.000000e+000,-1.000000e+000
1.504500e+002,3.344100e+002,0,0,-1.000000e+000,-1.000000e+000
1.340800e+002,3.348000e+002,0,0,-1.000000e+000,-1.000000e+000
1.154100e+002,3.355600e+002,1,1,1.086700e+002,3.397200e+002
1.042000e+002,3.375800e+002,1,1,9.740000e+001,3.421500e+002
5.358600e+002,3.394700e+002,0,0,-1.000000e+000,-1.000000e+000
5.409400e+002,3.396000e+002,0,0,-1.000000e+000,-1.000000e+000
5.293400e+002,3.425500e+002,0,0,-1.000000e+000,-1.000000e+000
1.294500e+002,3.438700e+002,0,0,-1.000000e+000,-1.000000e+000
5.265800e+002,3.440100e+002,0,0,-1.000000e+000,-1.000000e+000
7.088000e+001,3.465900e+002,1,1,6.492000e+001,3.503200e+002
7.088000e+001,3.465900e+002,1,1,6.492000e+001,3.503200e+002
2.657900e+002,3.464700e+002,0,0,-1.000000e+000,-1.000000e+000
5.267200e+002,3.465000e+002,0,0,-1.000000e+000,-1.000000e+000
1.097900e+002,3.471700e+002,0,0,-1.000000e+000,-1.000000e+000
1.690100e+002,3.476500e+002,0,0,-1.000000e+000,-1.000000e+000
1.690100e+002,3.476500e+002,0,0,-1.000000e+000,-1.000000e+000
1.067100e+002,3.479400e+002,0,0,-1.000000e+000,-1.000000e+000
1.067100e+002,3.479400e+002,0,0,-1.000000e+000,-1.000000e+000
1.067100e+002,3.479400e+002,0,0,-1.000000e+000,-1.000000e+000
8.303000e+001,3.482700e+002,0,0,-1.000000e+000,-1.000000e+000
5.224400e+002,3.482800e+002,0,0,-1.000000e+000,-1.000000e+000
1.716900e+002,3.493100e+002,0,0,-1.000000e+000,-1.000000e+000
5.122000e+002,3.509700e+002,0,0,-1.000000e+000,-1.000000e+000
1.614400e+002,3.525100e+002,0,0,-1.000000e+000,-1.000000e+000
1.614400e+002,3.525100e+002,0,0,-1.000000e+000,-1.000000e+000
5.144200e+002,3.524600e+002,0,0,-1.000000e+000,-1.000000e+000
1.084500e+002,3.557100e+002,0,0,-1.000000e+000,-1.000000e+000
1.255000e+002,3.587900e+002,0,0,-1.000000e+000,-1.000000e+000
6.651000e+001,3.593600e+002,0,0,-1.000000e+000,-1.000000e+000
1.539500e+002,3.628300e+002,0,0,-1.000000e+000,-1.000000e+000
7.108000e+001,3.639500e+002,1,1,6.536000e+001,3.676300e+002
1.425700e+002,3.640100e+002,0,0,-1.000000e+000,-1.000000e+000
4.811000e+001,3.660900e+002,0,0,-1.000000e+000,-1.000000e+000
4.811000e+001,3.660900e+002,0,0,-1.000000e+000,-1.000000e+000
1.202200e+002,3.680200e+002,0,0,-1.000000e+000,-1.000000e+000
6.325000e+001,3.685600e+002,0,0,-1.000000e+000,-1.000000e+000
1.761000e+002,3.716000e+002,0,0,-1.000000e+000,-1.000000e+000
5.529000e+001,3.731700e+002,0,0,-1.000000e+000,-1.000000e+000
1.255700e+002,3.729800e+002,0,0,-1.000000e+000,-1.000000e+000
1.115500e+002,3.732300e+002,0,0,-1.000000e+000,-1.000000e+000
1.289800e+002,3.758700e+002,0,0,-1.000000e+000,-1.000000e+000
1.051300e+002,3.766500e+002,0,0,-1.000000e+000,-1.000000e+000
1.645700e+002,3.766100e+002,1,1,1.610700e+002,3.795500e+002
1.645700e+002,3.766100e+002,1,1,1.610700e+002,3.795500e+002
5.408000e+001,3.785700e+002,0,0,-1.000000e+000,-1.000000e+000
5.408000e+001,3.785700e+002,0,0,-1.000000e+000,-1.000000e+000
5.408000e+001,3.785700e+002,0,0,-1.000000e+000,-1.000000e+000
4.524900e+002,3.795200e+002,0,0,-1.000000e+000,-1.000000e+000
4.557300e+002,3.803200e+002,0,0,-1.000000e+000,-1.000000e+000
9.671000e+001,3.818000e+002,0,0,-1.000000e+000,-1.000000e+000
5.307000e+001,3.827200e+002,0,0,-1.000000e+000,-1.000000e+000
1.110400e+002,3.835300e+002,0,0,-1.000000e+000,-1.000000e+000
4.472000e+001,3.841200e+002,0,0,-1.000000e+000,-1.000000e+000
4.472000e+001,3.841200e+002,0,0,-1.000000e+000,-1.000000e+000
4.472000e+001,3.841200e+002,0,0,-1.000000e+000,-1.000000e+000
9.421000e+001,3.838500e+002,0,0,-1.000000e+000,-1.000000e+000
9.421000e+001,3.838500e+002,0,0,-1.000000e+000,-1.000000e+000
1.489000e+001,3.848900e+002,0,0,-1.000000e+000,-1.000000e+000
1.489000e+001,3.848900e+002,0,0,-1.000000e+000,-1.000000e+000
7.005000e+001,3.877200e+002,0,0,-1.000000e+000,-1.000000e+000
7.005000e+001,3.877200e+002,0,0,-1.000000e+000,-1.000000e+000
1.498000e+001,3.887200e+002,0,0,-1.000000e+000,-1.000000e+000
2.668000e+001,3.892600e+002,0,0,-1.000000e+000,-1.000000e+000
8.565000e+001,3.895900e+002,0,0,-1.000000e+000,-1.000000e+000
8.565000e+001,3.895900e+002,0,0,-1.000000e+000,-1.000000e+000
1.070400e+002,3.893900e+002,0,0,-1.000000e+000,-1.000000e+000
5.545000e+001,3.913800e+002,0,0,-1.000000e+000,-1.000000e+000
8.484000e+001,3.923900e+002,0,0,-1.000000e+000,-1.000000e+000
4.910000e+000,3.944300e+002,0,0,-1.000000e+000,-1.000000e+000
2.530000e+001,3.954100e+002,0,0,-1.000000e+000,-1.000000e+000
2.530000e+001,3.954100e+002,0,0,-1.000000e+000,-1.000000e+000
3.626000e+001,3.988300e+002,0,0,-1.000000e+000,-1.000000e+000
1.545000e+001,4.009900e+002,0,0,-1.000000e+000,-1.000000e+000
1.545000e+001,4.009900e+002,0,0,-1.000000e+000,-1.000000e+000
1.545000e+001,4.009900e+002,0,0,-1.000000e+000,-1.000000e+000
4.564000e+001,4.035400e+002,0,0,-1.000000e+000,-1.000000e+000
4.564000e+001,4.035400e+002,0,0,-1.000000e+000,-1.000000e+000
5.106000e+001,4.037400e+002,0,0,-1.000000e+000,-1.000000e+000
3.990500e+002,4.046500e+002,0,0,-1.000000e+000,-1.000000e+000
4.361900e+002,4.060500e+002,0,0,-1.000000e+000,-1.000000e+000
5.709000e+001,4.101800e+002,0,0,-1.000000e+000,-1.000000e+000
1.142100e+002,4.108800e+002,0,0,-1.000000e+000,-1.000000e+000
1.142100e+002,4.108800e+002,0,0,-1.000000e+000,-1.000000e+000
5.347000e+001,4.120500e+002,0,0,-1.000000e+000,-1.000000e+000
3.909200e+002,4.275800e+002,0,0,-1.000000e+000,-1.000000e+000
3.504200e+002,4.293700e+002,0,0,-1.000000e+000,-1.000000e+000
2.710000e+000,4.392500e+002,0,0,-1.000000e+000,-1.000000e+000
2.290000e+000,4.419600e+002,0,0,-1.000000e+000,-1.000000e+000
3.141500e+002,4.459500e+002,0,0,-1.000000e+000,-1.000000e+000
3.110300e+002,4.474400e+002,0,0,-1.000000e+000,-1.000000e+000
5.450000e+001,4.495900e+002,0,0,-1.000000e+000,-1.000000e+000
5.450000e+001,4.495900e+002,0,0,-1.000000e+000,-1.000000e+000
4.232000e+001,4.569600e+002,1,1,3.453000e+001,4.619900e+002
4.232000e+001,4.569600e+002,1,1,3.453000e+001,4.619900e+002
4.515000e+001,4.583100e+002,0,0,-1.000000e+000,-1.000000e+000
3.215300e+002,4.604200e+002,0,0,-1.000000e+000,-1.000000e+000
3.215300e+002,4.604200e+002,0,0,-1.000000e+000,-1.000000e+000
3.259400e+002,4.612300e+002,0,0,-1.000000e+000,-1.000000e+000
2.831000e+001,4.651800e+002,1,1,1.980000e+001,4.705600e+002
2.831000e+001,4.651800e+002,1,1,1.980000e+001,4.705600e+002
1.817000e+001,4.662400e+002,0,0,-1.000000e+000,-1.000000e+000
2.613100e+002,4.695700e+002,0,0,-1.000000e+000,-1.000000e+000
2.081000e+001,4.714200e+002,1,1,1.476000e+001,4.757500e+002
2.501700e+002,4.720300e+002,0,0,-1.000000e+000,-1.000000e+000
5.420300e+002,2.332000e+001,0,0,-1.000000e+000,-1.000000e+000
5.371600e+002,3.030000e+001,0,0,-1.000000e+000,-1.000000e+000
4.250500e+002,5.071000e+001,1,1,4.253600e+002,5.223000e+001
4.250500e+002,5.071000e+001,1,1,4.253600e+002,5.223000e+001
4.737800e+002,7.397000e+001,0,0,-1.000000e+000,-1.000000e+000
4.737800e+002,7.397000e+001,0,0,-1.000000e+000,-1.000000e+000
4.679600e+002,7.514000e+001,0,0,-1.000000e+000,-1.000000e+000
4.679600e+002,7.514000e+001,0,0,-1.000000e+000,-1.000000e+000
2.389400e+002,7.812000e+001,0,0,-1.000000e+000,-1.000000e+000
2.389400e+002,7.812000e+001,0,0,-1.000000e+000,-1.000000e+000
6.332900e+002,9.208000e+001,0,0,-1.000000e+000,-1.000000e+000
5.400000e+002,9.852000e+001,0,0,-1.000000e+000,-1.000000e+000
6.314700e+002,1.055100e+002,0,0,-1.000000e+000,-1.000000e+000
5.395500e+002,1.065100e+002,0,0,-1.000000e+000,-1.000000e+000
3.993400e+002,1.092000e+002,1,1,3.988800e+002,1.111100e+002
2.727000e+001,1.109100e+002,0,0,-1.000000e+000,-1.000000e+000
6.263600e+002,1.144800e+002,0,0,-1.000000e+000,-1.000000e+000
1.494100e+002,1.155800e+002,0,0,-1.000000e+000,-1.000000e+000
4.119500e+002,1.173900e+002,0,0,-1.000000e+000,-1.000000e+000
4.032500e+002,1.187900e+002,0,0,-1.000000e+000,-1.000000e+000
5.373300e+002,1.330300e+002,0,0,-1.000000e+000,-1.000000e+000
4.093000e+002,1.358100e+002,0,0,-1.000000e+000,-1.000000e+000
5.016300e+002,1.401000e+002,0,0,-1.000000e+000,-1.000000e+000
5.365800e+002,1.420800e+002,1,1,5.377800e+002,1.440200e+002
3.123700e+002,1.501900e+002,0,0,-1.000000e+000,-1.000000e+000
6.001300e+002,1.615300e+002,0,0,-1.000000e+000,-1.000000e+000
5.521300e+002,1.630900e+002,0,0,-1.000000e+000,-1.000000e+000
5.619500e+002,1.638400e+002,0,0,-1.000000e+000,-1.000000e+000
5.945200e+002,1.642900e+002,0,0,-1.000000e+000,-1.000000e+000
3.888600e+002,1.647800e+002,1,1,3.850900e+002,1.666500e+002
3.888600e+002,1.647800e+002,1,1,3.850900e+002,1.666500e+002
1.554500e+002,1.659800e+002,0,0,-1.000000e+000,-1.000000e+000
5.686100e+002,1.669000e+002,0,0,-1.000000e+000,-1.000000e+000
6.332700e+002,1.742600e+002,0,0,-1.000000e+000,-1.000000e+000
5.408100e+002,1.841000e+002,0,0,-1.000000e+000,-1.000000e+000
5.653100e+002,1.905300e+002,0,0,-1.000000e+000,-1.000000e+000
6.349500e+002,1.926300e+002,0,0,-1.000000e+000,-1.000000e+000
6.349500e+002,1.926300e+002,0,0,-1.000000e+000,-1.000000e+000
2.582600e+002,1.943200e+002,0,0,-1.000000e+000,-1.000000e+000
5.015300e+002,1.966000e+002,0,0,-1.000000e+000,-1.000000e+000
5.892500e+002,1.985900e+002,0,0,-1.000000e+000,-1.000000e+000
4.705700e+002,2.013200e+002,0,0,-1.000000e+000,-1.000000e+000
4.664600e+002,2.020900e+002,0,0,-1.000000e+000,-1.000000e+000
6.216100e+002,2.040400e+002,0,0,-1.000000e+000,-1.000000e+000
2.741000e+002,2.049200e+002,0,0,-1.000000e+000,-1.000000e+000
4.863800e+002,2.069600e+002,1,1,4.859700e+002,2.097500e+002
4.863800e+002,2.069600e+002,1,1,4.859700e+002,2.097500e+002
5.991400e+002,2.077300e+002,1,1,6.002900e+002,2.103800e+002
6.073500e+002,2.084300e+002,0,0,-1.000000e+000,-1.000000e+000
6.122600e+002,2.097800e+002,0,0,-1.000000e+000,-1.000000e+000
4.814800e+002,2.127900e+002,1,1,4.810300e+002,2.154100e+002
5.355000e+002,2.152100e+002,0,0,-1.000000e+000,-1.000000e+000
5.850200e+002,2.179300e+002,0,0,-1.000000e+000,-1.000000e+000
5.893300e+002,2.194600e+002,0,0,-1.000000e+000,-1.000000e+000
2.388200e+002,2.350500e+002,0,0,-1.000000e+000,-1.000000e+000
4.894400e+002,2.573900e+002,1,1,4.883700e+002,2.609400e+002
1.271300e+002,2.674700e+002,0,0,-1.000000e+000,-1.000000e+000
3.343100e+002,2.692800e+002,0,0,-1.000000e+000,-1.000000e+000
3.573400e+002,2.743100e+002,1,1,3.539100e+002,2.782300e+002
3.616400e+002,2.752700e+002,1,1,3.588000e+002,2.790900e+002
4.834700e+002,2.756300e+002,1,1,4.826200e+002,2.792600e+002
3.538000e+002,2.825700e+002,1,1,3.514100e+002,2.859400e+002
1.137000e+001,2.837600e+002,0,0,-1.000000e+000,-1.000000e+000
7.750000e+000,2.846800e+002,0,0,-1.000000e+000,-1.000000e+000
4.409000e+002,2.845600e+002,0,0,-1.000000e+000,-1.000000e+000
2.578000e+001,2.904400e+002,0,0,-1.000000e+000,-1.000000e+000
1.502700e+002,2.989900e+002,0,0,-1.000000e+000,-1.000000e+000
2.643500e+002,3.038600e+002,0,0,-1.000000e+000,-1.000000e+000
2.143500e+002,3.195500e+002,0,0,-1.000000e+000,-1.000000e+000
1.228400e+002,3.202400e+002,0,0,-1.000000e+000,-1.000000e+000
1.901500e+002,3.201900e+002,0,0,-1.000000e+000,-1.000000e+000
5.720300e+002,3.210700e+002,0,0,-1.000000e+000,-1.000000e+000
5.720300e+002,3.210700e+002,1,1,5.705600e+002,3.258700e+002
1.526800e+002,3.221400e+002,1,1,1.484400e+002,3.257500e+002
1.160100e+002,3.283300e+002,0,0,-1.000000e+000,-1.000000e+000
2.249400e+002,3.320000e+002,0,0,-1.000000e+000,-1.000000e+000
1.832200e+002,3.338200e+002,0,0,-1.000000e+000,-1.000000e+000
1.832200e+002,3.338200e+002,0,0,-1.000000e+000,-1.000000e+000
1.231500e+002,3.343300e+002,0,0,-1.000000e+000,-1.000000e+000
1.041900e+002,3.414200e+002,0,0,-1.000000e+000,-1.000000e+000
1.347000e+002,3.446300e+002,0,0,-1.000000e+000,-1.000000e+000
1.036700e+002,3.455500e+002,0,0,-1.000000e+000,-1.000000e+000
9.629000e+001,3.460700e+002,1,1,8.994000e+001,3.503100e+002
7.931000e+001,3.488600e+002,0,0,-1.000000e+000,-1.000000e+000
1.092900e+002,3.501000e+002,0,0,-1.000000e+000,-1.000000e+000
8.780000e+001,3.510700e+002,0,0,-1.000000e+000,-1.000000e+000
9.852000e+001,3.529100e+002,0,0,-1.000000e+000,-1.000000e+000
9.852000e+001,3.529100e+002,0,0,-1.000000e+000,-1.000000e+000
8.738000e+001,3.547900e+002,1,1,8.064000e+001,3.591200e+002
6.638000e+001,3.560300e+002,0,0,-1.000000e+000,-1.000000e+000
6.638000e+001,3.560300e+002,0,0,-1.000000e+000,-1.000000e+000
6.638000e+001,3.560300e+002,0,0,-1.000000e+000,-1.000000e+000
7.143000e+001,3.559100e+002,0,0,-1.000000e+000,-1.000000e+000
8.990000e+001,3.577200e+002,0,0,-1.000000e+000,-1.000000e+000
8.990000e+001,3.577200e+002,0,0,-1.000000e+000,-1.000000e+000
5.746000e+001,3.610800e+002,0,0,-1.000000e+000,-1.000000e+000
5.746000e+001,3.610800e+002,0,0,-1.000000e+000,-1.000000e+000
5.746000e+001,3.610800e+002,0,0,-1.000000e+000,-1.000000e+000
1.203000e+002,3.626600e+002,0,0,-1.000000e+000,-1.000000e+000
6.582000e+001,3.636600e+002,0,0,-1.000000e+000,-1.000000e+000
1.399000e+002,3.655400e+002,0,0,-1.000000e+000,-1.000000e+000
1.399000e+002,3.655400e+002,0,0,-1.000000e+000,-1.000000e+000
9.178000e+001,3.662700e+002,0,0,-1.000000e+000,-1.000000e+000
1.114900e+002,3.670700e+002,0,0,-1.000000e+000,-1.000000e+000
1.114900e+002,3.670700e+002,0,0,-1.000000e+000,-1.000000e+000
7.245000e+001,3.681500e+002,0,0,-1.000000e+000,-1.000000e+000
7.245000e+001,3.681500e+002,0,0,-1.000000e+000,-1.000000e+000
7.245000e+001,3.681500e+002,1,1,6.553000e+001,3.722200e+002
9.474000e+001,3.689300e+002,0,0,-1.000000e+000,-1.000000e+000
9.474000e+001,3.689300e+002,0,0,-1.000000e+000,-1.000000e+000
4.803000e+001,3.699900e+002,0,0,-1.000000e+000,-1.000000e+000
6.081000e+001,3.703100e+002,1,1,5.378000e+001,3.745000e+002
1.233700e+002,3.701600e+002,0,0,-1.000000e+000,-1.000000e+000
1.233700e+002,3.701600e+002,0,0,-1.000000e+000,-1.000000e+000
1.233700e+002,3.701600e+002,0,0,-1.000000e+000,-1.000000e+000
7.508000e+001,3.708400e+002,0,0,-1.000000e+000,-1.000000e+000
7.508000e+001,3.708400e+002,0,0,-1.000000e+000,-1.000000e+000
3.911000e+001,3.716200e+002,0,0,-1.000000e+000,-1.000000e+000
8.297000e+001,3.715000e+002,0,0,-1.000000e+000,-1.000000e+000
1.342800e+002,3.715300e+002,0,0,-1.000000e+000,-1.000000e+000
1.299400e+002,3.723300e+002,0,0,-1.000000e+000,-1.000000e+000
4.860000e+001,3.735700e+002,0,0,-1.000000e+000,-1.000000e+000
6.325000e+001,3.732300e+002,0,0,-1.000000e+000,-1.000000e+000
6.325000e+001,3.732300e+002,1,1,5.624000e+001,3.774300e+002
1.035500e+002,3.732900e+002,0,0,-1.000000e+000,-1.000000e+000
1.035500e+002,3.732900e+002,0,0,-1.000000e+000,-1.000000e+000
8.557000e+001,3.737900e+002,0,0,-1.000000e+000,-1.000000e+000
3.822000e+001,3.756600e+002,0,0,-1.000000e+000,-1.000000e+000
7.408000e+001,3.767600e+002,0,0,-1.000000e+000,-1.000000e+000
1.231400e+002,3.780300e+002,0,0,-1.000000e+000,-1.000000e+000
9.502000e+001,3.783700e+002,0,0,-1.000000e+000,-1.000000e+000
2.486000e+001,3.794900e+002,0,0,-1.000000e+000,-1.000000e+000
2.486000e+001,3.794900e+002,0,0,-1.000000e+000,-1.000000e+000
6.488000e+001,3.819800e+002,0,0,-1.000000e+000,-1.000000e+000
2.445000e+001,3.832700e+002,0,0,-1.000000e+000,-1.000000e+000
8.573000e+001,3.836400e+002,0,0,-1.000000e+000,-1.000000e+000
8.573000e+001,3.836400e+002,0,0,-1.000000e+000,-1.000000e+000
4.401600e+002,3.850400e+002,0,0,-1.000000e+000,-1.000000e+000
4.368000e+001,3.873900e+002,0,0,-1.000000e+000,-1.000000e+000
7.672000e+001,3.890000e+002,0,0,-1.000000e+000,-1.000000e+000
3.515000e+001,3.898800e+002,0,0,-1.000000e+000,-1.000000e+000
3.515000e+001,3.898800e+002,0,0,-1.000000e+000,-1.000000e+000
5.230000e+000,3.905100e+002,0,0,-1.000000e+000,-1.000000e+000
5.230000e+000,3.905100e+002,0,0,-1.000000e+000,-1.000000e+000
5.230000e+000,3.905100e+002,0,0,-1.000000e+000,-1.000000e+000
1.080000e+001,3.906200e+002,0,0,-1.000000e+000,-1.000000e+000
5.845000e+001,3.903200e+002,0,0,-1.000000e+000,-1.000000e+000
1.438000e+001,3.930200e+002,0,0,-1.000000e+000,-1.000000e+000
4.638000e+001,3.935700e+002,0,0,-1.000000e+000,-1.000000e+000
6.775000e+001,3.950100e+002,0,0,-1.000000e+000,-1.000000e+000
7.619000e+001,3.951200e+002,0,0,-1.000000e+000,-1.000000e+000
7.975000e+001,3.974900e+002,0,0,-1.000000e+000,-1.000000e+000
5.824000e+001,4.004500e+002,0,0,-1.000000e+000,-1.000000e+000
6.678000e+001,4.008600e+002,0,0,-1.000000e+000,-1.000000e+000
3.955000e+001,4.018000e+002,0,0,-1.000000e+000,-1.000000e+000
3.955000e+001,4.018000e+002,0,0,-1.000000e+000,-1.000000e+000
2.667000e+001,4.046600e+002,0,0,-1.000000e+000,-1.000000e+000
2.667000e+001,4.046600e+002,0,0,-1.000000e+000,-1.000000e+000
4.905000e+001,4.066400e+002,0,0,-1.000000e+000,-1.000000e+000
5.782000e+001,4.067600e+002,0,0,-1.000000e+000,-1.000000e+000
5.782000e+001,4.067600e+002,0,0,-1.000000e+000,-1.000000e+000
1.655000e+001,4.105000e+002,0,0,-1.000000e+000,-1.000000e+000
3.886000e+001,4.123200e+002,0,0,-1.000000e+000,-1.000000e+000
4.795000e+001,4.126900e+002,0,0,-1.000000e+000,-1.000000e+000
4.795000e+001,4.126900e+002,0,0,-1.000000e+000,-1.000000e+000
5.310000e+000,4.202200e+002,0,0,-1.000000e+000,-1.000000e+000
3.629000e+001,4.341500e+002,0,0,-1.000000e+000,-1.000000e+000
4.544000e+002,1.393000e+001,0,0,-1.000000e+000,-1.000000e+000
4.544000e+002,1.393000e+001,0,0,-1.000000e+000,-1.000000e+000
5.476900e+002,4.474000e+001,0,0,-1.000000e+000,-1.000000e+000
6.293900e+002,9.066000e+001,0,0,-1.000000e+000,-1.000000e+000
6.288300e+002,9.475000e+001,0,0,-1.000000e+000,-1.000000e+000
5.371800e+002,1.258200e+002,0,0,-1.000000e+000,-1.000000e+000
3.972900e+002,1.298300e+002,1,1,3.949300e+002,1.316500e+002
4.076400e+002,1.394300e+002,0,0,-1.000000e+000,-1.000000e+000
5.397100e+002,1.545800e+002,1,1,5.410400e+002,1.558300e+002
5.877800e+002,1.557900e+002,0,0,-1.000000e+000,-1.000000e+000
6.086900e+002,1.571700e+002,1,1,6.099400e+002,1.592600e+002
3.885300e+002,1.647200e+002,0,0,-1.000000e+000,-1.000000e+000
3.885300e+002,1.647200e+002,0,0,-1.000000e+000,-1.000000e+000
6.261400e+002,1.702000e+002,0,0,-1.000000e+000,-1.000000e+000
5.672300e+002,1.704100e+002,0,0,-1.000000e+000,-1.000000e+000
5.716200e+002,1.785700e+002,1,1,5.722100e+002,1.815400e+002
5.345000e+002,1.869100e+002,0,0,-1.000000e+000,-1.000000e+000
5.802800e+002,1.925800e+002,1,1,5.812300e+002,1.952100e+002
5.802800e+002,1.925800e+002,1,1,5.812300e+002,1.952100e+002
5.679700e+002,1.995700e+002,0,0,-1.000000e+000,-1.000000e+000
5.791300e+002,2.008000e+002,0,0,-1.000000e+000,-1.000000e+000
5.671700e+002,2.066000e+002,0,0,-1.000000e+000,-1.000000e+000
4.667700e+002,2.128000e+002,0,0,-1.000000e+000,-1.000000e+000
4.976600e+002,2.287100e+002,0,0,-1.000000e+000,-1.000000e+000
4.976600e+002,2.287100e+002,0,0,-1.000000e+000,-1.000000e+000
1.671700e+002,2.331600e+002,0,0,-1.000000e+000,-1.000000e+000
4.607400e+002,2.444400e+002,0,0,-1.000000e+000,-1.000000e+000
1.595300e+002,2.532300e+002,1,1,1.572100e+002,2.560000e+002
3.573800e+002,2.690700e+002,0,0,-1.000000e+000,-1.000000e+000
1.159300e+002,2.982900e+002,0,0,-1.000000e+000,-1.000000e+000
3.817800e+002,3.004500e+002,0,0,-1.000000e+000,-1.000000e+000
1.435500e+002,3.013600e+002,1,1,1.388800e+002,3.048800e+002
1.724200e+002,3.115800e+002,0,0,-1.000000e+000,-1.000000e+000
1.776100e+002,3.155400e+002,0,0,-1.000000e+000,-1.000000e+000
1.651800e+002,3.159000e+002,0,0,-1.000000e+000,-1.000000e+000
5.783100e+002,3.170300e+002,0,0,-1.000000e+000,-1.000000e+000
1.712800e+002,3.203500e+002,0,0,-1.000000e+000,-1.000000e+000
1.712800e+002,3.203500e+002,0,0,-1.000000e+000,-1.000000e+000
1.850400e+002,3.206800e+002,0,0,-1.000000e+000,-1.000000e+000
1.627800e+002,3.242800e+002,0,0,-1.000000e+000,-1.000000e+000
1.915800e+002,3.250400e+002,1,1,1.870100e+002,3.289500e+002
1.915800e+002,3.250400e+002,1,1,1.870100e+002,3.289500e+002
1.776600e+002,3.254300e+002,0,0,-1.000000e+000,-1.000000e+000
1.776600e+002,3.254300e+002,0,0,-1.000000e+000,-1.000000e+000
1.694800e+002,3.293700e+002,0,0,-1.000000e+000,-1.000000e+000
1.847200e+002,3.296200e+002,0,0,-1.000000e+000,-1.000000e+000
1.980100e+002,3.294800e+002,1,1,1.932600e+002,3.334100e+002
1.980100e+002,3.294800e+002,1,1,1.932600e+002,3.334100e+002
1.395400e+002,3.308500e+002,0,0,-1.000000e+000,-1.000000e+000
1.765800e+002,3.342000e+002,0,0,-1.000000e+000,-1.000000e+000
1.921300e+002,3.347200e+002,0,0,-1.000000e+000,-1.000000e+000
1.921300e+002,3.347200e+002,1,1,1.859200e+002,3.392100e+002
1.317600e+002,3.354600e+002,0,0,-1.000000e+000,-1.000000e+000
1.264700e+002,3.373300e+002,1,1,1.205000e+002,3.407600e+002
1.026200e+002,3.381300e+002,0,0,-1.000000e+000,-1.000000e+000
1.026200e+002,3.381300e+002,0,0,-1.000000e+000,-1.000000e+000
9.473000e+001,3.427200e+002,0,0,-1.000000e+000,-1.000000e+000
9.473000e+001,3.427200e+002,1,1,8.812000e+001,3.470000e+002
1.813500e+002,3.430900e+002,0,0,-1.000000e+000,-1.000000e+000
1.583900e+002,3.460900e+002,0,0,-1.000000e+000,-1.000000e+000
8.610000e+001,3.474700e+002,0,0,-1.000000e+000,-1.000000e+000
8.610000e+001,3.474700e+002,0,0,-1.000000e+000,-1.000000e+000
1.549000e+002,3.489000e+002,0,0,-1.000000e+000,-1.000000e+000
1.130300e+002,3.537600e+002,0,0,-1.000000e+000,-1.000000e+000
9.616000e+001,3.563300e+002,0,0,-1.000000e+000,-1.000000e+000
9.616000e+001,3.563300e+002,0,0,-1.000000e+000,-1.000000e+000
1.218500e+002,3.580400e+002,0,0,-1.000000e+000,-1.000000e+000
1.537400e+002,3.583500e+002,1,1,1.480300e+002,3.625300e+002
6.507000e+001,3.598300e+002,0,0,-1.000000e+000,-1.000000e+000
5.597000e+001,3.649600e+002,1,1,4.930000e+001,3.693600e+002
1.059800e+002,3.687200e+002,0,0,-1.000000e+000,-1.000000e+000
1.059800e+002,3.687200e+002,0,0,-1.000000e+000,-1.000000e+000
1.390800e+002,3.738100e+002,0,0,-1.000000e+000,-1.000000e+000
5.108000e+001,3.760500e+002,0,0,-1.000000e+000,-1.000000e+000
8.219000e+001,3.799000e+002,0,0,-1.000000e+000,-1.000000e+000
8.219000e+001,3.799000e+002,0,0,-1.000000e+000,-1.000000e+000
8.219000e+001,3.799000e+002,0,0,-1.000000e+000,-1.000000e+000
1.279100e+002,3.809400e+002,0,0,-1.000000e+000,-1.000000e+000
1.175000e+002,3.823400e+002,0,0,-1.000000e+000,-1.000000e+000
2.306000e+001,3.834700e+002,0,0,-1.000000e+000,-1.000000e+000
6.772000e+001,3.847700e+002,0,0,-1.000000e+000,-1.000000e+000
6.772000e+001,3.847700e+002,0,0,-1.000000e+000,-1.000000e+000
7.314000e+001,3.855100e+002,0,0,-1.000000e+000,-1.000000e+000
1.078700e+002,3.856400e+002,0,0,-1.000000e+000,-1.000000e+000
1.078700e+002,3.856400e+002,0,0,-1.000000e+000,-1.000000e+000
9.735000e+001,3.861400e+002,0,0,-1.000000e+000,-1.000000e+000
3.277000e+001,3.863500e+002,0,0,-1.000000e+000,-1.000000e+000
1.176700e+002,3.874100e+002,0,0,-1.000000e+000,-1.000000e+000
8.840000e+001,3.916400e+002,0,0,-1.000000e+000,-1.000000e+000
2.309000e+001,3.919100e+002,0,0,-1.000000e+000,-1.000000e+000
4.887000e+001,3.956600e+002,0,0,-1.000000e+000,-1.000000e+000
4.887000e+001,3.956600e+002,0,0,-1.000000e+000,-1.000000e+000
3.160000e+000,4.033900e+002,0,0,-1.000000e+000,-1.000000e+000
6.995000e+001,4.032100e+002,0,0,-1.000000e+000,-1.000000e+000
5.650000e+000,4.074400e+002,0,0,-1.000000e+000,-1.000000e+000
2.967000e+001,4.075200e+002,0,0,-1.000000e+000,-1.000000e+000
6.064000e+001,4.090900e+002,0,0,-1.000000e+000,-1.000000e+000
5.081000e+001,4.149300e+002,0,0,-1.000000e+000,-1.000000e+000
5.081000e+001,4.149300e+002,0,0,-1.000000e+000,-1.000000e+000
4.084000e+001,4.213200e+002,0,0,-1.000000e+000,-1.000000e+000
5.005000e+001,4.216900e+002,0,0,-1.000000e+000,-1.000000e+000
5.005000e+001,4.216900e+002,0,0,-1.000000e+000,-1.000000e+000
1.854000e+001,4.244900e+002,0,0,-1.000000e+000,-1.000000e+000
3.051000e+001,4.275600e+002,0,0,-1.000000e+000,-1.000000e+000
3.051000e+001,4.275600e+002,0,0,-1.000000e+000,-1.000000e+000
3.051000e+001,4.275600e+002,0,0,-1.000000e+000,-1.000000e+000
3.767000e+001,4.299800e+002,0,0,-1.000000e+000,-1.000000e+000
3.767000e+001,4.299800e+002,0,0,-1.000000e+000,-1.000000e+000
4.933000e+001,4.306000e+002,0,0,-1.000000e+000,-1.000000e+000
2.973000e+001,4.368700e+002,0,0,-1.000000e+000,-1.000000e+000
3.612000e+001,4.390400e+002,0,0,-1.000000e+000,-1.000000e+000
2.253000e+001,4.421200e+002,0,0,-1.000000e+000,-1.000000e+000
2.271000e+001,4.475500e+002,0,0,-1.000000e+000,-1.000000e+000
3.223600e+002,4.596700e+002,0,0,-1.000000e+000,-1.000000e+000
5.432300e+002,2.212000e+001,0,0,-1.000000e+000,-1.000000e+000
5.610300e+002,5.239000e+001,1,1,5.623200e+002,5.433000e+001
5.610300e+002,5.239000e+001,1,1,5.623200e+002,5.433000e+001
6.328400e+002,6.467000e+001,0,0,-1.000000e+000,-1.000000e+000
5.563700e+002,1.078800e+002,0,0,-1.000000e+000,-1.000000e+000
5.368800e+002,1.259100e+002,1,1,5.379100e+002,1.278400e+002
5.328200e+002,1.377500e+002,0,0,-1.000000e+000,-1.000000e+000
5.401700e+002,1.453100e+002,0,0,-1.000000e+000,-1.000000e+000
5.400300e+002,1.541000e+002,0,0,-1.000000e+000,-1.000000e+000
5.881200e+002,1.557300e+002,0,0,-1.000000e+000,-1.000000e+000
5.670600e+002,1.704200e+002,0,0,-1.000000e+000,-1.000000e+000
5.550600e+002,1.799400e+002,0,0,-1.000000e+000,-1.000000e+000
5.025400e+002,1.972400e+002,0,0,-1.000000e+000,-1.000000e+000
5.675600e+002,2.066300e+002,0,0,-1.000000e+000,-1.000000e+000
6.082000e+002,2.165900e+002,0,0,-1.000000e+000,-1.000000e+000
4.810600e+002,2.214600e+002,0,0,-1.000000e+000,-1.000000e+000
2.402000e+002,2.258500e+002,0,0,-1.000000e+000,-1.000000e+000
2.352500e+002,2.283200e+002,0,0,-1.000000e+000,-1.000000e+000
2.352500e+002,2.283200e+002,0,0,-1.000000e+000,-1.000000e+000
1.791700e+002,2.360000e+002,0,0,-1.000000e+000,-1.000000e+000
1.330200e+002,2.890600e+002,0,0,-1.000000e+000,-1.000000e+000
1.352000e+002,3.224300e+002,0,0,-1.000000e+000,-1.000000e+000
1.352000e+002,3.224300e+002,0,0,-1.000000e+000,-1.000000e+000
1.916400e+002,3.348700e+002,0,0,-1.000000e+000,-1.000000e+000
1.916400e+002,3.348700e+002,0,0,-1.000000e+000,-1.000000e+000
1.916400e+002,3.348700e+002,0,0,-1.000000e+000,-1.000000e+000
1.460300e+002,3.362400e+002,0,0,-1.000000e+000,-1.000000e+000
1.460300e+002,3.362400e+002,0,0,-1.000000e+000,-1.000000e+000
1.081500e+002,3.379500e+002,0,0,-1.000000e+000,-1.000000e+000
1.381700e+002,3.409100e+002,0,0,-1.000000e+000,-1.000000e+000
1.000100e+002,3.428300e+002,0,0,-1.000000e+000,-1.000000e+000
9.157000e+001,3.475600e+002,0,0,-1.000000e+000,-1.000000e+000
1.584500e+002,3.554900e+002,0,0,-1.000000e+000,-1.000000e+000
1.584500e+002,3.554900e+002,0,0,-1.000000e+000,-1.000000e+000
1.652000e+002,3.567100e+002,0,0,-1.000000e+000,-1.000000e+000
1.049900e+002,3.588700e+002,0,0,-1.000000e+000,-1.000000e+000
1.049900e+002,3.588700e+002,1,1,9.818000e+001,3.625500e+002
6.997000e+001,3.595700e+002,0,0,-1.000000e+000,-1.000000e+000
7.558000e+001,3.632400e+002,0,0,-1.000000e+000,-1.000000e+000
9.705000e+001,3.643800e+002,1,1,9.079000e+001,3.687000e+002
9.705000e+001,3.643800e+002,1,1,9.079000e+001,3.687000e+002
1.457300e+002,3.637600e+002,0,0,-1.000000e+000,-1.000000e+000
6.102000e+001,3.645100e+002,0,0,-1.000000e+000,-1.000000e+000
6.102000e+001,3.645100e+002,0,0,-1.000000e+000,-1.000000e+000
1.254600e+002,3.657700e+002,0,0,-1.000000e+000,-1.000000e+000
1.369600e+002,3.689500e+002,1,1,1.302600e+002,3.740400e+002
5.203000e+001,3.699700e+002,0,0,-1.000000e+000,-1.000000e+000
8.850000e+001,3.696400e+002,1,1,8.193000e+001,3.737500e+002
8.850000e+001,3.696400e+002,1,1,8.193000e+001,3.737500e+002
1.169600e+002,3.712400e+002,0,0,-1.000000e+000,-1.000000e+000
1.169600e+002,3.712400e+002,0,0,-1.000000e+000,-1.000000e+000
9.721000e+001,3.739200e+002,1,1,9.081000e+001,3.783700e+002
9.721000e+001,3.739200e+002,1,1,9.081000e+001,3.783700e+002
7.959000e+001,3.748900e+002,0,0,-1.000000e+000,-1.000000e+000
7.959000e+001,3.748900e+002,0,0,-1.000000e+000,-1.000000e+000
1.083700e+002,3.764900e+002,0,0,-1.000000e+000,-1.000000e+000
1.334200e+002,3.769600e+002,0,0,-1.000000e+000,-1.000000e+000
8.835000e+001,3.792200e+002,0,0,-1.000000e+000,-1.000000e+000
4.209000e+001,3.799100e+002,0,0,-1.000000e+000,-1.000000e+000
7.071000e+001,3.802000e+002,0,0,-1.000000e+000,-1.000000e+000
7.071000e+001,3.802000e+002,0,0,-1.000000e+000,-1.000000e+000
9.951000e+001,3.815300e+002,0,0,-1.000000e+000,-1.000000e+000
9.951000e+001,3.815300e+002,0,0,-1.000000e+000,-1.000000e+000
1.228100e+002,3.830200e+002,0,0,-1.000000e+000,-1.000000e+000
2.142000e+001,3.837100e+002,0,0,-1.000000e+000,-1.000000e+000
7.973000e+001,3.847700e+002,0,0,-1.000000e+000,-1.000000e+000
7.973000e+001,3.847700e+002,0,0,-1.000000e+000,-1.000000e+000
6.129000e+001,3.855600e+002,1,1,5.431000e+001,3.900800e+002
6.129000e+001,3.855600e+002,1,1,5.431000e+001,3.900800e+002
9.028000e+001,3.869800e+002,0,0,-1.000000e+000,-1.000000e+000
4.108000e+001,3.876200e+002,0,0,-1.000000e+000,-1.000000e+000
7.048000e+001,3.901600e+002,0,0,-1.000000e+000,-1.000000e+000
7.048000e+001,3.901600e+002,1,1,6.327000e+001,3.946400e+002
1.046300e+002,3.897100e+002,0,0,-1.000000e+000,-1.000000e+000
5.164000e+001,3.910600e+002,0,0,-1.000000e+000,-1.000000e+000
6.104000e+001,3.958700e+002,0,0,-1.000000e+000,-1.000000e+000
4.250000e+001,3.966800e+002,0,0,-1.000000e+000,-1.000000e+000
4.250000e+001,3.966800e+002,0,0,-1.000000e+000,-1.000000e+000
7.242000e+001,3.983000e+002,0,0,-1.000000e+000,-1.000000e+000
5.153000e+001,4.014900e+002,0,0,-1.000000e+000,-1.000000e+000
5.153000e+001,4.014900e+002,0,0,-1.000000e+000,-1.000000e+000
3.204000e+001,4.023300e+002,0,0,-1.000000e+000,-1.000000e+000
6.287000e+001,4.042000e+002,0,0,-1.000000e+000,-1.000000e+000
4.207000e+001,4.073800e+002,0,0,-1.000000e+000,-1.000000e+000
2.248000e+001,4.086200e+002,0,0,-1.000000e+000,-1.000000e+000
5.337000e+001,4.099500e+002,0,0,-1.000000e+000,-1.000000e+000
3.190000e+001,4.133200e+002,0,0,-1.000000e+000,-1.000000e+000
4.396000e+001,4.161600e+002,0,0,-1.000000e+000,-1.000000e+000
2.217000e+001,4.196000e+002,0,0,-1.000000e+000,-1.000000e+000
3.388000e+001,4.225900e+002,0,0,-1.000000e+000,-1.000000e+000
3.011000e+001,4.272500e+002,0,0,-1.000000e+000,-1.000000e+000
3.011000e+001,4.272500e+002,0,0,-1.000000e+000,-1.000000e+000
3.011000e+001,4.272500e+002,0,0,-1.000000e+000,-1.000000e+000
2.310000e+001,4.286500e+002,0,0,-1.000000e+000,-1.000000e+000
1.171000e+001,4.470000e+002,0,0,-1.000000e+000,-1.000000e+000
2.243000e+001,4.477500e+002,0,0,-1.000000e+000,-1.000000e+000
6.293600e+002,1.011300e+002,0,0,-1.000000e+000,-1.000000e+000
3.958500e+002,1.227300e+002,0,0,-1.000000e+000,-1.000000e+000
4.594300e+002,1.290100e+002,0,0,-1.000000e+000,-1.000000e+000
6.248700e+002,1.573400e+002,0,0,-1.000000e+000,-1.000000e+000
3.574900e+002,1.688800e+002,0,0,-1.000000e+000,-1.000000e+000
5.746700e+002,1.976400e+002,0,0,-1.000000e+000,-1.000000e+000
4.708400e+002,1.999600e+002,0,0,-1.000000e+000,-1.000000e+000
2.354200e+002,2.179400e+002,1,1,2.335100e+002,2.204500e+002
2.354200e+002,2.179400e+002,0,0,-1.000000e+000,-1.000000e+000
2.292700e+002,2.220000e+002,1,1,2.268600e+002,2.247000e+002
2.292700e+002,2.220000e+002,1,1,2.268600e+002,2.247000e+002
4.942200e+002,2.420500e+002,0,0,-1.000000e+000,-1.000000e+000
4.360100e+002,2.524000e+002,1,1,4.345600e+002,2.558100e+002
4.851700e+002,2.562900e+002,1,1,4.846200e+002,2.602400e+002
1.962300e+002,2.974600e+002,0,0,-1.000000e+000,-1.000000e+000
1.298100e+002,3.323400e+002,0,0,-1.000000e+000,-1.000000e+000
1.119300e+002,3.432200e+002,0,0,-1.000000e+000,-1.000000e+000
1.728000e+002,3.510400e+002,0,0,-1.000000e+000,-1.000000e+000
9.326000e+001,3.532400e+002,0,0,-1.000000e+000,-1.000000e+000
8.405000e+001,3.575700e+002,0,0,-1.000000e+000,-1.000000e+000
1.477500e+002,3.621900e+002,0,0,-1.000000e+000,-1.000000e+000
6.683000e+001,3.680300e+002,0,0,-1.000000e+000,-1.000000e+000
1.434700e+002,3.698300e+002,0,0,-1.000000e+000,-1.000000e+000
5.770000e+001,3.735300e+002,0,0,-1.000000e+000,-1.000000e+000
1.258400e+002,3.760600e+002,0,0,-1.000000e+000,-1.000000e+000
4.889000e+001,3.787100e+002,0,0,-1.000000e+000,-1.000000e+000
2.808000e+001,3.828900e+002,0,0,-1.000000e+000,-1.000000e+000
2.808000e+001,3.828900e+002,0,0,-1.000000e+000,-1.000000e+000
1.149700e+002,3.828000e+002,1,1,1.083900e+002,3.874300e+002
1.149700e+002,3.828000e+002,1,1,1.083900e+002,3.874300e+002
3.927000e+001,3.853700e+002,0,0,-1.000000e+000,-1.000000e+000
3.927000e+001,3.853700e+002,0,0,-1.000000e+000,-1.000000e+000
1.842000e+001,3.885300e+002,1,1,1.162000e+001,3.937600e+002
1.842000e+001,3.885300e+002,0,0,-1.000000e+000,-1.000000e+000
1.114100e+002,3.897800e+002,0,0,-1.000000e+000,-1.000000e+000
2.949000e+001,3.904200e+002,0,0,-1.000000e+000,-1.000000e+000
7.950000e+000,3.936600e+002,0,0,-1.000000e+000,-1.000000e+000
7.950000e+000,3.936600e+002,0,0,-1.000000e+000,-1.000000e+000
1.965000e+001,3.961300e+002,0,0,-1.000000e+000,-1.000000e+000
9.610000e+000,4.017600e+002,0,0,-1.000000e+000,-1.000000e+000
1.260000e+001,4.142100e+002,0,0,-1.000000e+000,-1.000000e+000
5.621000e+001,4.191500e+002,0,0,-1.000000e+000,-1.000000e+000
5.420000e+001,4.260300e+002,0,0,-1.000000e+000,-1.000000e+000
4.501000e+001,4.265200e+002,0,0,-1.000000e+000,-1.000000e+000
4.501000e+001,4.265200e+002,0,0,-1.000000e+000,-1.000000e+000
3.277000e+001,4.344800e+002,0,0,-1.000000e+000,-1.000000e+000
3.277000e+001,4.344800e+002,1,1,2.417000e+001,4.398800e+002
3.277000e+001,4.344800e+002,1,1,2.417000e+001,4.398800e+002
4.097000e+001,4.342500e+002,0,0,-1.000000e+000,-1.000000e+000
1.933000e+001,4.425300e+002,0,0,-1.000000e+000,-1.000000e+000
2.826000e+001,4.426200e+002,0,0,-1.000000e+000,-1.000000e+000
5.398000e+002,2.783000e+001,0,0,-1.000000e+000,-1.000000e+000
5.399900e+002,1.362500e+002,0,0,-1.000000e+000,-1.000000e+000
5.911100e+002,1.640200e+002,0,0,-1.000000e+000,-1.000000e+000
5.736300e+002,1.755700e+002,1,1,5.746100e+002,1.780000e+002
5.326400e+002,2.181500e+002,0,0,-1.000000e+000,-1.000000e+000
2.532800e+002,2.302100e+002,1,1,2.510700e+002,2.328900e+002
2.532800e+002,2.302100e+002,1,1,2.510700e+002,2.328900e+002
2.379800e+002,2.320300e+002,0,0,-1.000000e+000,-1.000000e+000
4.886100e+002,2.770100e+002,0,0,-1.000000e+000,-1.000000e+000
1.958300e+002,2.983300e+002,0,0,-1.000000e+000,-1.000000e+000
5.461100e+002,3.581200e+002,0,0,-1.000000e+000,-1.000000e+000
7.270000e+000,4.519000e+002,0,0,-1.000000e+000,-1.000000e+000
5.339300e+002,3.649000e+001,0,0,-1.000000e+000,-1.000000e+000
5.639400e+002,5.435000e+001,1,1,5.644300e+002,5.571000e+001
5.228600e+002,1.409100e+002,1,1,5.249300e+002,1.429100e+002
5.123700e+002,1.418900e+002,1,1,5.137900e+002,1.440000e+002
1.723200e+002,1.580200e+002,0,0,-1.000000e+000,-1.000000e+000
5.849900e+002,1.772400e+002,0,0,-1.000000e+000,-1.000000e+000
2.680300e+002,1.940300e+002,1,1,2.648200e+002,1.963200e+002
5.716000e+002,2.075800e+002,1,1,5.726900e+002,2.100300e+002
5.716000e+002,2.075800e+002,1,1,5.726900e+002,2.100300e+002
1.778900e+002,2.133100e+002,1,1,1.745400e+002,2.156900e+002
5.681900e+002,2.167000e+002,0,0,-1.000000e+000,-1.000000e+000
2.501400e+002,2.392500e+002,0,0,-1.000000e+000,-1.000000e+000
1.298800e+002,2.642500e+002,0,0,-1.000000e+000,-1.000000e+000
2.723400e+002,2.665100e+002,0,0,-1.000000e+000,-1.000000e+000
4.823100e+002,2.679400e+002,0,0,-1.000000e+000,-1.000000e+000
2.493500e+002,2.721100e+002,0,0,-1.000000e+000,-1.000000e+000
4.365500e+002,2.880100e+002,0,0,-1.000000e+000,-1.000000e+000
1.364500e+002,2.898500e+002,0,0,-1.000000e+000,-1.000000e+000
2.246200e+002,2.982300e+002,0,0,-1.000000e+000,-1.000000e+000
2.275100e+002,3.400400e+002,0,0,-1.000000e+000,-1.000000e+000
5.491900e+002,3.403100e+002,0,0,-1.000000e+000,-1.000000e+000
1.653100e+002,3.421500e+002,1,1,1.599400e+002,3.461200e+002
2.351000e+001,4.570200e+002,0,0,-1.000000e+000,-1.000000e+000
5.605100e+002,4.365000e+001,1,1,5.591200e+002,4.530000e+001
1.436200e+002,1.117000e+002,1,1,1.391800e+002,1.134900e+002
1.436200e+002,1.117000e+002,1,1,1.391800e+002,1.134900e+002
4.859400e+002,1.299100e+002,0,0,-1.000000e+000,-1.000000e+000
5.869900e+002,1.501800e+002,0,0,-1.000000e+000,-1.000000e+000
2.681700e+002,2.102500e+002,0,0,-1.000000e+000,-1.000000e+000
2.513600e+002,2.188300e+002,0,0,-1.000000e+000,-1.000000e+000
2.424100e+002,2.201000e+002,0,0,-1.000000e+000,-1.000000e+000
4.394100e+002,2.534800e+002,0,0,-1.000000e+000,-1.000000e+000
1.686200e+002,2.554900e+002,0,0,-1.000000e+000,-1.000000e+000
1.429900e+002,2.745400e+002,0,0,-1.000000e+000,-1.000000e+000
3.597700e+002,2.768600e+002,1,1,3.569400e+002,2.803000e+002
3.428700e+002,3.101000e+002,0,0,-1.000000e+000,-1.000000e+000
5.618000e+001,3.155800e+002,0,0,-1.000000e+000,-1.000000e+000
5.680600e+002,3.327300e+002,0,0,-1.000000e+000,-1.000000e+000
1.521400e+002,9.751000e+001,0,0,-1.000000e+000,-1.000000e+000
3.796800e+002,1.069900e+002,0,0,-1.000000e+000,-1.000000e+000
3.796200e+002,1.266100e+002,0,0,-1.000000e+000,-1.000000e+000
6.159600e+002,1.278600e+002,0,0,-1.000000e+000,-1.000000e+000
5.260100e+002,1.551000e+002,0,0,-1.000000e+000,-1.000000e+000
5.785100e+002,1.654300e+002,0,0,-1.000000e+000,-1.000000e+000
2.702500e+002,1.948200e+002,1,1,2.682900e+002,1.972300e+002
4.831200e+002,2.116100e+002,1,1,4.823700e+002,2.145100e+002
4.831200e+002,2.116100e+002,1,1,4.823700e+002,2.145100e+002
4.972000e+002,2.556400e+002,0,0,-1.000000e+000,-1.000000e+000
1.574700e+002,2.715000e+002,0,0,-1.000000e+000,-1.000000e+000
2.092300e+002,2.977200e+002,0,0,-1.000000e+000,-1.000000e+000
3.430300e+002,3.085700e+002,0,0,-1.000000e+000,-1.000000e+000
2.164000e+002,3.305100e+002,0,0,-1.000000e+000,-1.000000e+000
1.399300e+002,1.159500e+002,0,0,-1.000000e+000,-1.000000e+000
1.399300e+002,1.159500e+002,0,0,-1.000000e+000,-1.000000e+000
4.583700e+002,1.370200e+002,0,0,-1.000000e+000,-1.000000e+000
1.806600e+002,1.515400e+002,0,0,-1.000000e+000,-1.000000e+000
5.514800e+002,1.698300e+002,0,0,-1.000000e+000,-1.000000e+000
5.804200e+002,1.884000e+002,1,1,5.810600e+002,1.911300e+002
4.699800e+002,2.294000e+002,0,0,-1.000000e+000,-1.000000e+000
1.514100e+002,2.305500e+002,0,0,-1.000000e+000,-1.000000e+000
1.308400e+002,2.556500e+002,0,0,-1.000000e+000,-1.000000e+000
2.508800e+002,3.026600e+002,1,1,2.473000e+002,3.062600e+002
2.508800e+002,3.026600e+002,1,1,2.473000e+002,3.062600e+002
1.074000e+002,3.201500e+002,0,0,-1.000000e+000,-1.000000e+000
3.666000e+001,3.244600e+002,0,0,-1.000000e+000,-1.000000e+000
4.154600e+002,1.238900e+002,0,0,-1.000000e+000,-1.000000e+000
3.490600e+002,1.605700e+002,0,0,-1.000000e+000,-1.000000e+000
2.325600e+002,3.199600e+002,0,0,-1.000000e+000,-1.000000e+000
5.297500e+002,1.674200e+002,0,0,-1.000000e+000,-1.000000e+000
1.817000e+002,1.749900e+002,1,1,1.781200e+002,1.774400e+002
1.817000e+002,1.749900e+002,1,1,1.781200e+002,1.774400e+002
2.423100e+002,1.904900e+002,1,1,2.396700e+002,1.931500e+002
2.423100e+002,1.904900e+002,1,1,2.396700e+002,1.931500e+002
2.782800e+002,2.341600e+002,0,0,-1.000000e+000,-1.000000e+000
1.108700e+002,2.872800e+002,0,0,-1.000000e+000,-1.000000e+000
5.910200e+002,2.968600e+002,0,0,-1.000000e+000,-1.000000e+000
5.952000e+001,3.021200e+002,0,0,-1.000000e+000,-1.000000e+000
1.448300e+002,3.065900e+002,1,1,1.409500e+002,3.097900e+002
2.479600e+002,3.321000e+002,0,0,-1.000000e+000,-1.000000e+000
2.373700e+002,1.938000e+002,0,0,-1.000000e+000,-1.000000e+000
5.320600e+002,2.102900e+002,0,0,-1.000000e+000,-1.000000e+000
1.477000e+002,2.197700e+002,0,0,-1.000000e+000,-1.000000e+000
5.729400e+002,1.372700e+002,1,1,5.741300e+002,1.396300e+002
5.729400e+002,1.372700e+002,1,1,5.741300e+002,1.396300e+002
2.220000e+002,2.563900e+002,0,0,-1.000000e+000,-1.000000e+000
4.515400e+002,2.718200e+002,0,0,-1.000000e+000,-1.000000e+000
4.921600e+002,1.646900e+002,0,0,-1.000000e+000,-1.000000e+000
3.367300e+002,2.209400e+002,0,0,-1.000000e+000,-1.000000e+000
3.367300e+002,2.209400e+002,0,0,-1.000000e+000,-1.000000e+000
5.002800e+002,3.950000e+002,0,0,-1.000000e+000,-1.000000e+000
2.936000e+002,2.988800e+002,0,0,-1.000000e+000,-1.000000e+000
1.577100e+002,3.387000e+002,0,0,1.000000e+000,-1.000000e+000