9.701000e+001,8.597000e+001,0,0,-1.000000e+000,-1.000000e+000
9.085000e+001,8.921000e+001,0,0,-1.000000e+000,-1.000000e+000
4.201000e+001,9.409000e+001,0,0,-1.000000e+000,-1.000000e+000
1.320700e+002,9.639000e+001,0,0,-1.000000e+000,-1.000000e+000
3.000000e+000,9.807000e+001,0,0,-1.000000e+000,-1.000000e+000
8.061000e+001,1.040900e+002,0,0,-1.000000e+000,-1.000000e+000
5.176500e+002,1.232700e+002,0,0,-1.000000e+000,-1.000000e+000
5.131500e+002,1.238700e+002,0,0,-1.000000e+000,-1.000000e+000
5.246200e+002,1.250300e+002,0,0,-1.000000e+000,-1.000000e+000
5.246200e+002,1.250300e+002,0,0,-1.000000e+000,-1.000000e+000
5.143900e+002,1.265500e+002,1,1,5.258800e+002,1.236900e+002
4.828000e+002,1.273600e+002,0,0,-1.000000e+000,-1.000000e+000
3.982800e+002,1.299500e+002,0,0,-1.000000e+000,-1.000000e+000
4.071900e+002,1.336400e+002,1,1,4.199600e+002,1.293000e+002
3.192700e+002,1.401700e+002,0,0,-1.000000e+000,-1.000000e+000
2.511900e+002,1.490600e+002,1,1,2.623000e+002,1.427700e+002
6.191200e+002,1.510900e+002,0,0,-1.000000e+000,-1.000000e+000
2.511300e+002,1.544500e+002,1,1,2.613300e+002,1.482800e+002
5.580000e+002,1.574700e+002,0,0,-1.000000e+000,-1.000000e+000
1.698900e+002,1.626300e+002,0,0,-1.000000e+000,-1.000000e+000
3.205200e+002,1.636600e+002,0,0,-1.000000e+000,-1.000000e+000
2.875100e+002,1.685700e+002,0,0,-1.000000e+000,-1.000000e+000
2.844500e+002,1.689700e+002,0,0,-1.000000e+000,-1.000000e+000
2.807900e+002,1.694600e+002,0,0,-1.000000e+000,-1.000000e+000
2.694300e+002,1.712800e+002,0,0,-1.000000e+000,-1.000000e+000
6.200000e+002,1.756700e+002,0,0,-1.000000e+000,-1.000000e+000
6.200000e+002,1.756700e+002,0,0,-1.000000e+000,-1.000000e+000
2.518100e+002,1.811800e+002,0,0,-1.000000e+000,-1.000000e+000
2.158600e+002,1.890700e+002,0,0,-1.000000e+000,-1.000000e+000
1.871900e+002,1.935400e+002,0,0,-1.000000e+000,-1.000000e+000
6.186800e+002,2.249600e+002,0,0,-1.000000e+000,-1.000000e+000
2.518600e+002,2.285300e+002,0,0,-1.000000e+000,-1.000000e+000
2.344500e+002,2.311400e+002,0,0,-1.000000e+000,-1.000000e+000
2.600400e+002,2.354600e+002,1,1,2.673600e+002,2.299200e+002
1.601200e+002,2.396400e+002,1,1,1.671800e+002,2.323500e+002
2.596700e+002,2.449300e+002,0,0,-1.000000e+000,-1.000000e+000
1.484400e+002,2.464500e+002,0,0,-1.000000e+000,-1.000000e+000
1.438300e+002,2.470800e+002,0,0,-1.000000e+000,-1.000000e+000
1.100500e+002,2.601600e+002,0,0,-1.000000e+000,-1.000000e+000
1.146300e+002,2.619800e+002,0,0,-1.000000e+000,-1.000000e+000
7.255000e+001,2.660700e+002,0,0,-1.000000e+000,-1.000000e+000
6.113600e+002,2.658100e+002,0,0,-1.000000e+000,-1.000000e+000
1.814600e+002,2.679900e+002,1,1,1.893100e+002,2.611500e+002
1.814600e+002,2.679900e+002,1,1,1.893100e+002,2.611500e+002
5.202000e+001,2.694700e+002,0,0,-1.000000e+000,-1.000000e+000
3.961000e+001,2.713000e+002,0,0,-1.000000e+000,-1.000000e+000
1.904000e+001,2.771200e+002,0,0,-1.000000e+000,-1.000000e+000
5.139600e+002,2.870600e+002,0,0,-1.000000e+000,-1.000000e+000
4.897100e+002,2.892400e+002,0,0,-1.000000e+000,-1.000000e+000
1.487200e+002,2.904400e+002,0,0,-1.000000e+000,-1.000000e+000
1.492400e+002,2.933100e+002,0,0,-1.000000e+000,-1.000000e+000
1.492400e+002,2.933100e+002,0,0,-1.000000e+000,-1.000000e+000
4.446700e+002,3.026200e+002,1,1,4.489900e+002,3.023700e+002
1.089600e+002,3.058200e+002,0,0,-1.000000e+000,-1.000000e+000
4.783300e+002,3.061700e+002,0,0,-1.000000e+000,-1.000000e+000
1.142400e+002,3.138700e+002,0,0,-1.000000e+000,-1.000000e+000
1.142400e+002,3.138700e+002,0,0,-1.000000e+000,-1.000000e+000
3.461000e+002,3.160800e+002,0,0,-1.000000e+000,-1.000000e+000
8.303000e+001,3.197100e+002,0,0,-1.000000e+000,-1.000000e+000
3.443200e+002,3.212100e+002,0,0,-1.000000e+000,-1.000000e+000
8.551000e+001,3.214300e+002,0,0,-1.000000e+000,-1.000000e+000
3.483500e+002,3.231500e+002,0,0,-1.000000e+000,-1.000000e+000
9.702000e+001,3.370700e+002,0,0,-1.000000e+000,-1.000000e+000
1.469800e+002,3.381100e+002,0,0,-1.000000e+000,-1.000000e+000
6.047000e+001,3.384500e+002,0,0,-1.000000e+000,-1.000000e+000
8.458000e+001,3.394100e+002,0,0,-1.000000e+000,-1.000000e+000
8.863000e+001,3.403200e+002,0,0,-1.000000e+000,-1.000000e+000
5.246000e+001,3.446100e+002,0,0,-1.000000e+000,-1.000000e+000
5.480100e+002,3.454200e+002,0,0,-1.000000e+000,-1.000000e+000
4.025000e+001,3.463800e+002,0,0,-1.000000e+000,-1.000000e+000
2.845000e+002,3.472100e+002,0,0,-1.000000e+000,-1.000000e+000
1.513900e+002,3.480900e+002,0,0,-1.000000e+000,-1.000000e+000
1.513900e+002,3.480900e+002,0,0,-1.000000e+000,-1.000000e+000
4.209000e+001,3.486800e+002,0,0,-1.000000e+000,-1.000000e+000
2.698400e+002,3.496100e+002,0,0,-1.000000e+000,-1.000000e+000
6.101000e+001,3.514400e+002,0,0,-1.000000e+000,-1.000000e+000
1.415100e+002,3.520800e+002,0,0,-1.000000e+000,-1.000000e+000
1.330900e+002,3.529400e+002,1,1,1.345100e+002,3.465500e+002
8.923000e+001,3.532300e+002,0,0,-1.000000e+000,-1.000000e+000
8.353000e+001,3.556500e+002,0,0,-1.000000e+000,-1.000000e+000
1.093000e+002,3.633700e+002,0,0,-1.000000e+000,-1.000000e+000
1.093000e+002,3.633700e+002,0,0,-1.000000e+000,-1.000000e+000
7.137000e+001,3.652600e+002,0,0,-1.000000e+000,-1.000000e+000
1.241100e+002,3.656400e+002,0,0,-1.000000e+000,-1.000000e+000
2.917300e+002,3.655900e+002,0,0,-1.000000e+000,-1.000000e+000
2.133000e+001,3.667800e+002,0,0,-1.000000e+000,-1.000000e+000
1.172000e+002,3.676700e+002,1,1,1.175200e+002,3.617300e+002
1.812000e+001,3.684300e+002,0,0,-1.000000e+000,-1.000000e+000
2.766000e+001,3.691200e+002,0,0,-1.000000e+000,-1.000000e+000
1.135600e+002,3.697200e+002,0,0,-1.000000e+000,-1.000000e+000
1.743800e+002,3.710700e+002,0,0,-1.000000e+000,-1.000000e+000
6.570000e+001,3.718100e+002,0,0,-1.000000e+000,-1.000000e+000
6.570000e+001,3.718100e+002,0,0,-1.000000e+000,-1.000000e+000
1.654000e+001,3.734500e+002,0,0,-1.000000e+000,-1.000000e+000
1.568800e+002,3.766000e+002,0,0,-1.000000e+000,-1.000000e+000
1.568800e+002,3.766000e+002,0,0,-1.000000e+000,-1.000000e+000
3.944000e+001,3.784600e+002,0,0,-1.000000e+000,-1.000000e+000
5.751100e+002,3.798900e+002,0,0,-1.000000e+000,-1.000000e+000
6.533000e+001,3.815600e+002,0,0,-1.000000e+000,-1.000000e+000
8.607000e+001,3.818200e+002,0,0,-1.000000e+000,-1.000000e+000
1.502000e+001,3.834600e+002,0,0,-1.000000e+000,-1.000000e+000
1.502000e+001,3.834600e+002,0,0,-1.000000e+000,-1.000000e+000
1.446300e+002,3.848600e+002,0,0,-1.000000e+000,-1.000000e+000
1.418200e+002,3.859800e+002,0,0,-1.000000e+000,-1.000000e+000
7.244000e+001,3.876100e+002,0,0,-1.000000e+000,-1.000000e+000
1.045100e+002,4.004800e+002,0,0,-1.000000e+000,-1.000000e+000
1.045100e+002,4.004800e+002,0,0,-1.000000e+000,-1.000000e+000
8.940000e+000,4.048100e+002,0,0,-1.000000e+000,-1.000000e+000
4.852000e+001,4.063700e+002,0,0,-1.000000e+000,-1.000000e+000
7.897000e+001,4.150900e+002,0,0,-1.000000e+000,-1.000000e+000
1.206000e+001,4.166300e+002,0,0,-1.000000e+000,-1.000000e+000
7.432000e+001,4.172200e+002,0,0,-1.000000e+000,-1.000000e+000
6.855000e+001,4.199000e+002,0,0,-1.000000e+000,-1.000000e+000
6.255000e+001,4.227200e+002,0,0,-1.000000e+000,-1.000000e+000
5.220000e+001,4.274800e+002,0,0,-1.000000e+000,-1.000000e+000
4.453000e+001,4.283300e+002,0,0,-1.000000e+000,-1.000000e+000
4.453000e+001,4.283300e+002,0,0,-1.000000e+000,-1.000000e+000
4.324000e+001,4.315500e+002,0,0,-1.000000e+000,-1.000000e+000
5.148600e+002,4.349200e+002,0,0,-1.000000e+000,-1.000000e+000
3.391000e+001,4.358600e+002,0,0,-1.000000e+000,-1.000000e+000
4.912600e+002,4.392900e+002,0,0,-1.000000e+000,-1.000000e+000
5.030000e+000,4.460600e+002,0,0,-1.000000e+000,-1.000000e+000
5.030000e+000,4.460600e+002,0,0,-1.000000e+000,-1.000000e+000
4.509100e+002,4.535500e+002,0,0,-1.000000e+000,-1.000000e+000
4.368000e+002,4.575500e+002,0,0,-1.000000e+000,-1.000000e+000
4.212600e+002,4.597100e+002,0,0,-1.000000e+000,-1.000000e+000
1.330200e+002,8.253000e+001,0,0,-1.000000e+000,-1.000000e+000
5.230000e+001,8.988000e+001,0,0,-1.000000e+000,-1.000000e+000
8.790000e+001,1.002000e+002,0,0,-1.000000e+000,-1.000000e+000
5.400400e+002,1.464500e+002,0,0,-1.000000e+000,-1.000000e+000
5.536900e+002,1.543300e+002,0,0,-1.000000e+000,-1.000000e+000
5.626300e+002,1.594900e+002,0,0,-1.000000e+000,-1.000000e+000
4.099500e+002,1.666800e+002,0,0,-1.000000e+000,-1.000000e+000
2.729200e+002,2.037600e+002,0,0,-1.000000e+000,-1.000000e+000
2.749100e+002,2.084900e+002,0,0,-1.000000e+000,-1.000000e+000
2.246800e+002,2.323600e+002,0,0,-1.000000e+000,-1.000000e+000
2.733600e+002,2.333800e+002,0,0,-1.000000e+000,-1.000000e+000
5.290400e+002,2.491100e+002,1,1,5.394900e+002,2.492300e+002
5.224600e+002,2.553800e+002,1,1,5.321000e+002,2.552800e+002
1.843700e+002,2.659000e+002,0,0,-1.000000e+000,-1.000000e+000
1.843700e+002,2.659000e+002,0,0,-1.000000e+000,-1.000000e+000
7.628000e+001,2.684500e+002,0,0,-1.000000e+000,-1.000000e+000
7.195000e+001,2.690900e+002,0,0,-1.000000e+000,-1.000000e+000
4.740000e+001,2.730000e+002,0,0,-1.000000e+000,-1.000000e+000
4.553500e+002,2.971400e+002,0,0,-1.000000e+000,-1.000000e+000
3.734900e+002,3.060900e+002,0,0,-1.000000e+000,-1.000000e+000
5.135800e+002,3.161700e+002,0,0,-1.000000e+000,-1.000000e+000
5.221100e+002,3.193500e+002,0,0,-1.000000e+000,-1.000000e+000
1.474000e+002,3.215700e+002,1,1,1.505400e+002,3.158800e+002
1.474000e+002,3.215700e+002,1,1,1.505400e+002,3.158800e+002
1.474000e+002,3.215700e+002,0,0,-1.000000e+000,-1.000000e+000
1.378200e+002,3.254300e+002,1,1,1.408500e+002,3.191100e+002
1.378200e+002,3.254300e+002,1,1,1.408500e+002,3.191100e+002
1.378200e+002,3.254300e+002,0,0,-1.000000e+000,-1.000000e+000
5.198100e+002,3.265500e+002,0,0,-1.000000e+000,-1.000000e+000
9.742000e+001,3.272100e+002,0,0,-1.000000e+000,-1.000000e+000
1.517800e+002,3.280200e+002,0,0,-1.000000e+000,-1.000000e+000
8.754000e+001,3.310400e+002,0,0,-1.000000e+000,-1.000000e+000
7.783000e+001,3.348800e+002,0,0,-1.000000e+000,-1.000000e+000
9.473000e+001,3.349600e+002,0,0,-1.000000e+000,-1.000000e+000
5.381600e+002,3.354100e+002,0,0,-1.000000e+000,-1.000000e+000
1.049800e+002,3.387100e+002,0,0,-1.000000e+000,-1.000000e+000
1.100300e+002,3.383100e+002,0,0,-1.000000e+000,-1.000000e+000
5.340900e+002,3.405100e+002,0,0,-1.000000e+000,-1.000000e+000
6.310000e+001,3.407800e+002,0,0,-1.000000e+000,-1.000000e+000
1.374800e+002,3.419100e+002,0,0,-1.000000e+000,-1.000000e+000
8.419000e+001,3.424300e+002,0,0,-1.000000e+000,-1.000000e+000
9.502000e+001,3.423200e+002,0,0,-1.000000e+000,-1.000000e+000
7.125000e+001,3.440500e+002,0,0,-1.000000e+000,-1.000000e+000
8.504000e+001,3.465200e+002,0,0,-1.000000e+000,-1.000000e+000
6.034000e+001,3.484400e+002,0,0,-1.000000e+000,-1.000000e+000
1.301600e+002,3.486600e+002,0,0,-1.000000e+000,-1.000000e+000
2.489000e+001,3.488100e+002,0,0,-1.000000e+000,-1.000000e+000
5.438000e+002,3.499000e+002,0,0,-1.000000e+000,-1.000000e+000
5.532000e+002,3.499500e+002,0,0,-1.000000e+000,-1.000000e+000
3.205000e+001,3.526300e+002,1,1,3.442000e+001,3.455500e+002
3.205000e+001,3.526300e+002,1,1,3.442000e+001,3.455500e+002
3.205000e+001,3.526300e+002,0,0,-1.000000e+000,-1.000000e+000
4.901000e+001,3.528100e+002,0,0,-1.000000e+000,-1.000000e+000
5.565900e+002,3.534400e+002,0,0,-1.000000e+000,-1.000000e+000
2.538000e+001,3.552200e+002,0,0,-1.000000e+000,-1.000000e+000
9.112000e+001,3.558800e+002,0,0,-1.000000e+000,-1.000000e+000
9.112000e+001,3.558800e+002,0,0,-1.000000e+000,-1.000000e+000
8.744000e+001,3.562100e+002,0,0,-1.000000e+000,-1.000000e+000
3.004000e+001,3.572100e+002,1,1,3.196000e+001,3.487800e+002
3.959000e+001,3.565900e+002,0,0,-1.000000e+000,-1.000000e+000
1.536000e+001,3.591900e+002,0,0,-1.000000e+000,-1.000000e+000
3.887000e+001,3.601400e+002,0,0,-1.000000e+000,-1.000000e+000
6.926000e+001,3.619500e+002,1,1,7.099000e+001,3.544000e+002
6.926000e+001,3.619500e+002,0,0,-1.000000e+000,-1.000000e+000
5.660600e+002,3.629000e+002,0,0,-1.000000e+000,-1.000000e+000
4.410000e+000,3.635400e+002,0,0,-1.000000e+000,-1.000000e+000
3.856000e+001,3.648900e+002,0,0,-1.000000e+000,-1.000000e+000
5.595100e+002,3.650700e+002,0,0,-1.000000e+000,-1.000000e+000
1.269000e+001,3.671000e+002,0,0,-1.000000e+000,-1.000000e+000
3.160300e+002,3.690000e+002,0,0,-1.000000e+000,-1.000000e+000
6.796000e+001,3.752500e+002,0,0,-1.000000e+000,-1.000000e+000
5.330000e+000,3.782100e+002,0,0,-1.000000e+000,-1.000000e+000
1.032400e+002,3.793800e+002,0,0,-1.000000e+000,-1.000000e+000
9.675000e+001,3.803300e+002,0,0,-1.000000e+000,-1.000000e+000
4.638000e+001,3.844000e+002,0,0,-1.000000e+000,-1.000000e+000
4.638000e+001,3.844000e+002,0,0,-1.000000e+000,-1.000000e+000
5.790300e+002,3.844900e+002,0,0,-1.000000e+000,-1.000000e+000
3.348000e+001,3.854500e+002,0,0,-1.000000e+000,-1.000000e+000
5.432000e+001,3.859300e+002,1,1,5.524000e+001,3.791700e+002
5.432000e+001,3.859300e+002,1,1,5.524000e+001,3.791700e+002
3.570000e+000,3.880000e+002,0,0,-1.000000e+000,-1.000000e+000
3.570000e+000,3.880000e+002,1,1,4.880000e+000,3.803000e+002
2.422000e+001,3.936400e+002,0,0,-1.000000e+000,-1.000000e+000
2.422000e+001,3.936400e+002,0,0,-1.000000e+000,-1.000000e+000
5.872000e+001,3.932600e+002,0,0,-1.000000e+000,-1.000000e+000
6.001200e+002,3.962500e+002,0,0,-1.000000e+000,-1.000000e+000
4.507000e+001,3.996700e+002,0,0,-1.000000e+000,-1.000000e+000
4.507000e+001,3.996700e+002,0,0,-1.000000e+000,-1.000000e+000
6.037000e+002,3.994400e+002,0,0,-1.000000e+000,-1.000000e+000
3.544800e+002,1.582200e+002,1,1,3.656400e+002,1.534300e+002
4.112700e+002,1.679600e+002,0,0,-1.000000e+000,-1.000000e+000
2.720800e+002,2.217600e+002,0,0,-1.000000e+000,-1.000000e+000
5.243700e+002,2.589000e+002,0,0,-1.000000e+000,-1.000000e+000
1.975000e+001,2.776200e+002,0,0,-1.000000e+000,-1.000000e+000
2.216400e+002,3.092100e+002,0,0,-1.000000e+000,-1.000000e+000
3.471200e+002,3.166000e+002,0,0,-1.000000e+000,-1.000000e+000
3.381900e+002,3.231100e+002,0,0,-1.000000e+000,-1.000000e+000
1.434700e+002,3.247300e+002,1,1,1.461600e+002,3.178900e+002
8.776000e+001,3.272200e+002,0,0,-1.000000e+000,-1.000000e+000
1.078500e+002,3.295800e+002,0,0,-1.000000e+000,-1.000000e+000
1.478500e+002,3.297200e+002,0,0,-1.000000e+000,-1.000000e+000
9.412000e+001,3.313200e+002,0,0,-1.000000e+000,-1.000000e+000
9.412000e+001,3.313200e+002,0,0,-1.000000e+000,-1.000000e+000
9.412000e+001,3.313200e+002,0,0,-1.000000e+000,-1.000000e+000
1.556100e+002,3.330000e+002,1,1,1.587500e+002,3.277700e+002
4.489500e+002,3.369300e+002,0,0,-1.000000e+000,-1.000000e+000
1.285100e+002,3.374600e+002,0,0,-1.000000e+000,-1.000000e+000
1.285100e+002,3.374600e+002,1,1,1.309100e+002,3.313600e+002
1.591300e+002,3.376200e+002,0,0,-1.000000e+000,-1.000000e+000
1.591300e+002,3.376200e+002,0,0,-1.000000e+000,-1.000000e+000
8.138000e+001,3.393100e+002,0,0,-1.000000e+000,-1.000000e+000
6.872000e+001,3.409400e+002,0,0,-1.000000e+000,-1.000000e+000
1.006600e+002,3.418300e+002,0,0,-1.000000e+000,-1.000000e+000
7.354000e+001,3.429500e+002,0,0,-1.000000e+000,-1.000000e+000
1.585200e+002,3.432000e+002,1,1,1.602500e+002,3.371800e+002
1.585200e+002,3.432000e+002,1,1,1.602500e+002,3.371800e+002
5.921000e+001,3.446300e+002,1,1,6.084000e+001,3.360100e+002
5.921000e+001,3.446300e+002,1,1,6.084000e+001,3.360100e+002
1.654800e+002,3.450400e+002,0,0,-1.000000e+000,-1.000000e+000
9.099000e+001,3.456800e+002,0,0,-1.000000e+000,-1.000000e+000
9.099000e+001,3.456800e+002,0,0,-1.000000e+000,-1.000000e+000
1.152700e+002,3.458000e+002,0,0,-1.000000e+000,-1.000000e+000
1.152700e+002,3.458000e+002,0,0,-1.000000e+000,-1.000000e+000
1.492500e+002,3.473500e+002,0,0,-1.000000e+000,-1.000000e+000
1.492500e+002,3.473500e+002,0,0,-1.000000e+000,-1.000000e+000
4.847000e+001,3.486800e+002,1,1,5.063000e+001,3.399300e+002
4.847000e+001,3.486800e+002,1,1,5.063000e+001,3.399300e+002
1.455800e+002,3.519000e+002,0,0,-1.000000e+000,-1.000000e+000
3.823000e+001,3.526200e+002,1,1,3.954000e+001,3.438200e+002
3.823000e+001,3.526200e+002,1,1,3.954000e+001,3.438200e+002
5.978000e+001,3.567500e+002,1,1,6.212000e+001,3.499200e+002
5.978000e+001,3.567500e+002,0,0,-1.000000e+000,-1.000000e+000
3.492000e+001,3.573000e+002,0,0,-1.000000e+000,-1.000000e+000
4.706000e+001,3.573500e+002,0,0,-1.000000e+000,-1.000000e+000
2.131000e+001,3.593000e+002,0,0,-1.000000e+000,-1.000000e+000
2.664000e+001,3.613800e+002,0,0,-1.000000e+000,-1.000000e+000
1.402600e+002,3.619100e+002,0,0,-1.000000e+000,-1.000000e+000
1.507300e+002,3.616600e+002,0,0,-1.000000e+000,-1.000000e+000
1.149000e+002,3.623300e+002,0,0,-1.000000e+000,-1.000000e+000
4.821000e+001,3.704600e+002,0,0,-1.000000e+000,-1.000000e+000
7.838000e+001,3.708800e+002,0,0,-1.000000e+000,-1.000000e+000
2.822000e+001,3.821100e+002,0,0,-1.000000e+000,-1.000000e+000
1.007100e+002,3.828400e+002,0,0,-1.000000e+000,-1.000000e+000
6.670000e+001,3.834200e+002,1,1,6.669000e+001,3.753100e+002
6.670000e+001,3.834200e+002,1,1,6.669000e+001,3.753100e+002
9.653000e+001,3.847900e+002,0,0,-1.000000e+000,-1.000000e+000
3.512000e+001,3.885600e+002,0,0,-1.000000e+000,-1.000000e+000
8.270000e+001,3.908300e+002,0,0,-1.000000e+000,-1.000000e+000
1.062000e+001,3.926100e+002,0,0,-1.000000e+000,-1.000000e+000
1.062000e+001,3.926100e+002,0,0,-1.000000e+000,-1.000000e+000
6.909000e+001,3.966700e+002,0,0,-1.000000e+000,-1.000000e+000
5.468000e+001,4.027500e+002,0,0,-1.000000e+000,-1.000000e+000
5.995200e+002,4.057500e+002,1,1,6.068700e+002,4.112100e+002
4.729200e+002,1.510900e+002,0,0,-1.000000e+000,-1.000000e+000
1.695400e+002,1.586000e+002,0,0,-1.000000e+000,-1.000000e+000
5.626100e+002,1.594700e+002,0,0,-1.000000e+000,-1.000000e+000
4.150500e+002,1.642900e+002,0,0,-1.000000e+000,-1.000000e+000
3.465200e+002,1.910300e+002,0,0,-1.000000e+000,-1.000000e+000
1.726800e+002,1.969400e+002,0,0,-1.000000e+000,-1.000000e+000
6.309500e+002,1.999400e+002,0,0,-1.000000e+000,-1.000000e+000
2.717900e+002,2.220700e+002,0,0,-1.000000e+000,-1.000000e+000
2.506900e+002,2.276200e+002,1,1,2.608000e+002,2.219200e+002
2.351900e+002,2.302900e+002,0,0,-1.000000e+000,-1.000000e+000
2.469000e+002,2.332000e+002,0,0,-1.000000e+000,-1.000000e+000
1.773200e+002,2.390900e+002,0,0,-1.000000e+000,-1.000000e+000
2.056000e+001,2.782700e+002,0,0,-1.000000e+000,-1.000000e+000
2.816400e+002,2.877100e+002,0,0,-1.000000e+000,-1.000000e+000
5.204500e+002,2.937100e+002,0,0,-1.000000e+000,-1.000000e+000
3.472500e+002,3.166000e+002,0,0,-1.000000e+000,-1.000000e+000
5.136200e+002,3.221400e+002,0,0,-1.000000e+000,-1.000000e+000
5.136200e+002,3.221400e+002,0,0,-1.000000e+000,-1.000000e+000
9.996000e+001,3.317200e+002,0,0,-1.000000e+000,-1.000000e+000
1.388800e+002,3.348000e+002,1,1,1.413500e+002,3.282700e+002
1.388800e+002,3.348000e+002,1,1,1.413500e+002,3.282700e+002
1.531000e+002,3.372500e+002,0,0,-1.000000e+000,-1.000000e+000
1.437900e+002,3.416500e+002,0,0,-1.000000e+000,-1.000000e+000
1.437900e+002,3.416500e+002,1,1,1.458800e+002,3.354700e+002
1.056400e+002,3.487500e+002,1,1,1.074400e+002,3.414200e+002
1.056400e+002,3.487500e+002,1,1,1.074400e+002,3.414200e+002
1.555900e+002,3.484700e+002,0,0,-1.000000e+000,-1.000000e+000
1.555900e+002,3.484700e+002,0,0,-1.000000e+000,-1.000000e+000
1.635800e+002,3.497500e+002,1,1,1.652600e+002,3.440700e+002
1.635800e+002,3.497500e+002,1,1,1.652600e+002,3.440700e+002
1.389000e+002,3.511900e+002,1,1,1.404000e+002,3.449200e+002
1.389000e+002,3.511900e+002,1,1,1.404000e+002,3.449200e+002
9.559000e+001,3.529300e+002,1,1,9.751000e+001,3.455900e+002
1.541600e+002,3.542100e+002,0,0,-1.000000e+000,-1.000000e+000
1.541600e+002,3.542100e+002,0,0,-1.000000e+000,-1.000000e+000
3.497000e+001,3.572000e+002,0,0,-1.000000e+000,-1.000000e+000
1.457700e+002,3.575800e+002,0,0,-1.000000e+000,-1.000000e+000
1.072000e+001,3.630800e+002,1,1,1.249000e+001,3.535500e+002
1.072000e+001,3.630800e+002,1,1,1.249000e+001,3.535500e+002
6.429000e+001,3.640500e+002,1,1,6.592000e+001,3.565400e+002
6.429000e+001,3.640500e+002,1,1,6.592000e+001,3.565400e+002
3.905000e+001,3.658900e+002,0,0,-1.000000e+000,-1.000000e+000
3.905000e+001,3.658900e+002,0,0,-1.000000e+000,-1.000000e+000
2.327000e+001,3.670700e+002,0,0,-1.000000e+000,-1.000000e+000
5.339000e+001,3.682500e+002,1,1,5.498000e+001,3.605700e+002
5.339000e+001,3.682500e+002,1,1,5.498000e+001,3.605700e+002
1.202800e+002,3.688300e+002,1,1,1.209000e+002,3.621000e+002
1.146000e+001,3.722200e+002,0,0,-1.000000e+000,-1.000000e+000
4.334000e+001,3.733400e+002,1,1,4.437000e+001,3.649900e+002
4.334000e+001,3.733400e+002,1,1,4.437000e+001,3.649900e+002
1.106700e+002,3.732400e+002,0,0,-1.000000e+000,-1.000000e+000
3.248000e+001,3.776000e+002,1,1,3.351000e+001,3.692500e+002
3.248000e+001,3.776000e+002,1,1,3.351000e+001,3.692500e+002
5.820000e+000,3.789900e+002,0,0,-1.000000e+000,-1.000000e+000
5.820000e+000,3.789900e+002,0,0,-1.000000e+000,-1.000000e+000
1.080400e+002,3.788500e+002,0,0,-1.000000e+000,-1.000000e+000
5.058000e+001,3.795100e+002,1,1,5.156000e+001,3.716000e+002
5.058000e+001,3.795100e+002,0,0,-1.000000e+000,-1.000000e+000
2.112000e+001,3.821700e+002,0,0,-1.000000e+000,-1.000000e+000
2.112000e+001,3.821700e+002,0,0,-1.000000e+000,-1.000000e+000
3.955000e+001,3.842000e+002,1,1,4.021000e+001,3.759100e+002
3.955000e+001,3.842000e+002,1,1,4.021000e+001,3.759100e+002
6.044000e+001,3.841100e+002,0,0,-1.000000e+000,-1.000000e+000
1.009000e+001,3.869200e+002,1,1,1.112000e+001,3.777800e+002
1.009000e+001,3.869200e+002,0,0,-1.000000e+000,-1.000000e+000
1.009000e+001,3.869200e+002,1,1,1.112000e+001,3.777800e+002
1.009000e+001,3.869200e+002,0,0,-1.000000e+000,-1.000000e+000
2.858000e+001,3.887300e+002,0,0,-1.000000e+000,-1.000000e+000
3.846000e+001,3.932300e+002,0,0,-1.000000e+000,-1.000000e+000
3.846000e+001,3.932300e+002,0,0,-1.000000e+000,-1.000000e+000
4.499000e+001,3.930300e+002,0,0,-1.000000e+000,-1.000000e+000
4.499000e+001,3.930300e+002,0,0,-1.000000e+000,-1.000000e+000
1.744000e+001,3.936100e+002,1,1,1.789000e+001,3.849100e+002
1.744000e+001,3.936100e+002,1,1,1.789000e+001,3.849100e+002
5.920000e+000,3.981600e+002,1,1,6.060000e+000,3.892700e+002
5.920000e+000,3.981600e+002,1,1,6.060000e+000,3.892700e+002
2.685000e+001,3.977600e+002,0,0,-1.000000e+000,-1.000000e+000
2.685000e+001,3.977600e+002,0,0,-1.000000e+000,-1.000000e+000
3.367000e+001,3.977100e+002,0,0,-1.000000e+000,-1.000000e+000
2.229000e+001,4.025200e+002,0,0,-1.000000e+000,-1.000000e+000
6.091500e+002,4.017100e+002,0,0,-1.000000e+000,-1.000000e+000
1.546000e+001,4.026700e+002,0,0,-1.000000e+000,-1.000000e+000
1.546000e+001,4.026700e+002,0,0,-1.000000e+000,-1.000000e+000
5.990300e+002,4.056700e+002,0,0,-1.000000e+000,-1.000000e+000
1.117000e+001,4.079000e+002,1,1,1.021000e+001,3.982300e+002
3.902000e+001,4.094100e+002,0,0,-1.000000e+000,-1.000000e+000
3.902000e+001,4.094100e+002,0,0,-1.000000e+000,-1.000000e+000
6.189500e+002,1.559400e+002,0,0,-1.000000e+000,-1.000000e+000
6.189500e+002,1.559400e+002,0,0,-1.000000e+000,-1.000000e+000
6.234900e+002,1.841200e+002,0,0,-1.000000e+000,-1.000000e+000
4.286600e+002,1.835000e+002,1,1,4.424700e+002,1.807300e+002
4.286600e+002,1.835000e+002,1,1,4.424700e+002,1.807300e+002
6.256500e+002,2.251400e+002,0,0,-1.000000e+000,-1.000000e+000
4.885900e+002,2.927800e+002,0,0,-1.000000e+000,-1.000000e+000
5.137500e+002,3.230900e+002,0,0,-1.000000e+000,-1.000000e+000
8.962000e+001,3.347700e+002,0,0,-1.000000e+000,-1.000000e+000
8.985000e+001,3.421900e+002,0,0,-1.000000e+000,-1.000000e+000
6.506000e+001,3.445100e+002,1,1,6.682000e+001,3.359800e+002
3.731800e+002,3.469800e+002,1,1,3.763400e+002,3.458600e+002
3.731800e+002,3.469800e+002,1,1,3.763400e+002,3.458600e+002
5.453000e+001,3.484800e+002,0,0,-1.000000e+000,-1.000000e+000
4.417000e+001,3.525500e+002,0,0,-1.000000e+000,-1.000000e+000
5.379000e+001,3.561000e+002,0,0,-1.000000e+000,-1.000000e+000
1.608400e+002,3.563000e+002,1,1,1.623200e+002,3.507000e+002
4.356000e+001,3.605700e+002,0,0,-1.000000e+000,-1.000000e+000
1.707000e+001,3.625000e+002,0,0,-1.000000e+000,-1.000000e+000
1.707000e+001,3.625000e+002,0,0,-1.000000e+000,-1.000000e+000
3.272000e+001,3.634200e+002,0,0,-1.000000e+000,-1.000000e+000
3.272000e+001,3.634200e+002,0,0,-1.000000e+000,-1.000000e+000
3.272000e+001,3.634200e+002,0,0,-1.000000e+000,-1.000000e+000
6.040000e+000,3.669900e+002,0,0,-1.000000e+000,-1.000000e+000
6.040000e+000,3.669900e+002,0,0,-1.000000e+000,-1.000000e+000
6.040000e+000,3.669900e+002,0,0,-1.000000e+000,-1.000000e+000
2.199000e+001,3.684800e+002,0,0,-1.000000e+000,-1.000000e+000
1.272100e+002,3.702600e+002,1,1,1.278100e+002,3.637400e+002
1.172100e+002,3.751800e+002,0,0,-1.000000e+000,-1.000000e+000
9.364000e+001,3.803100e+002,1,1,9.390000e+001,3.732000e+002
8.106000e+001,3.856000e+002,1,1,8.129000e+001,3.783100e+002
8.106000e+001,3.856000e+002,1,1,8.129000e+001,3.783100e+002
8.891000e+001,3.868000e+002,0,0,-1.000000e+000,-1.000000e+000
6.065000e+001,3.957300e+002,0,0,-1.000000e+000,-1.000000e+000
6.065000e+001,3.957300e+002,0,0,-1.000000e+000,-1.000000e+000
6.766000e+001,3.912700e+002,0,0,-1.000000e+000,-1.000000e+000
7.548000e+001,3.924700e+002,0,0,-1.000000e+000,-1.000000e+000
5.335000e+001,3.972400e+002,1,1,5.273000e+001,3.893400e+002
5.335000e+001,3.972400e+002,1,1,5.273000e+001,3.893400e+002
6.182000e+001,3.986400e+002,1,1,6.136000e+001,3.905500e+002
3.919000e+001,4.031200e+002,0,0,-1.000000e+000,-1.000000e+000
4.618700e+002,1.345300e+002,0,0,-1.000000e+000,-1.000000e+000
4.564100e+002,1.429900e+002,0,0,-1.000000e+000,-1.000000e+000
4.564100e+002,1.429900e+002,0,0,-1.000000e+000,-1.000000e+000
4.168900e+002,1.649100e+002,0,0,-1.000000e+000,-1.000000e+000
4.168900e+002,1.649100e+002,0,0,-1.000000e+000,-1.000000e+000
5.831600e+002,1.697800e+002,1,1,5.973300e+002,1.681600e+002
6.215900e+002,1.931000e+002,0,0,-1.000000e+000,-1.000000e+000
2.592800e+002,2.241200e+002,1,1,2.672000e+002,2.180400e+002
2.805900e+002,2.250600e+002,0,0,-1.000000e+000,-1.000000e+000
2.707300e+002,2.400800e+002,0,0,-1.000000e+000,-1.000000e+000
2.707300e+002,2.400800e+002,0,0,-1.000000e+000,-1.000000e+000
2.601800e+002,2.414400e+002,0,0,-1.000000e+000,-1.000000e+000
5.188300e+002,2.768900e+002,0,0,-1.000000e+000,-1.000000e+000
2.805800e+002,2.867100e+002,0,0,-1.000000e+000,-1.000000e+000
4.447600e+002,3.003300e+002,1,1,4.497800e+002,3.000100e+002
1.821600e+002,3.103600e+002,1,1,1.869100e+002,3.050300e+002
5.139800e+002,3.246500e+002,0,0,-1.000000e+000,-1.000000e+000
6.690000e+001,3.523000e+002,0,0,-1.000000e+000,-1.000000e+000
4.749000e+001,4.043800e+002,1,1,4.721000e+001,3.959000e+002
6.063400e+002,4.080600e+002,0,0,-1.000000e+000,-1.000000e+000
4.620400e+002,1.345400e+002,0,0,-1.000000e+000,-1.000000e+000
4.563300e+002,1.430900e+002,0,0,-1.000000e+000,-1.000000e+000
1.728400e+002,1.550600e+002,0,0,-1.000000e+000,-1.000000e+000
4.193900e+002,1.658500e+002,0,0,-1.000000e+000,-1.000000e+000
4.193900e+002,1.658500e+002,0,0,-1.000000e+000,-1.000000e+000
6.217400e+002,1.668400e+002,0,0,-1.000000e+000,-1.000000e+000
6.134600e+002,1.801400e+002,0,0,-1.000000e+000,-1.000000e+000
6.134600e+002,1.801400e+002,0,0,-1.000000e+000,-1.000000e+000
4.253100e+002,1.823100e+002,0,0,-1.000000e+000,-1.000000e+000
4.253100e+002,1.823100e+002,0,0,-1.000000e+000,-1.000000e+000
4.008600e+002,1.845300e+002,0,0,-1.000000e+000,-1.000000e+000
2.827200e+002,2.042600e+002,0,0,-1.000000e+000,-1.000000e+000
2.735600e+002,2.146500e+002,0,0,-1.000000e+000,-1.000000e+000
1.768700e+002,2.155500e+002,0,0,-1.000000e+000,-1.000000e+000
5.921400e+002,2.665600e+002,0,0,-1.000000e+000,-1.000000e+000
2.791000e+002,2.854500e+002,0,0,-1.000000e+000,-1.000000e+000
1.260900e+002,3.576300e+002,1,1,1.279800e+002,3.513700e+002
1.260900e+002,3.576300e+002,1,1,1.279800e+002,3.513700e+002
5.625100e+002,4.439800e+002,0,0,-1.000000e+000,-1.000000e+000
5.902000e+002,1.713800e+002,1,1,6.063600e+002,1.705200e+002
2.641000e+002,2.271900e+002,0,0,-1.000000e+000,-1.000000e+000
5.108000e+002,2.355800e+002,1,1,5.206100e+002,2.350300e+002
5.266700e+002,2.511700e+002,1,1,5.369400e+002,2.517500e+002
1.284800e+002,2.913600e+002,0,0,-1.000000e+000,-1.000000e+000
1.803600e+002,3.167600e+002,0,0,-1.000000e+000,-1.000000e+000
2.105900e+002,3.174500e+002,0,0,-1.000000e+000,-1.000000e+000
5.146400e+002,3.304900e+002,0,0,-1.000000e+000,-1.000000e+000
5.684900e+002,4.242700e+002,0,0,-1.000000e+000,-1.000000e+000
1.509800e+002,8.948000e+001,0,0,-1.000000e+000,-1.000000e+000
1.396100e+002,1.049800e+002,0,0,-1.000000e+000,-1.000000e+000
1.396100e+002,1.049800e+002,0,0,-1.000000e+000,-1.000000e+000
1.743400e+002,1.538900e+002,0,0,-1.000000e+000,-1.000000e+000
5.628700e+002,1.528200e+002,0,0,-1.000000e+000,-1.000000e+000
2.801200e+002,2.397500e+002,0,0,-1.000000e+000,-1.000000e+000
1.517800e+002,2.736800e+002,0,0,-1.000000e+000,-1.000000e+000
1.662800e+002,2.901100e+002,0,0,-1.000000e+000,-1.000000e+000
5.062000e+002,2.958900e+002,0,0,-1.000000e+000,-1.000000e+000
5.228700e+002,3.061900e+002,0,0,-1.000000e+000,-1.000000e+000
3.965000e+001,3.078200e+002,0,0,-1.000000e+000,-1.000000e+000
1.953000e+002,3.102700e+002,1,1,1.996900e+002,3.047100e+002
1.953000e+002,3.102700e+002,1,1,1.996900e+002,3.047100e+002
3.453500e+002,3.179600e+002,1,1,3.472900e+002,3.161300e+002
3.229700e+002,3.487200e+002,0,0,-1.000000e+000,-1.000000e+000
3.031700e+002,3.574500e+002,0,0,-1.000000e+000,-1.000000e+000
5.953300e+002,4.188100e+002,0,0,-1.000000e+000,-1.000000e+000
4.401700e+002,1.159600e+002,0,0,-1.000000e+000,-1.000000e+000
5.626500e+002,1.517500e+002,0,0,-1.000000e+000,-1.000000e+000
5.311300e+002,1.571500e+002,0,0,-1.000000e+000,-1.000000e+000
2.880800e+002,2.069600e+002,0,0,-1.000000e+000,-1.000000e+000
1.308800e+002,2.530000e+002,0,0,-1.000000e+000,-1.000000e+000
2.874500e+002,2.615300e+002,0,0,-1.000000e+000,-1.000000e+000
1.519100e+002,2.736500e+002,0,0,-1.000000e+000,-1.000000e+000
2.470600e+002,2.847700e+002,1,1,2.533400e+002,2.797900e+002
1.882000e+001,3.129500e+002,0,0,-1.000000e+000,-1.000000e+000
2.314400e+002,3.256000e+002,0,0,-1.000000e+000,-1.000000e+000
2.314400e+002,3.256000e+002,0,0,-1.000000e+000,-1.000000e+000
3.237300e+002,3.434500e+002,0,0,-1.000000e+000,-1.000000e+000
1.864800e+002,3.489900e+002,0,0,-1.000000e+000,-1.000000e+000
4.811900e+002,1.392700e+002,0,0,-1.000000e+000,-1.000000e+000
4.962200e+002,2.759000e+002,1,1,5.043000e+002,2.760500e+002
4.962200e+002,2.759000e+002,1,1,5.043000e+002,2.760500e+002
3.260600e+002,2.941300e+002,0,0,-1.000000e+000,-1.000000e+000
7.304000e+001,3.242500e+002,0,0,-1.000000e+000,-1.000000e+000
2.074900e+002,3.397700e+002,0,0,-1.000000e+000,-1.000000e+000
1.817200e+002,1.754100e+002,1,1,1.885600e+002,1.688300e+002
1.817200e+002,1.754100e+002,1,1,1.885600e+002,1.688300e+002
3.943400e+002,1.745400e+002,0,0,-1.000000e+000,-1.000000e+000
1.021400e+002,2.850600e+002,1,1,1.081600e+002,2.776800e+002
5.697600e+002,1.437900e+002,0,0,-1.000000e+000,-1.000000e+000
2.494100e+002,2.022100e+002,0,0,-1.000000e+000,-1.000000e+000
1.006400e+002,2.852800e+002,1,1,1.057700e+002,2.778500e+002
3.299200e+002,2.894000e+002,0,0,-1.000000e+000,-1.000000e+000
4.911000e+001,2.951700e+002,0,0,-1.000000e+000,-1.000000e+000
2.207100e+002,3.595800e+002,0,0,-1.000000e+000,-1.000000e+000
2.219900e+002,2.675700e+002,0,0,-1.000000e+000,-1.000000e+000
4.656900e+002,3.242400e+002,0,0,-1.000000e+000,-1.000000e+000
5.334000e+002,1.914200e+002,0,0,-1.000000e+000,-1.000000e+000
1.415500e+002,3.267400e+002,1,1,1.451600e+002,3.212400e+002
2.761200e+002,3.317500e+002,0,0,-1.000000e+000,-1.000000e+000
3.495700e+002,2.504100e+002,0,0,1.000000e+000,-1.000000e+000