4.593300e+002,2.340000e+000,0,0,-1.000000e+000,-1.000000e+000
6.008300e+002,3.210000e+000,0,0,-1.000000e+000,-1.000000e+000
3.939200e+002,3.830000e+000,1,0,3.911600e+002,2.113000e+001
4.032500e+002,5.650000e+000,0,0,-1.000000e+000,-1.000000e+000
3.997400e+002,6.170000e+000,0,0,-1.000000e+000,-1.000000e+000
3.997400e+002,6.170000e+000,0,0,-1.000000e+000,-1.000000e+000
5.894600e+002,6.030000e+000,0,0,-1.000000e+000,-1.000000e+000
3.937900e+002,1.165000e+001,0,0,-1.000000e+000,-1.000000e+000
5.855700e+002,1.335000e+001,0,0,-1.000000e+000,-1.000000e+000
4.273300e+002,1.439000e+001,0,0,-1.000000e+000,-1.000000e+000
6.128100e+002,1.599000e+001,1,0,5.993600e+002,2.537000e+001
3.934800e+002,1.799000e+001,0,0,-1.000000e+000,-1.000000e+000
6.173500e+002,2.709000e+001,0,0,-1.000000e+000,-1.000000e+000
6.133000e+002,2.767000e+001,0,0,-1.000000e+000,-1.000000e+000
4.472700e+002,2.889000e+001,0,0,-1.000000e+000,-1.000000e+000
5.697800e+002,3.449000e+001,0,0,-1.000000e+000,-1.000000e+000
5.635900e+002,3.538000e+001,0,0,-1.000000e+000,-1.000000e+000
5.601700e+002,3.594000e+001,0,0,-1.000000e+000,-1.000000e+000
4.798000e+002,3.798000e+001,0,0,-1.000000e+000,-1.000000e+000
4.798000e+002,3.798000e+001,0,0,-1.000000e+000,-1.000000e+000
5.622700e+002,3.810000e+001,0,0,-1.000000e+000,-1.000000e+000
3.949300e+002,3.850000e+001,0,0,-1.000000e+000,-1.000000e+000
5.458400e+002,3.835000e+001,1,0,5.509200e+002,4.488000e+001
5.938700e+002,3.879000e+001,0,0,-1.000000e+000,-1.000000e+000
5.480500e+002,4.410000e+001,0,0,-1.000000e+000,-1.000000e+000
6.193200e+002,4.390000e+001,1,1,6.165200e+002,5.161000e+001
5.520200e+002,4.568000e+001,0,0,-1.000000e+000,-1.000000e+000
5.992500e+002,4.559000e+001,0,0,-1.000000e+000,-1.000000e+000
5.462100e+002,4.664000e+001,0,0,-1.000000e+000,-1.000000e+000
5.236300e+002,4.791000e+001,0,0,-1.000000e+000,-1.000000e+000
6.130600e+002,5.180000e+001,0,0,-1.000000e+000,-1.000000e+000
5.631500e+002,5.554000e+001,0,0,-1.000000e+000,-1.000000e+000
5.963700e+002,5.542000e+001,0,0,-1.000000e+000,-1.000000e+000
5.918500e+002,5.661000e+001,0,0,-1.000000e+000,-1.000000e+000
5.874200e+002,5.736000e+001,1,0,5.698900e+002,6.836000e+001
5.872100e+002,6.002000e+001,0,0,-1.000000e+000,-1.000000e+000
5.711900e+002,6.103000e+001,0,0,-1.000000e+000,-1.000000e+000
5.666400e+002,6.196000e+001,0,0,-1.000000e+000,-1.000000e+000
5.587500e+002,6.373000e+001,0,0,-1.000000e+000,-1.000000e+000
4.163300e+002,6.512000e+001,0,0,-1.000000e+000,-1.000000e+000
5.599100e+002,6.602000e+001,0,0,-1.000000e+000,-1.000000e+000
2.655700e+002,6.712000e+001,0,0,-1.000000e+000,-1.000000e+000
4.161400e+002,6.840000e+001,0,0,-1.000000e+000,-1.000000e+000
4.161400e+002,6.840000e+001,0,0,-1.000000e+000,-1.000000e+000
4.214000e+002,7.055000e+001,1,1,4.187100e+002,7.872000e+001
3.903100e+002,7.562000e+001,0,0,-1.000000e+000,-1.000000e+000
6.135800e+002,8.571000e+001,0,0,-1.000000e+000,-1.000000e+000
4.506200e+002,9.001000e+001,0,0,-1.000000e+000,-1.000000e+000
5.318400e+002,9.238000e+001,1,0,5.272700e+002,1.217000e+002
6.303900e+002,9.365000e+001,0,0,-1.000000e+000,-1.000000e+000
6.124200e+002,9.585000e+001,0,0,-1.000000e+000,-1.000000e+000
6.186000e+002,9.774000e+001,0,0,-1.000000e+000,-1.000000e+000
6.318600e+002,9.976000e+001,0,0,-1.000000e+000,-1.000000e+000
6.116200e+002,1.042400e+002,0,0,-1.000000e+000,-1.000000e+000
6.172700e+002,1.067700e+002,1,1,6.147900e+002,1.147100e+002
1.523800e+002,1.086500e+002,0,0,-1.000000e+000,-1.000000e+000
1.592700e+002,1.099800e+002,1,1,1.567800e+002,1.187200e+002
4.741900e+002,1.111800e+002,0,0,-1.000000e+000,-1.000000e+000
4.741900e+002,1.111800e+002,0,0,-1.000000e+000,-1.000000e+000
1.497600e+002,1.115800e+002,1,0,1.383100e+002,1.216600e+002
1.447800e+002,1.123600e+002,0,0,-1.000000e+000,-1.000000e+000
1.269000e+002,1.129100e+002,0,0,-1.000000e+000,-1.000000e+000
5.451500e+002,1.159800e+002,0,0,-1.000000e+000,-1.000000e+000
1.148100e+002,1.173000e+002,1,0,8.301000e+001,1.314600e+002
9.665000e+001,1.177800e+002,0,0,-1.000000e+000,-1.000000e+000
4.533700e+002,1.191600e+002,0,0,-1.000000e+000,-1.000000e+000
5.357900e+002,1.201900e+002,1,1,5.335700e+002,1.271400e+002
7.604000e+001,1.215500e+002,0,0,-1.000000e+000,-1.000000e+000
1.440100e+002,1.223400e+002,0,0,-1.000000e+000,-1.000000e+000
1.402700e+002,1.231900e+002,0,0,-1.000000e+000,-1.000000e+000
4.352500e+002,1.232600e+002,0,0,-1.000000e+000,-1.000000e+000
4.447400e+002,1.235900e+002,1,0,4.190600e+002,1.373500e+002
4.447400e+002,1.235900e+002,0,0,-1.000000e+000,-1.000000e+000
1.324900e+002,1.243000e+002,0,0,-1.000000e+000,-1.000000e+000
5.624000e+001,1.250100e+002,0,0,-1.000000e+000,-1.000000e+000
7.052000e+001,1.251200e+002,0,0,-1.000000e+000,-1.000000e+000
1.431100e+002,1.250800e+002,1,0,1.335900e+002,1.356800e+002
1.542600e+002,1.252000e+002,0,0,-1.000000e+000,-1.000000e+000
6.709000e+001,1.258100e+002,0,0,-1.000000e+000,-1.000000e+000
4.999200e+002,1.260900e+002,0,0,-1.000000e+000,-1.000000e+000
3.855900e+002,1.281600e+002,0,0,-1.000000e+000,-1.000000e+000
3.874200e+002,1.296800e+002,0,0,-1.000000e+000,-1.000000e+000
3.874200e+002,1.296800e+002,0,0,-1.000000e+000,-1.000000e+000
1.151200e+002,1.301400e+002,0,0,-1.000000e+000,-1.000000e+000
4.044000e+002,1.304600e+002,1,0,4.109100e+002,1.364900e+002
4.175900e+002,1.302900e+002,0,0,-1.000000e+000,-1.000000e+000
6.087600e+002,1.302200e+002,0,0,-1.000000e+000,-1.000000e+000
4.007000e+002,1.308000e+002,0,0,-1.000000e+000,-1.000000e+000
4.145300e+002,1.309800e+002,0,0,-1.000000e+000,-1.000000e+000
6.082900e+002,1.330200e+002,0,0,-1.000000e+000,-1.000000e+000
7.877000e+001,1.341400e+002,0,0,-1.000000e+000,-1.000000e+000
9.062000e+001,1.346500e+002,0,0,-1.000000e+000,-1.000000e+000
6.680000e+001,1.366200e+002,0,0,-1.000000e+000,-1.000000e+000
6.272900e+002,1.367300e+002,1,0,6.324700e+002,1.464400e+002
5.241200e+002,1.369600e+002,0,0,-1.000000e+000,-1.000000e+000
6.073800e+002,1.405200e+002,0,0,-1.000000e+000,-1.000000e+000
4.464200e+002,1.415400e+002,0,0,-1.000000e+000,-1.000000e+000
5.076400e+002,1.413800e+002,1,1,5.041900e+002,1.493700e+002
4.958000e+001,1.425000e+002,1,1,5.335000e+001,1.506200e+002
4.421800e+002,1.424800e+002,0,0,-1.000000e+000,-1.000000e+000
5.042400e+002,1.425900e+002,0,0,-1.000000e+000,-1.000000e+000
4.026000e+001,1.439100e+002,0,0,-1.000000e+000,-1.000000e+000
4.930700e+002,1.452400e+002,0,0,-1.000000e+000,-1.000000e+000
1.534000e+002,1.454100e+002,0,0,-1.000000e+000,-1.000000e+000
3.187600e+002,1.457200e+002,0,0,-1.000000e+000,-1.000000e+000
6.066300e+002,1.454500e+002,1,1,6.042600e+002,1.524500e+002
4.885600e+002,1.466900e+002,0,0,-1.000000e+000,-1.000000e+000
4.280400e+002,1.484000e+002,1,0,4.149500e+002,1.592900e+002
4.750500e+002,1.496000e+002,0,0,-1.000000e+000,-1.000000e+000
1.565100e+002,1.508600e+002,1,0,1.580300e+002,1.938500e+002
2.914900e+002,1.521100e+002,0,0,-1.000000e+000,-1.000000e+000
4.120500e+002,1.527000e+002,0,0,-1.000000e+000,-1.000000e+000
2.758000e+002,1.536900e+002,0,0,-1.000000e+000,-1.000000e+000
4.825800e+002,1.551400e+002,0,0,-1.000000e+000,-1.000000e+000
3.630500e+002,1.563400e+002,1,1,3.582800e+002,1.651100e+002
3.944500e+002,1.570900e+002,0,0,-1.000000e+000,-1.000000e+000
5.417500e+002,1.576300e+002,0,0,-1.000000e+000,-1.000000e+000
5.977900e+002,1.573100e+002,1,1,5.955500e+002,1.647300e+002
6.036500e+002,1.576100e+002,0,0,-1.000000e+000,-1.000000e+000
3.776300e+002,1.583700e+002,0,0,-1.000000e+000,-1.000000e+000
4.915600e+002,1.583000e+002,0,0,-1.000000e+000,-1.000000e+000
5.125600e+002,1.586100e+002,0,0,-1.000000e+000,-1.000000e+000
2.592400e+002,1.598300e+002,0,0,-1.000000e+000,-1.000000e+000
5.267700e+002,1.624900e+002,1,1,5.243700e+002,1.701800e+002
3.306000e+002,1.644700e+002,0,0,-1.000000e+000,-1.000000e+000
3.260000e+002,1.655300e+002,0,0,-1.000000e+000,-1.000000e+000
3.590000e+002,1.684200e+002,1,1,3.572800e+002,1.770900e+002
2.956200e+002,1.704800e+002,0,0,-1.000000e+000,-1.000000e+000
3.641000e+002,1.710500e+002,0,0,-1.000000e+000,-1.000000e+000
2.009600e+002,1.714500e+002,1,0,2.021500e+002,2.120900e+002
3.024900e+002,1.713100e+002,0,0,-1.000000e+000,-1.000000e+000
3.710600e+002,1.714400e+002,0,0,-1.000000e+000,-1.000000e+000
5.331600e+002,1.715200e+002,0,0,-1.000000e+000,-1.000000e+000
2.190700e+002,1.720800e+002,1,1,2.171100e+002,1.806000e+002
3.670500e+002,1.725200e+002,0,0,-1.000000e+000,-1.000000e+000
5.560900e+002,1.737000e+002,0,0,-1.000000e+000,-1.000000e+000
5.985800e+002,1.737200e+002,0,0,-1.000000e+000,-1.000000e+000
5.418200e+002,1.747300e+002,1,1,5.405600e+002,1.820400e+002
5.956000e+002,1.751100e+002,0,0,-1.000000e+000,-1.000000e+000
5.905500e+002,1.775000e+002,0,0,-1.000000e+000,-1.000000e+000
6.178100e+002,1.773300e+002,1,1,6.155400e+002,1.846500e+002
1.700600e+002,1.789400e+002,1,1,1.684800e+002,1.868200e+002
2.637700e+002,1.788300e+002,0,0,-1.000000e+000,-1.000000e+000
6.118300e+002,1.803200e+002,0,0,-1.000000e+000,-1.000000e+000
2.485800e+002,1.824300e+002,0,0,-1.000000e+000,-1.000000e+000
6.351400e+002,1.831400e+002,0,0,-1.000000e+000,-1.000000e+000
6.351400e+002,1.831400e+002,0,0,-1.000000e+000,-1.000000e+000
3.855800e+002,1.834500e+002,0,0,-1.000000e+000,-1.000000e+000
3.971200e+002,1.836300e+002,0,0,-1.000000e+000,-1.000000e+000
6.173900e+002,1.834700e+002,0,0,-1.000000e+000,-1.000000e+000
6.173900e+002,1.834700e+002,0,0,-1.000000e+000,-1.000000e+000
6.032900e+002,1.857500e+002,0,0,-1.000000e+000,-1.000000e+000
5.622200e+002,1.862000e+002,1,1,5.601000e+002,1.940300e+002
5.760800e+002,1.858700e+002,1,1,5.741400e+002,1.932400e+002
4.033800e+002,1.865300e+002,0,0,-1.000000e+000,-1.000000e+000
5.982900e+002,1.871200e+002,0,0,-1.000000e+000,-1.000000e+000
5.982900e+002,1.871200e+002,0,0,-1.000000e+000,-1.000000e+000
6.281800e+002,1.877200e+002,0,0,-1.000000e+000,-1.000000e+000
6.202600e+002,1.879500e+002,0,0,-1.000000e+000,-1.000000e+000
3.560700e+002,1.890600e+002,0,0,-1.000000e+000,-1.000000e+000
2.221200e+002,1.894200e+002,0,0,-1.000000e+000,-1.000000e+000
5.949100e+002,1.902400e+002,0,0,-1.000000e+000,-1.000000e+000
5.992000e+002,1.900900e+002,0,0,-1.000000e+000,-1.000000e+000
2.225400e+002,1.919400e+002,0,0,-1.000000e+000,-1.000000e+000
4.014200e+002,1.922300e+002,0,0,-1.000000e+000,-1.000000e+000
5.917800e+002,1.918500e+002,0,0,-1.000000e+000,-1.000000e+000
3.230700e+002,1.928400e+002,0,0,-1.000000e+000,-1.000000e+000
6.357100e+002,1.931200e+002,0,0,-1.000000e+000,-1.000000e+000
2.167000e+002,1.935000e+002,0,0,-1.000000e+000,-1.000000e+000
5.826200e+002,1.935200e+002,0,0,-1.000000e+000,-1.000000e+000
1.688300e+002,1.941300e+002,0,0,-1.000000e+000,-1.000000e+000
5.928600e+002,1.942500e+002,0,0,-1.000000e+000,-1.000000e+000
2.110300e+002,1.948200e+002,0,0,-1.000000e+000,-1.000000e+000
5.425900e+002,1.948000e+002,0,0,-1.000000e+000,-1.000000e+000
4.063700e+002,1.956100e+002,1,0,3.924300e+002,1.964600e+002
2.070000e+002,1.958900e+002,0,0,-1.000000e+000,-1.000000e+000
4.266500e+002,1.973400e+002,0,0,-1.000000e+000,-1.000000e+000
5.812300e+002,1.979700e+002,0,0,-1.000000e+000,-1.000000e+000
5.234000e+002,1.995100e+002,0,0,-1.000000e+000,-1.000000e+000
5.679300e+002,2.015100e+002,1,1,5.654900e+002,2.086000e+002
5.679300e+002,2.015100e+002,0,0,-1.000000e+000,-1.000000e+000
1.722000e+002,2.017700e+002,1,1,1.703500e+002,2.105500e+002
5.157600e+002,2.019300e+002,1,0,5.073900e+002,2.117700e+002
5.230000e+002,2.021300e+002,0,0,-1.000000e+000,-1.000000e+000
4.228800e+002,2.029800e+002,1,0,4.429000e+002,2.238400e+002
6.281600e+002,2.031800e+002,0,0,-1.000000e+000,-1.000000e+000
6.281600e+002,2.031800e+002,0,0,-1.000000e+000,-1.000000e+000
5.200400e+002,2.034000e+002,0,0,-1.000000e+000,-1.000000e+000
2.036500e+002,2.038800e+002,0,0,-1.000000e+000,-1.000000e+000
4.201400e+002,2.039600e+002,0,0,-1.000000e+000,-1.000000e+000
5.666000e+002,2.038500e+002,0,0,-1.000000e+000,-1.000000e+000
5.666000e+002,2.038500e+002,0,0,-1.000000e+000,-1.000000e+000
1.904200e+002,2.048400e+002,0,0,-1.000000e+000,-1.000000e+000
5.564900e+002,2.051500e+002,0,0,-1.000000e+000,-1.000000e+000
5.738400e+002,2.049400e+002,0,0,-1.000000e+000,-1.000000e+000
1.974000e+002,2.054700e+002,0,0,-1.000000e+000,-1.000000e+000
2.594400e+002,2.057100e+002,0,0,-1.000000e+000,-1.000000e+000
2.722600e+002,2.054800e+002,0,0,-1.000000e+000,-1.000000e+000
5.618300e+002,2.056200e+002,0,0,-1.000000e+000,-1.000000e+000
5.618300e+002,2.056200e+002,0,0,-1.000000e+000,-1.000000e+000
6.131900e+002,2.076500e+002,0,0,-1.000000e+000,-1.000000e+000
4.464900e+002,2.094600e+002,0,0,-1.000000e+000,-1.000000e+000
5.016200e+002,2.093900e+002,0,0,-1.000000e+000,-1.000000e+000
4.498900e+002,2.111100e+002,0,0,-1.000000e+000,-1.000000e+000
5.701300e+002,2.108200e+002,0,0,-1.000000e+000,-1.000000e+000
2.589300e+002,2.113800e+002,0,0,-1.000000e+000,-1.000000e+000
4.528600e+002,2.122700e+002,0,0,-1.000000e+000,-1.000000e+000
4.598300e+002,2.154900e+002,0,0,-1.000000e+000,-1.000000e+000
1.610700e+002,2.164600e+002,0,0,-1.000000e+000,-1.000000e+000
5.801500e+002,2.168500e+002,0,0,-1.000000e+000,-1.000000e+000
5.902600e+002,2.185300e+002,1,1,5.886500e+002,2.260000e+002
6.017200e+002,2.198300e+002,0,0,-1.000000e+000,-1.000000e+000
5.889400e+002,2.211100e+002,0,0,-1.000000e+000,-1.000000e+000
5.970400e+002,2.218200e+002,1,1,5.948600e+002,2.290300e+002
4.514400e+002,2.235000e+002,0,0,-1.000000e+000,-1.000000e+000
1.744400e+002,2.242200e+002,0,0,-1.000000e+000,-1.000000e+000
6.186600e+002,2.258400e+002,0,0,-1.000000e+000,-1.000000e+000
6.186600e+002,2.258400e+002,0,0,-1.000000e+000,-1.000000e+000
2.503700e+002,2.273000e+002,0,0,-1.000000e+000,-1.000000e+000
5.413000e+002,2.288100e+002,0,0,-1.000000e+000,-1.000000e+000
2.313100e+002,2.299500e+002,0,0,-1.000000e+000,-1.000000e+000
5.372900e+002,2.305000e+002,0,0,-1.000000e+000,-1.000000e+000
6.000900e+002,2.332200e+002,0,0,-1.000000e+000,-1.000000e+000
6.046700e+002,2.338000e+002,0,0,-1.000000e+000,-1.000000e+000
6.046700e+002,2.338000e+002,1,1,6.039300e+002,2.404400e+002
6.080500e+002,2.347100e+002,0,0,-1.000000e+000,-1.000000e+000
2.274600e+002,2.347100e+002,0,0,-1.000000e+000,-1.000000e+000
2.898300e+002,2.367100e+002,0,0,-1.000000e+000,-1.000000e+000
1.634400e+002,2.375500e+002,0,0,-1.000000e+000,-1.000000e+000
2.870800e+002,2.376400e+002,0,0,-1.000000e+000,-1.000000e+000
4.736900e+002,2.373000e+002,0,0,-1.000000e+000,-1.000000e+000
1.661100e+002,2.386400e+002,0,0,-1.000000e+000,-1.000000e+000
2.334500e+002,2.384700e+002,0,0,-1.000000e+000,-1.000000e+000
2.450700e+002,2.419100e+002,0,0,-1.000000e+000,-1.000000e+000
2.957900e+002,2.426500e+002,0,0,-1.000000e+000,-1.000000e+000
2.508900e+002,2.434100e+002,0,0,-1.000000e+000,-1.000000e+000
2.044700e+002,2.456400e+002,1,1,2.023100e+002,2.539400e+002
3.014400e+002,2.474200e+002,0,0,-1.000000e+000,-1.000000e+000
2.056000e+002,2.481700e+002,0,0,-1.000000e+000,-1.000000e+000
2.991300e+002,2.486700e+002,0,0,-1.000000e+000,-1.000000e+000
1.978000e+002,2.500900e+002,1,1,1.955300e+002,2.590000e+002
2.436500e+002,2.515400e+002,0,0,-1.000000e+000,-1.000000e+000
3.028400e+002,2.519900e+002,1,1,2.974500e+002,2.579600e+002
1.881600e+002,2.529300e+002,0,0,-1.000000e+000,-1.000000e+000
3.080200e+002,2.536400e+002,0,0,-1.000000e+000,-1.000000e+000
4.677900e+002,2.535300e+002,0,0,-1.000000e+000,-1.000000e+000
1.649200e+002,2.538000e+002,1,1,1.623800e+002,2.618700e+002
3.058000e+002,2.547900e+002,0,0,-1.000000e+000,-1.000000e+000
4.684800e+002,2.560600e+002,0,0,-1.000000e+000,-1.000000e+000
3.087400e+002,2.576900e+002,0,0,-1.000000e+000,-1.000000e+000
4.556900e+002,2.593500e+002,0,0,-1.000000e+000,-1.000000e+000
3.114800e+002,2.601400e+002,0,0,-1.000000e+000,-1.000000e+000
1.758400e+002,2.624800e+002,0,0,-1.000000e+000,-1.000000e+000
1.758400e+002,2.624800e+002,0,0,-1.000000e+000,-1.000000e+000
1.499800e+002,2.632900e+002,0,0,-1.000000e+000,-1.000000e+000
1.677400e+002,2.651500e+002,0,0,-1.000000e+000,-1.000000e+000
4.190200e+002,2.699700e+002,0,0,-1.000000e+000,-1.000000e+000
4.603100e+002,2.721600e+002,0,0,-1.000000e+000,-1.000000e+000
3.300900e+002,2.740600e+002,0,0,-1.000000e+000,-1.000000e+000
4.841800e+002,2.744800e+002,0,0,-1.000000e+000,-1.000000e+000
3.280700e+002,2.755600e+002,0,0,-1.000000e+000,-1.000000e+000
1.202400e+002,2.790100e+002,0,0,-1.000000e+000,-1.000000e+000
1.227800e+002,2.811100e+002,0,0,-1.000000e+000,-1.000000e+000
1.227800e+002,2.811100e+002,1,1,1.197100e+002,2.915300e+002
2.789800e+002,2.848200e+002,0,0,-1.000000e+000,-1.000000e+000
2.739400e+002,2.876600e+002,0,0,-1.000000e+000,-1.000000e+000
3.644300e+002,2.873600e+002,0,0,-1.000000e+000,-1.000000e+000
2.633900e+002,2.880100e+002,0,0,-1.000000e+000,-1.000000e+000
4.813900e+002,2.886000e+002,0,0,-1.000000e+000,-1.000000e+000
9.495000e+001,2.890200e+002,1,0,1.063300e+002,2.941100e+002
8.308000e+001,2.898100e+002,0,0,-1.000000e+000,-1.000000e+000
8.296000e+001,2.926300e+002,0,0,-1.000000e+000,-1.000000e+000
6.768000e+001,2.943000e+002,0,0,-1.000000e+000,-1.000000e+000
3.631100e+002,2.945600e+002,0,0,-1.000000e+000,-1.000000e+000
5.059500e+002,2.943900e+002,0,0,-1.000000e+000,-1.000000e+000
5.059500e+002,2.943900e+002,0,0,-1.000000e+000,-1.000000e+000
6.720000e+001,2.971300e+002,0,0,-1.000000e+000,-1.000000e+000
4.631000e+002,2.975400e+002,0,0,-1.000000e+000,-1.000000e+000
4.631000e+002,2.975400e+002,0,0,-1.000000e+000,-1.000000e+000
4.752000e+002,3.003900e+002,1,1,4.732900e+002,3.081700e+002
2.185900e+002,3.046600e+002,0,0,-1.000000e+000,-1.000000e+000
1.596200e+002,3.050500e+002,1,1,1.569600e+002,3.141700e+002
1.596200e+002,3.050500e+002,0,0,-1.000000e+000,-1.000000e+000
2.057400e+002,3.050400e+002,0,0,-1.000000e+000,-1.000000e+000
2.057700e+002,3.076700e+002,0,0,-1.000000e+000,-1.000000e+000
5.283000e+002,3.095200e+002,0,0,-1.000000e+000,-1.000000e+000
2.606400e+002,3.101300e+002,0,0,-1.000000e+000,-1.000000e+000
2.031000e+002,3.109700e+002,0,0,-1.000000e+000,-1.000000e+000
2.632000e+002,3.130900e+002,0,0,-1.000000e+000,-1.000000e+000
1.314400e+002,3.136100e+002,0,0,-1.000000e+000,-1.000000e+000
1.788500e+002,3.139900e+002,1,1,1.772100e+002,3.223900e+002
1.788500e+002,3.139900e+002,1,1,1.772100e+002,3.223900e+002
1.837700e+002,3.142000e+002,0,0,-1.000000e+000,-1.000000e+000
5.465000e+002,3.168800e+002,0,0,-1.000000e+000,-1.000000e+000
5.465000e+002,3.168800e+002,0,0,-1.000000e+000,-1.000000e+000
2.347600e+002,3.199100e+002,0,0,-1.000000e+000,-1.000000e+000
1.158200e+002,3.225700e+002,1,0,1.065300e+002,3.334400e+002
2.093400e+002,3.227800e+002,0,0,-1.000000e+000,-1.000000e+000
1.786900e+002,3.251000e+002,0,0,-1.000000e+000,-1.000000e+000
1.786900e+002,3.251000e+002,0,0,-1.000000e+000,-1.000000e+000
2.116000e+002,3.250600e+002,0,0,-1.000000e+000,-1.000000e+000
2.089700e+002,3.257300e+002,0,0,-1.000000e+000,-1.000000e+000
5.704900e+002,3.275300e+002,0,0,-1.000000e+000,-1.000000e+000
1.719000e+002,3.294200e+002,0,0,-1.000000e+000,-1.000000e+000
1.719000e+002,3.294200e+002,0,0,-1.000000e+000,-1.000000e+000
1.846000e+002,3.296900e+002,0,0,-1.000000e+000,-1.000000e+000
2.173300e+002,3.312500e+002,1,0,2.648600e+002,3.689600e+002
1.650800e+002,3.338400e+002,0,0,-1.000000e+000,-1.000000e+000
1.650800e+002,3.338400e+002,0,0,-1.000000e+000,-1.000000e+000
1.464000e+002,3.374800e+002,0,0,-1.000000e+000,-1.000000e+000
1.916000e+002,3.374000e+002,0,0,-1.000000e+000,-1.000000e+000
5.660100e+002,3.374200e+002,0,0,-1.000000e+000,-1.000000e+000
2.232600e+002,3.378300e+002,0,0,-1.000000e+000,-1.000000e+000
2.206800e+002,3.385700e+002,0,0,-1.000000e+000,-1.000000e+000
1.367000e+002,3.396600e+002,1,0,1.075100e+002,3.643300e+002
3.380300e+002,3.394500e+002,1,1,3.361000e+002,3.473300e+002
3.301000e+002,3.400400e+002,1,1,3.276900e+002,3.485300e+002
1.287200e+002,3.406600e+002,0,0,-1.000000e+000,-1.000000e+000
1.287200e+002,3.406600e+002,0,0,-1.000000e+000,-1.000000e+000
1.466200e+002,3.405300e+002,0,0,-1.000000e+000,-1.000000e+000
2.264800e+002,3.413300e+002,0,0,-1.000000e+000,-1.000000e+000
3.328200e+002,3.420100e+002,0,0,-1.000000e+000,-1.000000e+000
3.363100e+002,3.418600e+002,0,0,-1.000000e+000,-1.000000e+000
1.315200e+002,3.423900e+002,0,0,-1.000000e+000,-1.000000e+000
3.161300e+002,3.427400e+002,1,0,2.999700e+002,3.559500e+002
2.104900e+002,3.429500e+002,0,0,-1.000000e+000,-1.000000e+000
1.622800e+002,3.437500e+002,0,0,-1.000000e+000,-1.000000e+000
1.778600e+002,3.432200e+002,0,0,-1.000000e+000,-1.000000e+000
1.778600e+002,3.432200e+002,0,0,-1.000000e+000,-1.000000e+000
1.511300e+002,3.443300e+002,0,0,-1.000000e+000,-1.000000e+000
1.946900e+002,3.451000e+002,0,0,-1.000000e+000,-1.000000e+000
1.209900e+002,3.455400e+002,0,0,-1.000000e+000,-1.000000e+000
1.388900e+002,3.453300e+002,0,0,-1.000000e+000,-1.000000e+000
2.060400e+002,3.463800e+002,0,0,-1.000000e+000,-1.000000e+000
1.496600e+002,3.470000e+002,0,0,-1.000000e+000,-1.000000e+000
1.496600e+002,3.470000e+002,0,0,-1.000000e+000,-1.000000e+000
1.294800e+002,3.476600e+002,0,0,-1.000000e+000,-1.000000e+000
1.851300e+002,3.481000e+002,0,0,-1.000000e+000,-1.000000e+000
5.404200e+002,3.479600e+002,0,0,-1.000000e+000,-1.000000e+000
1.695400e+002,3.486600e+002,0,0,-1.000000e+000,-1.000000e+000
1.396600e+002,3.489000e+002,0,0,-1.000000e+000,-1.000000e+000
2.135300e+002,3.495400e+002,0,0,-1.000000e+000,-1.000000e+000
1.218000e+002,3.499300e+002,0,0,-1.000000e+000,-1.000000e+000
1.538300e+002,3.499600e+002,0,0,-1.000000e+000,-1.000000e+000
1.851700e+002,3.507800e+002,0,0,-1.000000e+000,-1.000000e+000
5.800200e+002,3.514900e+002,1,1,5.791300e+002,3.583000e+002
1.101100e+002,3.518300e+002,0,0,-1.000000e+000,-1.000000e+000
1.101100e+002,3.518300e+002,1,1,1.078900e+002,3.606100e+002
1.101100e+002,3.518300e+002,0,0,-1.000000e+000,-1.000000e+000
1.148000e+002,3.521300e+002,0,0,-1.000000e+000,-1.000000e+000
1.464100e+002,3.545900e+002,0,0,-1.000000e+000,-1.000000e+000
2.910000e+002,3.545400e+002,1,0,2.710200e+002,3.696100e+002
1.762500e+002,3.562100e+002,0,0,-1.000000e+000,-1.000000e+000
2.229900e+002,3.560200e+002,0,0,-1.000000e+000,-1.000000e+000
2.229900e+002,3.560200e+002,1,1,2.210500e+002,3.644000e+002
2.401400e+002,3.559800e+002,0,0,-1.000000e+000,-1.000000e+000
1.020000e+002,3.566700e+002,0,0,-1.000000e+000,-1.000000e+000
1.020000e+002,3.566700e+002,0,0,-1.000000e+000,-1.000000e+000
1.064800e+002,3.565300e+002,0,0,-1.000000e+000,-1.000000e+000
2.435500e+002,3.597000e+002,0,0,-1.000000e+000,-1.000000e+000
1.019600e+002,3.600300e+002,0,0,-1.000000e+000,-1.000000e+000
1.378700e+002,3.598400e+002,0,0,-1.000000e+000,-1.000000e+000
9.815000e+001,3.611800e+002,0,0,-1.000000e+000,-1.000000e+000
1.405700e+002,3.619900e+002,0,0,-1.000000e+000,-1.000000e+000
7.434000e+001,3.626700e+002,1,1,7.199000e+001,3.715400e+002
2.132400e+002,3.631600e+002,0,0,-1.000000e+000,-1.000000e+000
2.132400e+002,3.631600e+002,0,0,-1.000000e+000,-1.000000e+000
5.172700e+002,3.629900e+002,0,0,-1.000000e+000,-1.000000e+000
1.788700e+002,3.634500e+002,0,0,-1.000000e+000,-1.000000e+000
5.082700e+002,3.649700e+002,0,0,-1.000000e+000,-1.000000e+000
5.399500e+002,3.650200e+002,0,0,-1.000000e+000,-1.000000e+000
1.692100e+002,3.672500e+002,0,0,-1.000000e+000,-1.000000e+000
2.100600e+002,3.689500e+002,1,0,2.187100e+002,3.695300e+002
9.346000e+001,3.693900e+002,0,0,-1.000000e+000,-1.000000e+000
1.699800e+002,3.705700e+002,0,0,-1.000000e+000,-1.000000e+000
9.499000e+001,3.718600e+002,1,1,9.252000e+001,3.809100e+002
7.637000e+001,3.731800e+002,0,0,-1.000000e+000,-1.000000e+000
5.309700e+002,3.728800e+002,0,0,-1.000000e+000,-1.000000e+000
1.152600e+002,3.732500e+002,0,0,-1.000000e+000,-1.000000e+000
8.478000e+001,3.748300e+002,0,0,-1.000000e+000,-1.000000e+000
8.478000e+001,3.748300e+002,0,0,-1.000000e+000,-1.000000e+000
9.654000e+001,3.751200e+002,0,0,-1.000000e+000,-1.000000e+000
9.654000e+001,3.751200e+002,0,0,-1.000000e+000,-1.000000e+000
1.352000e+002,3.755800e+002,0,0,-1.000000e+000,-1.000000e+000
4.928400e+002,3.756400e+002,0,0,-1.000000e+000,-1.000000e+000
1.486800e+002,3.771800e+002,0,0,-1.000000e+000,-1.000000e+000
1.486800e+002,3.771800e+002,0,0,-1.000000e+000,-1.000000e+000
5.175600e+002,3.772500e+002,0,0,-1.000000e+000,-1.000000e+000
8.534000e+001,3.779500e+002,1,1,8.241000e+001,3.875400e+002
1.070200e+002,3.784300e+002,0,0,-1.000000e+000,-1.000000e+000
1.638900e+002,3.789300e+002,0,0,-1.000000e+000,-1.000000e+000
4.800900e+002,3.795300e+002,0,0,-1.000000e+000,-1.000000e+000
1.608500e+002,3.798700e+002,0,0,-1.000000e+000,-1.000000e+000
1.902600e+002,3.798600e+002,0,0,-1.000000e+000,-1.000000e+000
1.902600e+002,3.798600e+002,0,0,-1.000000e+000,-1.000000e+000
1.150200e+002,3.820300e+002,0,0,-1.000000e+000,-1.000000e+000
4.802000e+002,3.821700e+002,1,0,4.561000e+002,4.016700e+002
5.919000e+001,3.837700e+002,0,0,-1.000000e+000,-1.000000e+000
1.320900e+002,3.847700e+002,0,0,-1.000000e+000,-1.000000e+000
1.275100e+002,3.853800e+002,0,0,-1.000000e+000,-1.000000e+000
1.860600e+002,3.859700e+002,0,0,-1.000000e+000,-1.000000e+000
4.548000e+001,3.865500e+002,0,0,-1.000000e+000,-1.000000e+000
9.853000e+001,3.873600e+002,0,0,-1.000000e+000,-1.000000e+000
7.923000e+001,3.894800e+002,0,0,-1.000000e+000,-1.000000e+000
1.042100e+002,3.893100e+002,0,0,-1.000000e+000,-1.000000e+000
1.042100e+002,3.893100e+002,0,0,-1.000000e+000,-1.000000e+000
1.192600e+002,3.906400e+002,0,0,-1.000000e+000,-1.000000e+000
1.192600e+002,3.906400e+002,0,0,-1.000000e+000,-1.000000e+000
1.745200e+002,3.911300e+002,0,0,-1.000000e+000,-1.000000e+000
1.745200e+002,3.911300e+002,0,0,-1.000000e+000,-1.000000e+000
4.588500e+002,3.929600e+002,0,0,-1.000000e+000,-1.000000e+000
6.150000e+001,3.968800e+002,0,0,-1.000000e+000,-1.000000e+000
6.150000e+001,3.968800e+002,0,0,-1.000000e+000,-1.000000e+000
1.656800e+002,3.973800e+002,0,0,-1.000000e+000,-1.000000e+000
1.656800e+002,3.973800e+002,0,0,-1.000000e+000,-1.000000e+000
7.244000e+001,3.997900e+002,0,0,-1.000000e+000,-1.000000e+000
1.026400e+002,4.015800e+002,0,0,-1.000000e+000,-1.000000e+000
1.026400e+002,4.015800e+002,0,0,-1.000000e+000,-1.000000e+000
1.600100e+002,4.015000e+002,0,0,-1.000000e+000,-1.000000e+000
1.600100e+002,4.015000e+002,0,0,-1.000000e+000,-1.000000e+000
4.713500e+002,4.018800e+002,0,0,-1.000000e+000,-1.000000e+000
1.304900e+002,4.023800e+002,0,0,-1.000000e+000,-1.000000e+000
5.198000e+001,4.061100e+002,0,0,-1.000000e+000,-1.000000e+000
1.542700e+002,4.057900e+002,0,0,-1.000000e+000,-1.000000e+000
1.542700e+002,4.057900e+002,0,0,-1.000000e+000,-1.000000e+000
1.204800e+002,4.091300e+002,0,0,-1.000000e+000,-1.000000e+000
4.188100e+002,4.131700e+002,0,0,-1.000000e+000,-1.000000e+000
3.388000e+001,4.137300e+002,0,0,-1.000000e+000,-1.000000e+000
3.388000e+001,4.137300e+002,0,0,-1.000000e+000,-1.000000e+000
3.388000e+001,4.137300e+002,0,0,-1.000000e+000,-1.000000e+000
1.435700e+002,4.135000e+002,0,0,-1.000000e+000,-1.000000e+000
1.435700e+002,4.135000e+002,0,0,-1.000000e+000,-1.000000e+000
1.463100e+002,4.144700e+002,1,1,1.429200e+002,4.239800e+002
5.784000e+001,4.147600e+002,0,0,-1.000000e+000,-1.000000e+000
5.784000e+001,4.147600e+002,0,0,-1.000000e+000,-1.000000e+000
1.768000e+001,4.153900e+002,0,0,-1.000000e+000,-1.000000e+000
4.104800e+002,4.172100e+002,0,0,-1.000000e+000,-1.000000e+000
4.074900e+002,4.188300e+002,0,0,-1.000000e+000,-1.000000e+000
2.406000e+001,4.197100e+002,0,0,-1.000000e+000,-1.000000e+000
2.406000e+001,4.197100e+002,0,0,-1.000000e+000,-1.000000e+000
8.440000e+001,4.193300e+002,0,0,-1.000000e+000,-1.000000e+000
8.440000e+001,4.193300e+002,0,0,-1.000000e+000,-1.000000e+000
6.387000e+001,4.200200e+002,0,0,-1.000000e+000,-1.000000e+000
3.962700e+002,4.216000e+002,0,0,-1.000000e+000,-1.000000e+000
7.557000e+001,4.224700e+002,1,1,7.240000e+001,4.316500e+002
1.269000e+002,4.257000e+002,0,0,-1.000000e+000,-1.000000e+000
1.269000e+002,4.257000e+002,0,0,-1.000000e+000,-1.000000e+000
3.886100e+002,4.253900e+002,1,0,3.965200e+002,4.288500e+002
3.942300e+002,4.254400e+002,0,0,-1.000000e+000,-1.000000e+000
4.438000e+001,4.280400e+002,0,0,-1.000000e+000,-1.000000e+000
1.271300e+002,4.285400e+002,0,0,-1.000000e+000,-1.000000e+000
6.622000e+001,4.311900e+002,0,0,-1.000000e+000,-1.000000e+000
6.622000e+001,4.311900e+002,0,0,-1.000000e+000,-1.000000e+000
2.577000e+001,4.338100e+002,0,0,-1.000000e+000,-1.000000e+000
3.461000e+001,4.343100e+002,0,0,-1.000000e+000,-1.000000e+000
5.718000e+001,4.347800e+002,0,0,-1.000000e+000,-1.000000e+000
3.761100e+002,4.344300e+002,0,0,-1.000000e+000,-1.000000e+000
6.198000e+001,4.365600e+002,1,1,5.989000e+001,4.454900e+002
6.198000e+001,4.365600e+002,0,0,-1.000000e+000,-1.000000e+000
1.160300e+002,4.364400e+002,0,0,-1.000000e+000,-1.000000e+000
1.062200e+002,4.403900e+002,0,0,-1.000000e+000,-1.000000e+000
1.062200e+002,4.403900e+002,0,0,-1.000000e+000,-1.000000e+000
1.100500e+002,4.407800e+002,0,0,-1.000000e+000,-1.000000e+000
1.025300e+002,4.430000e+002,0,0,-1.000000e+000,-1.000000e+000
1.025300e+002,4.430000e+002,0,0,-1.000000e+000,-1.000000e+000
1.069500e+002,4.430000e+002,0,0,-1.000000e+000,-1.000000e+000
3.732000e+001,4.437700e+002,0,0,-1.000000e+000,-1.000000e+000
9.848000e+001,4.491100e+002,0,0,-1.000000e+000,-1.000000e+000
2.703000e+001,4.503600e+002,0,0,-1.000000e+000,-1.000000e+000
9.154000e+001,4.506400e+002,0,0,-1.000000e+000,-1.000000e+000
9.154000e+001,4.506400e+002,0,0,-1.000000e+000,-1.000000e+000
3.394500e+002,4.525300e+002,0,0,-1.000000e+000,-1.000000e+000
3.333100e+002,4.555500e+002,0,0,-1.000000e+000,-1.000000e+000
8.970000e+000,4.579000e+002,0,0,-1.000000e+000,-1.000000e+000
1.352000e+001,4.586300e+002,0,0,-1.000000e+000,-1.000000e+000
7.862000e+001,4.593600e+002,0,0,-1.000000e+000,-1.000000e+000
7.862000e+001,4.593600e+002,0,0,-1.000000e+000,-1.000000e+000
7.214000e+001,4.637800e+002,0,0,-1.000000e+000,-1.000000e+000
2.114000e+001,4.657700e+002,0,0,-1.000000e+000,-1.000000e+000
6.903000e+001,4.655600e+002,0,0,-1.000000e+000,-1.000000e+000
6.903000e+001,4.655600e+002,0,0,-1.000000e+000,-1.000000e+000
7.274000e+001,4.663400e+002,0,0,-1.000000e+000,-1.000000e+000
7.006000e+001,4.677700e+002,0,0,-1.000000e+000,-1.000000e+000
6.041000e+001,4.712500e+002,0,0,-1.000000e+000,-1.000000e+000
6.041000e+001,4.712500e+002,1,0,8.745000e+001,4.608400e+002
5.597000e+001,4.740800e+002,0,0,-1.000000e+000,-1.000000e+000
5.597000e+001,4.740800e+002,0,0,-1.000000e+000,-1.000000e+000
5.314000e+001,4.758700e+002,0,0,-1.000000e+000,-1.000000e+000
5.314000e+001,4.758700e+002,0,0,-1.000000e+000,-1.000000e+000
2.844300e+002,4.762600e+002,0,0,-1.000000e+000,-1.000000e+000
6.312100e+002,9.380000e+000,1,0,6.284300e+002,1.726000e+001
6.279400e+002,1.354000e+001,1,1,6.243600e+002,2.140000e+001
5.170600e+002,1.568000e+001,0,0,-1.000000e+000,-1.000000e+000
6.260800e+002,2.575000e+001,0,0,-1.000000e+000,-1.000000e+000
5.999700e+002,5.429000e+001,0,0,-1.000000e+000,-1.000000e+000
6.045100e+002,5.646000e+001,0,0,-1.000000e+000,-1.000000e+000
5.371400e+002,6.216000e+001,1,1,5.343000e+002,7.012000e+001
5.326800e+002,7.388000e+001,0,0,-1.000000e+000,-1.000000e+000
5.352500e+002,8.447000e+001,0,0,-1.000000e+000,-1.000000e+000
5.352500e+002,8.447000e+001,0,0,-1.000000e+000,-1.000000e+000
5.300500e+002,1.138500e+002,0,0,-1.000000e+000,-1.000000e+000
5.295100e+002,1.199200e+002,0,0,-1.000000e+000,-1.000000e+000
6.124700e+002,1.230100e+002,0,0,-1.000000e+000,-1.000000e+000
4.061400e+002,1.330600e+002,0,0,-1.000000e+000,-1.000000e+000
3.707000e+001,1.420000e+002,1,0,6.064000e+001,1.455800e+002
4.557900e+002,1.421400e+002,0,0,-1.000000e+000,-1.000000e+000
5.273000e+002,1.476000e+002,1,1,5.247700e+002,1.553400e+002
4.210000e+000,1.481100e+002,0,0,-1.000000e+000,-1.000000e+000
4.188000e+002,1.480200e+002,0,0,-1.000000e+000,-1.000000e+000
4.635500e+002,1.481400e+002,0,0,-1.000000e+000,-1.000000e+000
4.758200e+002,1.497400e+002,0,0,-1.000000e+000,-1.000000e+000
4.981200e+002,1.579100e+002,1,1,4.956700e+002,1.654900e+002
5.980000e+002,1.600600e+002,1,1,5.954700e+002,1.674400e+002
4.981700e+002,1.610200e+002,0,0,-1.000000e+000,-1.000000e+000
5.873600e+002,1.645800e+002,1,1,5.841000e+002,1.720300e+002
3.590700e+002,1.659000e+002,0,0,-1.000000e+000,-1.000000e+000
6.087800e+002,1.665900e+002,1,1,6.063300e+002,1.738000e+002
6.076000e+002,1.702000e+002,0,0,-1.000000e+000,-1.000000e+000
5.744600e+002,1.706900e+002,0,0,-1.000000e+000,-1.000000e+000
5.877200e+002,1.756200e+002,0,0,-1.000000e+000,-1.000000e+000
3.835100e+002,1.772000e+002,1,1,3.822900e+002,1.853100e+002
5.735800e+002,1.840400e+002,1,1,5.721500e+002,1.914600e+002
4.116700e+002,1.900400e+002,0,0,-1.000000e+000,-1.000000e+000
5.697700e+002,1.907000e+002,0,0,-1.000000e+000,-1.000000e+000
5.308000e+002,1.965300e+002,1,1,5.288700e+002,2.039900e+002
4.136700e+002,2.003900e+002,0,0,-1.000000e+000,-1.000000e+000
6.225300e+002,2.060900e+002,1,1,6.200600e+002,2.135200e+002
6.225300e+002,2.060900e+002,1,1,6.200600e+002,2.135200e+002
1.887000e+002,2.080900e+002,0,0,-1.000000e+000,-1.000000e+000
4.498800e+002,2.078500e+002,0,0,-1.000000e+000,-1.000000e+000
2.595700e+002,2.084400e+002,0,0,-1.000000e+000,-1.000000e+000
1.746600e+002,2.089900e+002,0,0,-1.000000e+000,-1.000000e+000
1.783400e+002,2.111500e+002,0,0,-1.000000e+000,-1.000000e+000
6.147700e+002,2.107900e+002,0,0,-1.000000e+000,-1.000000e+000
6.147700e+002,2.107900e+002,0,0,-1.000000e+000,-1.000000e+000
5.787300e+002,2.121300e+002,1,1,5.772000e+002,2.197700e+002
5.751300e+002,2.137600e+002,0,0,-1.000000e+000,-1.000000e+000
6.326100e+002,2.164300e+002,0,0,-1.000000e+000,-1.000000e+000
4.630800e+002,2.176300e+002,0,0,-1.000000e+000,-1.000000e+000
4.418000e+002,2.178300e+002,0,0,-1.000000e+000,-1.000000e+000
6.095400e+002,2.178500e+002,1,1,6.078200e+002,2.251900e+002
6.051000e+002,2.205400e+002,0,0,-1.000000e+000,-1.000000e+000
4.816300e+002,2.218800e+002,1,1,4.795600e+002,2.294400e+002
4.816300e+002,2.218800e+002,1,1,4.795600e+002,2.294400e+002
6.017800e+002,2.228800e+002,0,0,-1.000000e+000,-1.000000e+000
4.775300e+002,2.270900e+002,1,1,4.750600e+002,2.349900e+002
5.281500e+002,2.291900e+002,0,0,-1.000000e+000,-1.000000e+000
6.087300e+002,2.316600e+002,0,0,-1.000000e+000,-1.000000e+000
6.087300e+002,2.316600e+002,0,0,-1.000000e+000,-1.000000e+000
2.373200e+002,2.319900e+002,0,0,-1.000000e+000,-1.000000e+000
5.794300e+002,2.326700e+002,0,0,-1.000000e+000,-1.000000e+000
2.302400e+002,2.331800e+002,0,0,-1.000000e+000,-1.000000e+000
2.302400e+002,2.331800e+002,0,0,-1.000000e+000,-1.000000e+000
1.761700e+002,2.348300e+002,1,1,1.744800e+002,2.423500e+002
1.761700e+002,2.348300e+002,0,0,-1.000000e+000,-1.000000e+000
2.563800e+002,2.389400e+002,0,0,-1.000000e+000,-1.000000e+000
1.768100e+002,2.421800e+002,1,1,1.749600e+002,2.504600e+002
1.673000e+002,2.468900e+002,0,0,-1.000000e+000,-1.000000e+000
2.566200e+002,2.512200e+002,1,1,2.540000e+002,2.597000e+002
2.466400e+002,2.533900e+002,0,0,-1.000000e+000,-1.000000e+000
1.716000e+002,2.668300e+002,0,0,-1.000000e+000,-1.000000e+000
2.786000e+002,2.846800e+002,0,0,-1.000000e+000,-1.000000e+000
1.559300e+002,2.915800e+002,0,0,-1.000000e+000,-1.000000e+000
4.815100e+002,2.931600e+002,1,1,4.803700e+002,3.008400e+002
3.571900e+002,2.972400e+002,0,0,-1.000000e+000,-1.000000e+000
3.571900e+002,2.972400e+002,0,0,-1.000000e+000,-1.000000e+000
4.404900e+002,2.986700e+002,0,0,-1.000000e+000,-1.000000e+000
1.352000e+001,3.024200e+002,0,0,-1.000000e+000,-1.000000e+000
1.046000e+001,3.032700e+002,0,0,-1.000000e+000,-1.000000e+000
4.300000e+000,3.048600e+002,0,0,-1.000000e+000,-1.000000e+000
2.079600e+002,3.049000e+002,0,0,-1.000000e+000,-1.000000e+000
6.263900e+002,3.053300e+002,0,0,-1.000000e+000,-1.000000e+000
2.068000e+002,3.196300e+002,0,0,-1.000000e+000,-1.000000e+000
5.721400e+002,3.314200e+002,1,1,5.710100e+002,3.394000e+002
5.686200e+002,3.327200e+002,1,1,5.674800e+002,3.400900e+002
1.889300e+002,3.330200e+002,0,0,-1.000000e+000,-1.000000e+000
1.365800e+002,3.363500e+002,0,0,-1.000000e+000,-1.000000e+000
1.365800e+002,3.363500e+002,0,0,-1.000000e+000,-1.000000e+000
1.945600e+002,3.372100e+002,0,0,-1.000000e+000,-1.000000e+000
1.945600e+002,3.372100e+002,0,0,-1.000000e+000,-1.000000e+000
1.276200e+002,3.376000e+002,0,0,-1.000000e+000,-1.000000e+000
5.566800e+002,3.393900e+002,0,0,-1.000000e+000,-1.000000e+000
2.030000e+002,3.419000e+002,0,0,-1.000000e+000,-1.000000e+000
2.289400e+002,3.438300e+002,0,0,-1.000000e+000,-1.000000e+000
1.472900e+002,3.445600e+002,0,0,-1.000000e+000,-1.000000e+000
1.656100e+002,3.455900e+002,1,1,1.635700e+002,3.541500e+002
1.910700e+002,3.463500e+002,0,0,-1.000000e+000,-1.000000e+000
1.910700e+002,3.463500e+002,0,0,-1.000000e+000,-1.000000e+000
1.361500e+002,3.472800e+002,0,0,-1.000000e+000,-1.000000e+000
1.214300e+002,3.497200e+002,0,0,-1.000000e+000,-1.000000e+000
1.880500e+002,3.500300e+002,0,0,-1.000000e+000,-1.000000e+000
1.725000e+002,3.502400e+002,0,0,-1.000000e+000,-1.000000e+000
1.200400e+002,3.532400e+002,0,0,-1.000000e+000,-1.000000e+000
1.317700e+002,3.544300e+002,0,0,-1.000000e+000,-1.000000e+000
1.094400e+002,3.553800e+002,0,0,-1.000000e+000,-1.000000e+000
1.102200e+002,3.590100e+002,0,0,-1.000000e+000,-1.000000e+000
9.427000e+001,3.616700e+002,0,0,-1.000000e+000,-1.000000e+000
9.427000e+001,3.616700e+002,0,0,-1.000000e+000,-1.000000e+000
1.094200e+002,3.631500e+002,0,0,-1.000000e+000,-1.000000e+000
1.641600e+002,3.631900e+002,0,0,-1.000000e+000,-1.000000e+000
1.020100e+002,3.639200e+002,0,0,-1.000000e+000,-1.000000e+000
1.753300e+002,3.644800e+002,0,0,-1.000000e+000,-1.000000e+000
1.753300e+002,3.644800e+002,0,0,-1.000000e+000,-1.000000e+000
1.130800e+002,3.655100e+002,0,0,-1.000000e+000,-1.000000e+000
1.130800e+002,3.655100e+002,0,0,-1.000000e+000,-1.000000e+000
1.043300e+002,3.662100e+002,0,0,-1.000000e+000,-1.000000e+000
8.568000e+001,3.668000e+002,1,1,8.315000e+001,3.754600e+002
1.745200e+002,3.675900e+002,0,0,-1.000000e+000,-1.000000e+000
1.016900e+002,3.679500e+002,0,0,-1.000000e+000,-1.000000e+000
1.596500e+002,3.687600e+002,0,0,-1.000000e+000,-1.000000e+000
1.048000e+002,3.703400e+002,0,0,-1.000000e+000,-1.000000e+000
1.048000e+002,3.703400e+002,0,0,-1.000000e+000,-1.000000e+000
8.557000e+001,3.713200e+002,0,0,-1.000000e+000,-1.000000e+000
4.920700e+002,3.730600e+002,0,0,-1.000000e+000,-1.000000e+000
7.323000e+001,3.739900e+002,0,0,-1.000000e+000,-1.000000e+000
7.323000e+001,3.739900e+002,0,0,-1.000000e+000,-1.000000e+000
7.323000e+001,3.739900e+002,0,0,-1.000000e+000,-1.000000e+000
7.833000e+001,3.735800e+002,0,0,-1.000000e+000,-1.000000e+000
1.186800e+002,3.759400e+002,0,0,-1.000000e+000,-1.000000e+000
1.238000e+002,3.774500e+002,0,0,-1.000000e+000,-1.000000e+000
6.424000e+001,3.792200e+002,0,0,-1.000000e+000,-1.000000e+000
6.424000e+001,3.792200e+002,0,0,-1.000000e+000,-1.000000e+000
1.274600e+002,3.800200e+002,0,0,-1.000000e+000,-1.000000e+000
8.832000e+001,3.805100e+002,0,0,-1.000000e+000,-1.000000e+000
8.832000e+001,3.805100e+002,1,1,8.587000e+001,3.894100e+002
1.097300e+002,3.804900e+002,0,0,-1.000000e+000,-1.000000e+000
1.097300e+002,3.804900e+002,0,0,-1.000000e+000,-1.000000e+000
7.243000e+001,3.819500e+002,0,0,-1.000000e+000,-1.000000e+000
7.749000e+001,3.826300e+002,0,0,-1.000000e+000,-1.000000e+000
6.410000e+001,3.830500e+002,0,0,-1.000000e+000,-1.000000e+000
9.874000e+001,3.836300e+002,0,0,-1.000000e+000,-1.000000e+000
1.484300e+002,3.835900e+002,0,0,-1.000000e+000,-1.000000e+000
1.484300e+002,3.835900e+002,0,0,-1.000000e+000,-1.000000e+000
5.557000e+001,3.845800e+002,0,0,-1.000000e+000,-1.000000e+000
5.557000e+001,3.845800e+002,0,0,-1.000000e+000,-1.000000e+000
5.557000e+001,3.845800e+002,0,0,-1.000000e+000,-1.000000e+000
7.972000e+001,3.858600e+002,0,0,-1.000000e+000,-1.000000e+000
7.972000e+001,3.858600e+002,0,0,-1.000000e+000,-1.000000e+000
7.972000e+001,3.858600e+002,0,0,-1.000000e+000,-1.000000e+000
1.021300e+002,3.867900e+002,0,0,-1.000000e+000,-1.000000e+000
1.021300e+002,3.867900e+002,1,1,9.963000e+001,3.957900e+002
1.307500e+002,3.876500e+002,0,0,-1.000000e+000,-1.000000e+000
1.307500e+002,3.876500e+002,0,0,-1.000000e+000,-1.000000e+000
1.307500e+002,3.876500e+002,1,1,1.280200e+002,3.964200e+002
1.075300e+002,3.879200e+002,0,0,-1.000000e+000,-1.000000e+000
6.804000e+001,3.885400e+002,0,0,-1.000000e+000,-1.000000e+000
4.679500e+002,3.885100e+002,0,0,-1.000000e+000,-1.000000e+000
9.072000e+001,3.893700e+002,0,0,-1.000000e+000,-1.000000e+000
1.377000e+002,3.896200e+002,0,0,-1.000000e+000,-1.000000e+000
4.660000e+001,3.900900e+002,1,1,4.392000e+001,3.991000e+002
4.660000e+001,3.900900e+002,1,1,4.392000e+001,3.991000e+002
1.109300e+002,3.904800e+002,0,0,-1.000000e+000,-1.000000e+000
1.109300e+002,3.904800e+002,0,0,-1.000000e+000,-1.000000e+000
4.575400e+002,3.907100e+002,0,0,-1.000000e+000,-1.000000e+000
7.089000e+001,3.911900e+002,0,0,-1.000000e+000,-1.000000e+000
7.089000e+001,3.911900e+002,0,0,-1.000000e+000,-1.000000e+000
7.089000e+001,3.911900e+002,0,0,-1.000000e+000,-1.000000e+000
9.336000e+001,3.914800e+002,0,0,-1.000000e+000,-1.000000e+000
5.559000e+001,3.921600e+002,0,0,-1.000000e+000,-1.000000e+000
1.220400e+002,3.924200e+002,0,0,-1.000000e+000,-1.000000e+000
9.932000e+001,3.933000e+002,0,0,-1.000000e+000,-1.000000e+000
9.932000e+001,3.933000e+002,0,0,-1.000000e+000,-1.000000e+000
8.173000e+001,3.945300e+002,0,0,-1.000000e+000,-1.000000e+000
4.670000e+001,3.953400e+002,1,1,4.336000e+001,4.038100e+002
1.270300e+002,3.959200e+002,0,0,-1.000000e+000,-1.000000e+000
8.481000e+001,3.972300e+002,0,0,-1.000000e+000,-1.000000e+000
3.254000e+001,3.980300e+002,0,0,-1.000000e+000,-1.000000e+000
3.254000e+001,3.980300e+002,0,0,-1.000000e+000,-1.000000e+000
3.780000e+001,3.979200e+002,0,0,-1.000000e+000,-1.000000e+000
1.053100e+002,3.995700e+002,0,0,-1.000000e+000,-1.000000e+000
9.418000e+001,4.015600e+002,0,0,-1.000000e+000,-1.000000e+000
3.209000e+001,4.017600e+002,0,0,-1.000000e+000,-1.000000e+000
5.295000e+001,4.024700e+002,0,0,-1.000000e+000,-1.000000e+000
5.295000e+001,4.024700e+002,0,0,-1.000000e+000,-1.000000e+000
2.318000e+001,4.037200e+002,0,0,-1.000000e+000,-1.000000e+000
2.318000e+001,4.037200e+002,1,0,3.016000e+001,4.071600e+002
2.318000e+001,4.037200e+002,0,0,-1.000000e+000,-1.000000e+000
8.504000e+001,4.069700e+002,0,0,-1.000000e+000,-1.000000e+000
2.237000e+001,4.076400e+002,0,0,-1.000000e+000,-1.000000e+000
9.420000e+001,4.074800e+002,0,0,-1.000000e+000,-1.000000e+000
4.356000e+001,4.082300e+002,1,1,4.072000e+001,4.172600e+002
4.356000e+001,4.082300e+002,0,0,-1.000000e+000,-1.000000e+000
6.689000e+001,4.085400e+002,0,0,-1.000000e+000,-1.000000e+000
1.323000e+001,4.094200e+002,0,0,-1.000000e+000,-1.000000e+000
5.472000e+001,4.116700e+002,0,0,-1.000000e+000,-1.000000e+000
7.621000e+001,4.128500e+002,0,0,-1.000000e+000,-1.000000e+000
8.503000e+001,4.130400e+002,0,0,-1.000000e+000,-1.000000e+000
1.270000e+001,4.133600e+002,0,0,-1.000000e+000,-1.000000e+000
3.670000e+000,4.156200e+002,0,0,-1.000000e+000,-1.000000e+000
3.670000e+000,4.156200e+002,0,0,-1.000000e+000,-1.000000e+000
6.714000e+001,4.187600e+002,1,0,3.571000e+001,4.464800e+002
7.571000e+001,4.188800e+002,0,0,-1.000000e+000,-1.000000e+000
5.723000e+001,4.310500e+002,0,0,-1.000000e+000,-1.000000e+000
5.723000e+001,4.310500e+002,0,0,-1.000000e+000,-1.000000e+000
2.895000e+001,4.331900e+002,0,0,-1.000000e+000,-1.000000e+000
2.895000e+001,4.331900e+002,0,0,-1.000000e+000,-1.000000e+000
6.055000e+001,4.334100e+002,1,1,5.804000e+001,4.426700e+002
6.055000e+001,4.334100e+002,1,1,5.804000e+001,4.426700e+002
1.551000e+001,4.357300e+002,0,0,-1.000000e+000,-1.000000e+000
4.691000e+001,4.371200e+002,0,0,-1.000000e+000,-1.000000e+000
3.608000e+002,4.390600e+002,0,0,-1.000000e+000,-1.000000e+000
2.500000e+001,4.405900e+002,0,0,-1.000000e+000,-1.000000e+000
5.914000e+001,4.445800e+002,0,0,-1.000000e+000,-1.000000e+000
5.400000e+000,4.450300e+002,0,0,-1.000000e+000,-1.000000e+000
7.290000e+000,4.522700e+002,0,0,-1.000000e+000,-1.000000e+000
2.083000e+001,4.694100e+002,0,0,-1.000000e+000,-1.000000e+000
3.320500e+002,4.729500e+002,0,0,-1.000000e+000,-1.000000e+000
3.320500e+002,4.729500e+002,0,0,-1.000000e+000,-1.000000e+000
5.289500e+002,4.031000e+001,1,1,5.261000e+002,4.833000e+001
6.157200e+002,5.503000e+001,1,1,6.110000e+002,6.440000e+001
6.157200e+002,5.503000e+001,0,0,-1.000000e+000,-1.000000e+000
1.504400e+002,1.247400e+002,1,1,1.483000e+002,1.335500e+002
1.504400e+002,1.247400e+002,0,0,-1.000000e+000,-1.000000e+000
6.118700e+002,1.277200e+002,0,0,-1.000000e+000,-1.000000e+000
5.273100e+002,1.400100e+002,1,1,5.251200e+002,1.474200e+002
4.505700e+002,1.439200e+002,1,1,4.479800e+002,1.522600e+002
4.020300e+002,1.512400e+002,1,1,4.000600e+002,1.588400e+002
6.093300e+002,1.517700e+002,1,1,6.068300e+002,1.593000e+002
4.915900e+002,1.552000e+002,1,1,4.887400e+002,1.627100e+002
5.262600e+002,1.566800e+002,1,1,5.240400e+002,1.642200e+002
5.262600e+002,1.566800e+002,1,1,5.240400e+002,1.642200e+002
5.840800e+002,1.617000e+002,0,0,-1.000000e+000,-1.000000e+000
3.074400e+002,1.667800e+002,1,1,3.056800e+002,1.748600e+002
5.297000e+002,1.690200e+002,1,1,5.276300e+002,1.763100e+002
5.949400e+002,1.716000e+002,1,1,5.924000e+002,1.790700e+002
3.825400e+002,1.805800e+002,1,1,3.782000e+002,1.883300e+002
3.825400e+002,1.805800e+002,0,0,-1.000000e+000,-1.000000e+000
6.130300e+002,1.840800e+002,1,1,6.112500e+002,1.913000e+002
5.678100e+002,1.878200e+002,1,1,5.656700e+002,1.954000e+002
2.872000e+002,1.995200e+002,0,0,-1.000000e+000,-1.000000e+000
5.275200e+002,2.016400e+002,1,1,5.252600e+002,2.091200e+002
5.701400e+002,2.064900e+002,0,0,-1.000000e+000,-1.000000e+000
5.701400e+002,2.064900e+002,0,0,-1.000000e+000,-1.000000e+000
2.556900e+002,2.107100e+002,1,1,2.533500e+002,2.191800e+002
6.101500e+002,2.134300e+002,1,1,6.076700e+002,2.210500e+002
5.579100e+002,2.204900e+002,1,1,5.561400e+002,2.280200e+002
4.628900e+002,2.270400e+002,0,0,-1.000000e+000,-1.000000e+000
2.554100e+002,2.293300e+002,0,0,-1.000000e+000,-1.000000e+000
2.303300e+002,2.332800e+002,0,0,-1.000000e+000,-1.000000e+000
2.303300e+002,2.332800e+002,0,0,-1.000000e+000,-1.000000e+000
4.923900e+002,2.429000e+002,0,0,-1.000000e+000,-1.000000e+000
4.923900e+002,2.429000e+002,0,0,-1.000000e+000,-1.000000e+000
2.234700e+002,2.437500e+002,0,0,-1.000000e+000,-1.000000e+000
2.441300e+002,2.456800e+002,0,0,-1.000000e+000,-1.000000e+000
2.087200e+002,2.474900e+002,1,1,2.065600e+002,2.561400e+002
1.957700e+002,2.515800e+002,0,0,-1.000000e+000,-1.000000e+000
4.595800e+002,2.590800e+002,1,1,4.575200e+002,2.668000e+002
3.644900e+002,2.904900e+002,1,1,3.624500e+002,2.986900e+002
3.611900e+002,3.005900e+002,1,1,3.584700e+002,3.087500e+002
2.386400e+002,3.070300e+002,0,0,-1.000000e+000,-1.000000e+000
2.680000e+001,3.096300e+002,0,0,-1.000000e+000,-1.000000e+000
1.226900e+002,3.138300e+002,0,0,-1.000000e+000,-1.000000e+000
1.548000e+002,3.150100e+002,0,0,-1.000000e+000,-1.000000e+000
1.453000e+002,3.191900e+002,1,1,1.435900e+002,3.272300e+002
1.764500e+002,3.282400e+002,1,0,1.679000e+002,3.412800e+002
5.749300e+002,3.284300e+002,1,1,5.733100e+002,3.360500e+002
1.820200e+002,3.321500e+002,1,1,1.797100e+002,3.407200e+002
1.695600e+002,3.326000e+002,0,0,-1.000000e+000,-1.000000e+000
1.894200e+002,3.370900e+002,1,1,1.873500e+002,3.460300e+002
1.576200e+002,3.391500e+002,1,1,1.554800e+002,3.476200e+002
1.678000e+002,3.412600e+002,0,0,-1.000000e+000,-1.000000e+000
1.958700e+002,3.414000e+002,0,0,-1.000000e+000,-1.000000e+000
1.958700e+002,3.414000e+002,0,0,-1.000000e+000,-1.000000e+000
1.826200e+002,3.422500e+002,0,0,-1.000000e+000,-1.000000e+000
1.826200e+002,3.422500e+002,0,0,-1.000000e+000,-1.000000e+000
1.432500e+002,3.431100e+002,1,1,1.414900e+002,3.513300e+002
1.274100e+002,3.441800e+002,0,0,-1.000000e+000,-1.000000e+000
1.274100e+002,3.441800e+002,0,0,-1.000000e+000,-1.000000e+000
1.750600e+002,3.462400e+002,1,1,1.727200e+002,3.548900e+002
1.901700e+002,3.462200e+002,1,1,1.879200e+002,3.549400e+002
2.034400e+002,3.461400e+002,1,1,2.006000e+002,3.545100e+002
2.034400e+002,3.461400e+002,0,0,-1.000000e+000,-1.000000e+000
1.446000e+002,3.479100e+002,0,0,-1.000000e+000,-1.000000e+000
1.446000e+002,3.479100e+002,0,0,-1.000000e+000,-1.000000e+000
1.817800e+002,3.508700e+002,1,1,1.797200e+002,3.594200e+002
1.973300e+002,3.510300e+002,0,0,-1.000000e+000,-1.000000e+000
1.973300e+002,3.510300e+002,0,0,-1.000000e+000,-1.000000e+000
1.372100e+002,3.522700e+002,0,0,-1.000000e+000,-1.000000e+000
1.081900e+002,3.557400e+002,0,0,-1.000000e+000,-1.000000e+000
1.081900e+002,3.557400e+002,0,0,-1.000000e+000,-1.000000e+000
1.897300e+002,3.553000e+002,0,0,-1.000000e+000,-1.000000e+000
1.866200e+002,3.593700e+002,1,1,1.850200e+002,3.683000e+002
1.001800e+002,3.605700e+002,0,0,-1.000000e+000,-1.000000e+000
1.001800e+002,3.605700e+002,0,0,-1.000000e+000,-1.000000e+000
1.059200e+002,3.606000e+002,1,1,1.034700e+002,3.696100e+002
9.168000e+001,3.654500e+002,1,1,8.943000e+001,3.742700e+002
1.608500e+002,3.656500e+002,1,1,1.589100e+002,3.744300e+002
1.192900e+002,3.710000e+002,1,1,1.169200e+002,3.796400e+002
1.025400e+002,3.738100e+002,0,0,-1.000000e+000,-1.000000e+000
1.025400e+002,3.738100e+002,0,0,-1.000000e+000,-1.000000e+000
1.602500e+002,3.752200e+002,1,1,1.580100e+002,3.839700e+002
1.115400e+002,3.763700e+002,0,0,-1.000000e+000,-1.000000e+000
1.115400e+002,3.763700e+002,0,0,-1.000000e+000,-1.000000e+000
7.019000e+001,3.782500e+002,0,0,-1.000000e+000,-1.000000e+000
1.132300e+002,3.861200e+002,0,0,-1.000000e+000,-1.000000e+000
1.132300e+002,3.861200e+002,0,0,-1.000000e+000,-1.000000e+000
1.160000e+002,3.939400e+002,1,1,1.133300e+002,4.026500e+002
1.360400e+002,3.978400e+002,0,0,-1.000000e+000,-1.000000e+000
3.114000e+001,4.021400e+002,0,0,-1.000000e+000,-1.000000e+000
1.157300e+002,4.024900e+002,1,1,1.133800e+002,4.115500e+002
1.157300e+002,4.024900e+002,0,0,-1.000000e+000,-1.000000e+000
8.137000e+001,4.032800e+002,0,0,-1.000000e+000,-1.000000e+000
1.057200e+002,4.038400e+002,1,1,1.032000e+002,4.131700e+002
1.257500e+002,4.048400e+002,0,0,-1.000000e+000,-1.000000e+000
5.025000e+001,4.062800e+002,0,0,-1.000000e+000,-1.000000e+000
5.025000e+001,4.062800e+002,0,0,-1.000000e+000,-1.000000e+000
2.131000e+001,4.079100e+002,0,0,-1.000000e+000,-1.000000e+000
9.713000e+001,4.096000e+002,0,0,-1.000000e+000,-1.000000e+000
8.836000e+001,4.154600e+002,0,0,-1.000000e+000,-1.000000e+000
8.183000e+001,4.165800e+002,0,0,-1.000000e+000,-1.000000e+000
8.183000e+001,4.165800e+002,0,0,-1.000000e+000,-1.000000e+000
4.829000e+001,4.202200e+002,0,0,-1.000000e+000,-1.000000e+000
7.932000e+001,4.213900e+002,0,0,-1.000000e+000,-1.000000e+000
1.201000e+001,4.224900e+002,1,1,8.870000e+000,4.317500e+002
3.598000e+001,4.235700e+002,0,0,-1.000000e+000,-1.000000e+000
3.598000e+001,4.235700e+002,0,0,-1.000000e+000,-1.000000e+000
5.765000e+001,4.245400e+002,0,0,-1.000000e+000,-1.000000e+000
3.871000e+001,4.261200e+002,0,0,-1.000000e+000,-1.000000e+000
3.871000e+001,4.261200e+002,0,0,-1.000000e+000,-1.000000e+000
1.451000e+001,4.263000e+002,0,0,-1.000000e+000,-1.000000e+000
1.451000e+001,4.263000e+002,0,0,-1.000000e+000,-1.000000e+000
7.004000e+001,4.272800e+002,0,0,-1.000000e+000,-1.000000e+000
4.822000e+001,4.309100e+002,0,0,-1.000000e+000,-1.000000e+000
4.430000e+000,4.325000e+002,0,0,-1.000000e+000,-1.000000e+000
1.872000e+001,4.388400e+002,1,1,1.608000e+001,4.483700e+002
1.872000e+001,4.388400e+002,1,1,1.608000e+001,4.483700e+002
7.527000e+001,4.384200e+002,0,0,-1.000000e+000,-1.000000e+000
7.527000e+001,4.384200e+002,0,0,-1.000000e+000,-1.000000e+000
5.075000e+001,4.399000e+002,1,1,4.791000e+001,4.491800e+002
6.015000e+001,4.400400e+002,1,1,5.755000e+001,4.492500e+002
6.015000e+001,4.400400e+002,1,1,5.755000e+001,4.492500e+002
2.846000e+001,4.435800e+002,0,0,-1.000000e+000,-1.000000e+000
4.072000e+001,4.462500e+002,0,0,-1.000000e+000,-1.000000e+000
4.072000e+001,4.462500e+002,0,0,-1.000000e+000,-1.000000e+000
4.817000e+001,4.486000e+002,1,1,4.539000e+001,4.580600e+002
4.817000e+001,4.486000e+002,1,1,4.539000e+001,4.580600e+002
7.540000e+000,4.525400e+002,0,0,-1.000000e+000,-1.000000e+000
7.540000e+000,4.525400e+002,0,0,-1.000000e+000,-1.000000e+000
4.058000e+001,4.559300e+002,0,0,-1.000000e+000,-1.000000e+000
3.521000e+001,4.569500e+002,1,1,3.224000e+001,4.660900e+002
1.421000e+001,4.587600e+002,0,0,-1.000000e+000,-1.000000e+000
1.421000e+001,4.587600e+002,1,1,1.267000e+001,4.692600e+002
3.360000e+001,4.611400e+002,0,0,-1.000000e+000,-1.000000e+000
5.908300e+002,7.290000e+000,1,1,5.879300e+002,1.539000e+001
6.037200e+002,3.305000e+001,0,0,-1.000000e+000,-1.000000e+000
6.037200e+002,3.305000e+001,0,0,-1.000000e+000,-1.000000e+000
6.197100e+002,6.188000e+001,1,1,6.168200e+002,7.037000e+001
6.142700e+002,1.155500e+002,1,1,6.117200e+002,1.229700e+002
5.269200e+002,1.402800e+002,0,0,-1.000000e+000,-1.000000e+000
3.888000e+002,1.461900e+002,1,1,3.844200e+002,1.540300e+002
4.021900e+002,1.509400e+002,0,0,-1.000000e+000,-1.000000e+000
5.224400e+002,1.522800e+002,0,0,-1.000000e+000,-1.000000e+000
5.301300e+002,1.603700e+002,1,1,5.279000e+002,1.677200e+002
5.298700e+002,1.687700e+002,1,1,5.278100e+002,1.760300e+002
5.541500e+002,1.781900e+002,0,0,-1.000000e+000,-1.000000e+000
5.575800e+002,1.851300e+002,1,1,5.549300e+002,1.926200e+002
2.869300e+002,1.992500e+002,0,0,-1.000000e+000,-1.000000e+000
2.608700e+002,2.087400e+002,0,0,-1.000000e+000,-1.000000e+000
4.974400e+002,2.119700e+002,0,0,-1.000000e+000,-1.000000e+000
2.550900e+002,2.298200e+002,0,0,-1.000000e+000,-1.000000e+000
5.981900e+002,2.297600e+002,1,1,5.963000e+002,2.370100e+002
2.320900e+002,2.340000e+002,1,1,2.304800e+002,2.423200e+002
2.320900e+002,2.340000e+002,1,1,2.304800e+002,2.423200e+002
2.236600e+002,2.442500e+002,1,1,2.215800e+002,2.534300e+002
2.091800e+002,2.480000e+002,0,0,-1.000000e+000,-1.000000e+000
1.793800e+002,2.521100e+002,1,1,1.777700e+002,2.602900e+002
1.948800e+002,2.521700e+002,0,0,-1.000000e+000,-1.000000e+000
4.913600e+002,2.548400e+002,1,1,4.901100e+002,2.622200e+002
4.676300e+002,2.572600e+002,0,0,-1.000000e+000,-1.000000e+000
4.439700e+002,2.640700e+002,1,1,4.418600e+002,2.719600e+002
2.084300e+002,3.042000e+002,0,0,-1.000000e+000,-1.000000e+000
2.751000e+001,3.101000e+002,0,0,-1.000000e+000,-1.000000e+000
1.475300e+002,3.181600e+002,0,0,-1.000000e+000,-1.000000e+000
5.751600e+002,3.280300e+002,0,0,-1.000000e+000,-1.000000e+000
1.401900e+002,3.396300e+002,0,0,-1.000000e+000,-1.000000e+000
1.534600e+002,3.419400e+002,0,0,-1.000000e+000,-1.000000e+000
1.325400e+002,3.442000e+002,0,0,-1.000000e+000,-1.000000e+000
1.609800e+002,3.473300e+002,1,1,1.589000e+002,3.561500e+002
1.514400e+002,3.531400e+002,1,1,1.492600e+002,3.619500e+002
1.514400e+002,3.531400e+002,1,1,1.492600e+002,3.619500e+002
1.901600e+002,3.551600e+002,1,1,1.885700e+002,3.634900e+002
1.139200e+002,3.556600e+002,1,1,1.114500e+002,3.643600e+002
1.440700e+002,3.580900e+002,1,1,1.418000e+002,3.668000e+002
1.821300e+002,3.612500e+002,1,1,1.793200e+002,3.700500e+002
9.780000e+001,3.652700e+002,1,1,9.524000e+001,3.742500e+002
1.649700e+002,3.723000e+002,0,0,-1.000000e+000,-1.000000e+000
1.649700e+002,3.723000e+002,1,1,1.626100e+002,3.809600e+002
1.714800e+002,3.731600e+002,0,0,-1.000000e+000,-1.000000e+000
1.041800e+002,3.819400e+002,0,0,-1.000000e+000,-1.000000e+000
1.041800e+002,3.819400e+002,0,0,-1.000000e+000,-1.000000e+000
6.174000e+001,3.833100e+002,0,0,-1.000000e+000,-1.000000e+000
6.174000e+001,3.833100e+002,0,0,-1.000000e+000,-1.000000e+000
9.591000e+001,3.872800e+002,0,0,-1.000000e+000,-1.000000e+000
9.591000e+001,3.872800e+002,0,0,-1.000000e+000,-1.000000e+000
1.435100e+002,3.868100e+002,0,0,-1.000000e+000,-1.000000e+000
1.435100e+002,3.868100e+002,1,1,1.413200e+002,3.954400e+002
5.943000e+001,3.885500e+002,0,0,-1.000000e+000,-1.000000e+000
1.242900e+002,3.885300e+002,0,0,-1.000000e+000,-1.000000e+000
1.242900e+002,3.885300e+002,1,1,1.219200e+002,3.973400e+002
5.263000e+001,3.887400e+002,0,0,-1.000000e+000,-1.000000e+000
1.047600e+002,3.914900e+002,0,0,-1.000000e+000,-1.000000e+000
1.047600e+002,3.914900e+002,0,0,-1.000000e+000,-1.000000e+000
8.727000e+001,3.927500e+002,0,0,-1.000000e+000,-1.000000e+000
8.727000e+001,3.927500e+002,0,0,-1.000000e+000,-1.000000e+000
1.334900e+002,3.932700e+002,1,1,1.312600e+002,4.021700e+002
1.334900e+002,3.932700e+002,0,0,-1.000000e+000,-1.000000e+000
1.407800e+002,3.938000e+002,1,1,1.382700e+002,4.028400e+002
9.619000e+001,3.969300e+002,0,0,-1.000000e+000,-1.000000e+000
7.867000e+001,3.982300e+002,0,0,-1.000000e+000,-1.000000e+000
7.867000e+001,3.982300e+002,0,0,-1.000000e+000,-1.000000e+000
1.073200e+002,3.992000e+002,1,1,1.050900e+002,4.080500e+002
1.073200e+002,3.992000e+002,1,1,1.050900e+002,4.080500e+002
1.308400e+002,4.005000e+002,0,0,-1.000000e+000,-1.000000e+000
2.959000e+001,4.025800e+002,0,0,-1.000000e+000,-1.000000e+000
8.786000e+001,4.027200e+002,0,0,-1.000000e+000,-1.000000e+000
8.786000e+001,4.027200e+002,0,0,-1.000000e+000,-1.000000e+000
6.942000e+001,4.037800e+002,0,0,-1.000000e+000,-1.000000e+000
6.942000e+001,4.037800e+002,0,0,-1.000000e+000,-1.000000e+000
4.988000e+001,4.062600e+002,0,0,-1.000000e+000,-1.000000e+000
4.988000e+001,4.062600e+002,0,0,-1.000000e+000,-1.000000e+000
1.129300e+002,4.073100e+002,1,1,1.092600e+002,4.164000e+002
2.015000e+001,4.080300e+002,0,0,-1.000000e+000,-1.000000e+000
2.705000e+001,4.079700e+002,1,1,2.415000e+001,4.171700e+002
7.883000e+001,4.081900e+002,0,0,-1.000000e+000,-1.000000e+000
7.883000e+001,4.081900e+002,0,0,-1.000000e+000,-1.000000e+000
6.048000e+001,4.095600e+002,0,0,-1.000000e+000,-1.000000e+000
6.048000e+001,4.095600e+002,0,0,-1.000000e+000,-1.000000e+000
4.016000e+001,4.119600e+002,1,1,3.750000e+001,4.211200e+002
4.016000e+001,4.119600e+002,1,1,3.750000e+001,4.211200e+002
9.950000e+000,4.139800e+002,0,0,-1.000000e+000,-1.000000e+000
6.963000e+001,4.138600e+002,0,0,-1.000000e+000,-1.000000e+000
5.106000e+001,4.153800e+002,0,0,-1.000000e+000,-1.000000e+000
5.106000e+001,4.153800e+002,0,0,-1.000000e+000,-1.000000e+000
6.043000e+001,4.196400e+002,0,0,-1.000000e+000,-1.000000e+000
6.043000e+001,4.196400e+002,0,0,-1.000000e+000,-1.000000e+000
4.115000e+001,4.209100e+002,0,0,-1.000000e+000,-1.000000e+000
7.194000e+001,4.223800e+002,0,0,-1.000000e+000,-1.000000e+000
5.119000e+001,4.260000e+002,0,0,-1.000000e+000,-1.000000e+000
1.498000e+001,4.266700e+002,1,1,1.197000e+001,4.357300e+002
3.171000e+001,4.273300e+002,0,0,-1.000000e+000,-1.000000e+000
6.283000e+001,4.283100e+002,1,1,6.010000e+001,4.374700e+002
4.147000e+001,4.319800e+002,0,0,-1.000000e+000,-1.000000e+000
4.147000e+001,4.319800e+002,0,0,-1.000000e+000,-1.000000e+000
5.120000e+000,4.330700e+002,0,0,-1.000000e+000,-1.000000e+000
5.334000e+001,4.346500e+002,1,1,5.084000e+001,4.437200e+002
3.202000e+001,4.384900e+002,1,1,2.908000e+001,4.476200e+002
3.202000e+001,4.384900e+002,1,1,2.908000e+001,4.476200e+002
4.396000e+001,4.413900e+002,0,0,-1.000000e+000,-1.000000e+000
4.396000e+001,4.413900e+002,1,1,4.122000e+001,4.505300e+002
3.304000e+001,4.475700e+002,1,1,3.041000e+001,4.567500e+002
5.503000e+002,7.035000e+001,1,1,5.481400e+002,7.836000e+001
5.503000e+002,7.035000e+001,1,1,5.481400e+002,7.836000e+001
3.881400e+002,1.388200e+002,1,1,3.862200e+002,1.466700e+002
4.632300e+002,1.431100e+002,1,0,4.541900e+002,1.499700e+002
4.502200e+002,1.449900e+002,0,0,-1.000000e+000,-1.000000e+000
6.028400e+002,1.596000e+002,0,0,-1.000000e+000,-1.000000e+000
3.815900e+002,1.805900e+002,0,0,-1.000000e+000,-1.000000e+000
3.815900e+002,1.805900e+002,0,0,-1.000000e+000,-1.000000e+000
5.639600e+002,1.893000e+002,1,1,5.616800e+002,1.968900e+002
5.465000e+002,1.952000e+002,1,1,5.446400e+002,2.023200e+002
4.786100e+002,2.361200e+002,1,1,4.774100e+002,2.439800e+002
2.265500e+002,2.386100e+002,1,1,2.243600e+002,2.467300e+002
2.265500e+002,2.386100e+002,1,1,2.243600e+002,2.467300e+002
4.357100e+002,2.669900e+002,1,1,4.337500e+002,2.748900e+002
4.828800e+002,2.699700e+002,1,1,4.810000e+002,2.777000e+002
1.281700e+002,2.827500e+002,0,0,-1.000000e+000,-1.000000e+000
1.980400e+002,3.141100e+002,1,1,1.958900e+002,3.223900e+002
1.352600e+002,3.496900e+002,0,0,-1.000000e+000,-1.000000e+000
1.179900e+002,3.609400e+002,0,0,-1.000000e+000,-1.000000e+000
1.789400e+002,3.679500e+002,1,1,1.767500e+002,3.766600e+002
9.985000e+001,3.708700e+002,0,0,-1.000000e+000,-1.000000e+000
9.078000e+001,3.753900e+002,1,1,8.848000e+001,3.842700e+002
7.640000e+001,3.770500e+002,0,0,-1.000000e+000,-1.000000e+000
1.545400e+002,3.791900e+002,1,1,1.520400e+002,3.880800e+002
8.283000e+001,3.810300e+002,1,1,8.017000e+001,3.896900e+002
7.414000e+001,3.862100e+002,0,0,-1.000000e+000,-1.000000e+000
1.505500e+002,3.868300e+002,1,1,1.482100e+002,3.957200e+002
6.536000e+001,3.916200e+002,0,0,-1.000000e+000,-1.000000e+000
5.654000e+001,3.971700e+002,1,1,5.406000e+001,4.058300e+002
1.227900e+002,4.002900e+002,1,1,1.205700e+002,4.091400e+002
1.227900e+002,4.002900e+002,1,1,1.205700e+002,4.091400e+002
4.779000e+001,4.039200e+002,0,0,-1.000000e+000,-1.000000e+000
1.199500e+002,4.073700e+002,1,1,1.174700e+002,4.166200e+002
3.800000e+001,4.089800e+002,1,1,3.528000e+001,4.181600e+002
1.694000e+001,4.132700e+002,0,0,-1.000000e+000,-1.000000e+000
2.821000e+001,4.147200e+002,1,1,2.578000e+001,4.238900e+002
1.819000e+001,4.206200e+002,0,0,-1.000000e+000,-1.000000e+000
2.197000e+001,4.333400e+002,0,0,-1.000000e+000,-1.000000e+000
6.613000e+001,4.375700e+002,1,1,6.379000e+001,4.465600e+002
6.447000e+001,4.445700e+002,1,1,6.136000e+001,4.539800e+002
5.504000e+001,4.451700e+002,1,1,5.239000e+001,4.543700e+002
5.504000e+001,4.451700e+002,1,1,5.239000e+001,4.543700e+002
4.326000e+001,4.533000e+002,0,0,-1.000000e+000,-1.000000e+000
4.326000e+001,4.533000e+002,1,1,4.030000e+001,4.627400e+002
5.162000e+001,4.530000e+002,0,0,-1.000000e+000,-1.000000e+000
2.122000e+001,4.554200e+002,0,0,-1.000000e+000,-1.000000e+000
3.019000e+001,4.616300e+002,0,0,-1.000000e+000,-1.000000e+000
3.920000e+001,4.616300e+002,0,0,-1.000000e+000,-1.000000e+000
5.908900e+002,1.641000e+001,1,1,5.878900e+002,2.427000e+001
5.908900e+002,1.641000e+001,1,1,5.878900e+002,2.427000e+001
5.191300e+002,2.210000e+001,1,1,5.162200e+002,3.025000e+001
5.267500e+002,4.540000e+001,1,1,5.236700e+002,5.338000e+001
6.129400e+002,5.758000e+001,0,0,-1.000000e+000,-1.000000e+000
3.824200e+002,1.463300e+002,0,0,-1.000000e+000,-1.000000e+000
3.824200e+002,1.463300e+002,0,0,-1.000000e+000,-1.000000e+000
5.300000e+002,1.510300e+002,1,1,5.277100e+002,1.582200e+002
5.300000e+002,1.510300e+002,1,1,5.277100e+002,1.582200e+002
1.770100e+002,2.143600e+002,1,1,1.748600e+002,2.229800e+002
4.669600e+002,2.138800e+002,1,1,4.649600e+002,2.217300e+002
5.620300e+002,2.212100e+002,1,1,5.602400e+002,2.286700e+002
5.620300e+002,2.212100e+002,1,1,5.602400e+002,2.286700e+002
1.783300e+002,2.306500e+002,1,1,1.767800e+002,2.379200e+002
2.513600e+002,2.462600e+002,1,1,2.492000e+002,2.547200e+002
2.513600e+002,2.462600e+002,1,1,2.492000e+002,2.547200e+002
4.857300e+002,2.914500e+002,1,1,4.838100e+002,2.991400e+002
1.535200e+002,3.015100e+002,0,0,-1.000000e+000,-1.000000e+000
2.262100e+002,3.143600e+002,1,1,2.248600e+002,3.227900e+002
5.436700e+002,3.697600e+002,1,1,5.423900e+002,3.772100e+002
5.917800e+002,1.553000e+001,0,0,-1.000000e+000,-1.000000e+000
5.917800e+002,1.553000e+001,0,0,-1.000000e+000,-1.000000e+000
5.207100e+002,5.412000e+001,1,1,5.185100e+002,6.221000e+001
6.117900e+002,5.866000e+001,1,1,6.092100e+002,6.606000e+001
5.526000e+002,7.175000e+001,1,1,5.502700e+002,7.949000e+001
4.756300e+002,1.456200e+002,1,1,4.737400e+002,1.534200e+002
5.007300e+002,1.566000e+002,0,0,-1.000000e+000,-1.000000e+000
5.109700e+002,1.556400e+002,0,0,-1.000000e+000,-1.000000e+000
5.742800e+002,1.909800e+002,1,1,5.724000e+002,1.983000e+002
5.590800e+002,2.308600e+002,1,1,5.575600e+002,2.399800e+002
1.838700e+002,2.481700e+002,1,1,1.820200e+002,2.566800e+002
2.489600e+002,2.555300e+002,0,0,-1.000000e+000,-1.000000e+000
4.659200e+002,2.597100e+002,1,1,4.642800e+002,2.664600e+002
4.924700e+002,2.645000e+002,1,1,4.908100e+002,2.726300e+002
1.673800e+002,2.727900e+002,1,1,1.648200e+002,2.808100e+002
3.428400e+002,2.795800e+002,0,0,-1.000000e+000,-1.000000e+000
2.727300e+002,2.829400e+002,0,0,-1.000000e+000,-1.000000e+000
4.798300e+002,2.819600e+002,1,1,4.777800e+002,2.898200e+002
2.492600e+002,2.882500e+002,1,1,2.471400e+002,2.964400e+002
1.509400e+002,3.024200e+002,0,0,-1.000000e+000,-1.000000e+000
4.359500e+002,3.018700e+002,1,1,4.338800e+002,3.097700e+002
1.382900e+002,3.070200e+002,1,1,1.359700e+002,3.155300e+002
2.270400e+002,3.143500e+002,0,0,-1.000000e+000,-1.000000e+000
5.472200e+002,3.518500e+002,1,1,5.453600e+002,3.596200e+002
2.319700e+002,3.563300e+002,1,1,2.298400e+002,3.647200e+002
1.713600e+002,3.589100e+002,1,1,1.685900e+002,3.677700e+002
5.486800e+002,6.117000e+001,1,1,5.457000e+002,6.906000e+001
1.459500e+002,1.302600e+002,1,1,1.439900e+002,1.385400e+002
1.459500e+002,1.302600e+002,1,1,1.439900e+002,1.385400e+002
6.033700e+002,1.426700e+002,1,1,6.013800e+002,1.500400e+002
6.182600e+002,1.441300e+002,1,1,6.157100e+002,1.510900e+002
4.500700e+002,1.486200e+002,0,0,-1.000000e+000,-1.000000e+000
2.669800e+002,2.261100e+002,1,1,2.652900e+002,2.347300e+002
2.511900e+002,2.345500e+002,1,1,2.476000e+002,2.432100e+002
2.389700e+002,2.364200e+002,1,1,2.374600e+002,2.446900e+002
4.726000e+002,2.452000e+002,0,0,-1.000000e+000,-1.000000e+000
1.442500e+002,2.916200e+002,1,1,1.422100e+002,3.001100e+002
3.625900e+002,2.917700e+002,1,1,3.603500e+002,2.999200e+002
3.458500e+002,3.254600e+002,1,1,3.440000e+002,3.336100e+002
5.786000e+001,3.333400e+002,1,1,5.575000e+001,3.418500e+002
5.648500e+002,3.443200e+002,1,1,5.633900e+002,3.516900e+002
2.208700e+002,3.471100e+002,1,1,2.188100e+002,3.555800e+002
1.545100e+002,1.156500e+002,1,1,1.519200e+002,1.242000e+002
1.545100e+002,1.156500e+002,0,0,-1.000000e+000,-1.000000e+000
3.726600e+002,1.233900e+002,0,0,-1.000000e+000,-1.000000e+000
3.689500e+002,1.431900e+002,1,1,3.636500e+002,1.524000e+002
5.680000e+002,1.793800e+002,1,1,5.658900e+002,1.867500e+002
5.450600e+002,1.846500e+002,1,1,5.438800e+002,1.923500e+002
2.692200e+002,2.108900e+002,1,1,2.680500e+002,2.195100e+002
4.785200e+002,2.261700e+002,1,1,4.765600e+002,2.338400e+002
4.785200e+002,2.261700e+002,1,1,4.765600e+002,2.338400e+002
4.949300e+002,2.691700e+002,1,1,4.927900e+002,2.765200e+002
1.580600e+002,2.881100e+002,1,1,1.556800e+002,2.969900e+002
2.113700e+002,3.141300e+002,1,1,2.092700e+002,3.225100e+002
3.461500e+002,3.238500e+002,1,1,3.442200e+002,3.321500e+002
4.487800e+002,1.531100e+002,1,1,4.472200e+002,1.609900e+002
1.812900e+002,1.682700e+002,0,0,-1.000000e+000,-1.000000e+000
5.409400e+002,1.845400e+002,1,1,5.391400e+002,1.920300e+002
5.704700e+002,2.004200e+002,1,1,5.683500e+002,2.092900e+002
4.669500e+002,2.438700e+002,1,1,4.645400e+002,2.516000e+002
1.296300e+002,2.731400e+002,1,1,1.268900e+002,2.815600e+002
2.339400e+002,3.335800e+002,1,1,2.310100e+002,3.418700e+002
1.114000e+002,3.372500e+002,1,1,1.072200e+002,3.474300e+002
4.077300e+002,1.400600e+002,1,1,4.057600e+002,1.479400e+002
3.434900e+002,1.769900e+002,1,1,3.419200e+002,1.850000e+002
1.511100e+002,2.467100e+002,1,1,1.497300e+002,2.552100e+002
3.794000e+001,3.439500e+002,1,1,3.611000e+001,3.525500e+002
5.698500e+002,4.986000e+001,0,0,-1.000000e+000,-1.000000e+000
5.190800e+002,1.824600e+002,1,1,5.192200e+002,1.901800e+002
1.834000e+002,1.911100e+002,1,1,1.811700e+002,1.996300e+002
1.834000e+002,1.911100e+002,1,1,1.811700e+002,1.996300e+002
2.419400e+002,2.062100e+002,1,1,2.393500e+002,2.147000e+002
2.419400e+002,2.062100e+002,1,1,2.393500e+002,2.147000e+002
2.778700e+002,2.502900e+002,1,1,2.757900e+002,2.584000e+002
1.116500e+002,3.053300e+002,1,1,1.098200e+002,3.137700e+002
6.193000e+001,3.199700e+002,1,1,5.981000e+001,3.285100e+002
1.465700e+002,3.234400e+002,0,0,-1.000000e+000,-1.000000e+000
2.522100e+002,3.479500e+002,1,1,2.502300e+002,3.565100e+002
5.174500e+002,1.823400e+002,0,0,-1.000000e+000,-1.000000e+000
5.241700e+002,2.245900e+002,1,0,5.331300e+002,2.257600e+002
1.443400e+002,2.365800e+002,0,0,-1.000000e+000,-1.000000e+000
5.867400e+002,3.049900e+002,1,1,5.853800e+002,3.118600e+002
1.276100e+002,1.627700e+002,0,0,-1.000000e+000,-1.000000e+000
2.207900e+002,2.725300e+002,1,1,2.192500e+002,2.807500e+002
4.495000e+002,2.859200e+002,1,1,4.478400e+002,2.937300e+002
3.362500e+002,2.357200e+002,1,1,3.342100e+002,2.436600e+002
3.362500e+002,2.357200e+002,1,1,3.342100e+002,2.436600e+002
4.972600e+002,4.088300e+002,1,1,4.965400e+002,4.160400e+002
2.963300e+002,3.134700e+002,1,1,2.939100e+002,3.222800e+002