6.160400e+002,4.470000e+000,0,0,-1.000000e+000,-1.000000e+000
6.016700e+002,6.070000e+000,0,0,-1.000000e+000,-1.000000e+000
6.016700e+002,6.070000e+000,0,0,-1.000000e+000,-1.000000e+000
4.324900e+002,8.000000e+000,0,0,-1.000000e+000,-1.000000e+000
6.356100e+002,8.380000e+000,0,0,-1.000000e+000,-1.000000e+000
5.998900e+002,1.341000e+001,0,0,-1.000000e+000,-1.000000e+000
5.960900e+002,1.412000e+001,0,0,-1.000000e+000,-1.000000e+000
6.132200e+002,1.391000e+001,1,0,6.187300e+002,4.510000e+000
6.067800e+002,1.489000e+001,0,0,-1.000000e+000,-1.000000e+000
5.997600e+002,1.571000e+001,0,0,-1.000000e+000,-1.000000e+000
6.228700e+002,2.220000e+001,0,0,-1.000000e+000,-1.000000e+000
6.069300e+002,2.705000e+001,0,0,-1.000000e+000,-1.000000e+000
5.699600e+002,3.839000e+001,0,0,-1.000000e+000,-1.000000e+000
6.281400e+002,3.835000e+001,1,1,6.238300e+002,2.983000e+001
5.667000e+002,3.894000e+001,0,0,-1.000000e+000,-1.000000e+000
6.071100e+002,3.950000e+001,0,0,-1.000000e+000,-1.000000e+000
5.482800e+002,4.207000e+001,0,0,-1.000000e+000,-1.000000e+000
6.071000e+002,4.197000e+001,0,0,-1.000000e+000,-1.000000e+000
5.370200e+002,4.378000e+001,1,0,5.855700e+002,1.918000e+001
5.744700e+002,4.616000e+001,0,0,-1.000000e+000,-1.000000e+000
6.064500e+002,4.893000e+001,0,0,-1.000000e+000,-1.000000e+000
5.566800e+002,4.963000e+001,0,0,-1.000000e+000,-1.000000e+000
5.502700e+002,5.091000e+001,0,0,-1.000000e+000,-1.000000e+000
5.672000e+002,5.986000e+001,0,0,-1.000000e+000,-1.000000e+000
5.619400e+002,6.113000e+001,0,0,-1.000000e+000,-1.000000e+000
6.297900e+002,7.838000e+001,0,0,-1.000000e+000,-1.000000e+000
6.297900e+002,7.838000e+001,0,0,-1.000000e+000,-1.000000e+000
1.282400e+002,1.050400e+002,0,0,-1.000000e+000,-1.000000e+000
1.223700e+002,1.062200e+002,0,0,-1.000000e+000,-1.000000e+000
1.186600e+002,1.069200e+002,1,0,1.004700e+002,1.019600e+002
8.340000e+001,1.125500e+002,0,0,-1.000000e+000,-1.000000e+000
7.847000e+001,1.160900e+002,0,0,-1.000000e+000,-1.000000e+000
4.569500e+002,1.167300e+002,0,0,-1.000000e+000,-1.000000e+000
4.528600e+002,1.177500e+002,0,0,-1.000000e+000,-1.000000e+000
4.528600e+002,1.177500e+002,0,0,-1.000000e+000,-1.000000e+000
4.839000e+001,1.188100e+002,0,0,-1.000000e+000,-1.000000e+000
4.348300e+002,1.191900e+002,0,0,-1.000000e+000,-1.000000e+000
2.710000e+001,1.223900e+002,0,0,-1.000000e+000,-1.000000e+000
1.020300e+002,1.224500e+002,1,0,1.080200e+002,1.135300e+002
9.664000e+001,1.235700e+002,0,0,-1.000000e+000,-1.000000e+000
7.160000e+000,1.258600e+002,0,0,-1.000000e+000,-1.000000e+000
6.876000e+001,1.286000e+002,0,0,-1.000000e+000,-1.000000e+000
6.512000e+001,1.290200e+002,0,0,-1.000000e+000,-1.000000e+000
5.430000e+001,1.335200e+002,1,1,5.129000e+001,1.265600e+002
3.800000e+001,1.339600e+002,0,0,-1.000000e+000,-1.000000e+000
3.490000e+001,1.346400e+002,0,0,-1.000000e+000,-1.000000e+000
5.227100e+002,1.344200e+002,0,0,-1.000000e+000,-1.000000e+000
3.312400e+002,1.351400e+002,1,0,3.344600e+002,1.262900e+002
3.399100e+002,1.355400e+002,0,0,-1.000000e+000,-1.000000e+000
5.178800e+002,1.355900e+002,1,1,5.150700e+002,1.281200e+002
4.471400e+002,1.370500e+002,0,0,-1.000000e+000,-1.000000e+000
1.912000e+001,1.375100e+002,0,0,-1.000000e+000,-1.000000e+000
3.308100e+002,1.375100e+002,0,0,-1.000000e+000,-1.000000e+000
8.390000e+000,1.395100e+002,0,0,-1.000000e+000,-1.000000e+000
4.660800e+002,1.392600e+002,1,1,4.622000e+002,1.316100e+002
3.954700e+002,1.404700e+002,0,0,-1.000000e+000,-1.000000e+000
4.969600e+002,1.412100e+002,0,0,-1.000000e+000,-1.000000e+000
6.130000e+002,1.409100e+002,0,0,-1.000000e+000,-1.000000e+000
3.144700e+002,1.412500e+002,0,0,-1.000000e+000,-1.000000e+000
8.970000e+000,1.420700e+002,0,0,-1.000000e+000,-1.000000e+000
4.932500e+002,1.419900e+002,0,0,-1.000000e+000,-1.000000e+000
6.095300e+002,1.421100e+002,0,0,-1.000000e+000,-1.000000e+000
2.961000e+002,1.430200e+002,0,0,-1.000000e+000,-1.000000e+000
3.844600e+002,1.435700e+002,0,0,-1.000000e+000,-1.000000e+000
4.886200e+002,1.436000e+002,0,0,-1.000000e+000,-1.000000e+000
5.304900e+002,1.439100e+002,0,0,-1.000000e+000,-1.000000e+000
6.015900e+002,1.451300e+002,0,0,-1.000000e+000,-1.000000e+000
3.828400e+002,1.464400e+002,0,0,-1.000000e+000,-1.000000e+000
3.793100e+002,1.474600e+002,0,0,-1.000000e+000,-1.000000e+000
2.727000e+002,1.485000e+002,0,0,-1.000000e+000,-1.000000e+000
3.714800e+002,1.492800e+002,0,0,-1.000000e+000,-1.000000e+000
3.613600e+002,1.516300e+002,0,0,-1.000000e+000,-1.000000e+000
3.582200e+002,1.524600e+002,0,0,-1.000000e+000,-1.000000e+000
5.028900e+002,1.532700e+002,0,0,-1.000000e+000,-1.000000e+000
3.506500e+002,1.544200e+002,0,0,-1.000000e+000,-1.000000e+000
5.786200e+002,1.564400e+002,0,0,-1.000000e+000,-1.000000e+000
5.316100e+002,1.576300e+002,0,0,-1.000000e+000,-1.000000e+000
2.274300e+002,1.590800e+002,0,0,-1.000000e+000,-1.000000e+000
5.698300e+002,1.595600e+002,0,0,-1.000000e+000,-1.000000e+000
5.470400e+002,1.644400e+002,0,0,-1.000000e+000,-1.000000e+000
2.214700e+002,1.656100e+002,0,0,-1.000000e+000,-1.000000e+000
3.723100e+002,1.675200e+002,0,0,-1.000000e+000,-1.000000e+000
5.466500e+002,1.674600e+002,0,0,-1.000000e+000,-1.000000e+000
1.999100e+002,1.679100e+002,0,0,-1.000000e+000,-1.000000e+000
3.784600e+002,1.678900e+002,0,0,-1.000000e+000,-1.000000e+000
1.848500e+002,1.692200e+002,0,0,-1.000000e+000,-1.000000e+000
6.048000e+002,1.697200e+002,0,0,-1.000000e+000,-1.000000e+000
5.472300e+002,1.700800e+002,0,0,-1.000000e+000,-1.000000e+000
1.782900e+002,1.728400e+002,0,0,-1.000000e+000,-1.000000e+000
5.491900e+002,1.733800e+002,0,0,-1.000000e+000,-1.000000e+000
5.555100e+002,1.735700e+002,0,0,-1.000000e+000,-1.000000e+000
2.508900e+002,1.786600e+002,0,0,-1.000000e+000,-1.000000e+000
2.399100e+002,1.790200e+002,0,0,-1.000000e+000,-1.000000e+000
4.021900e+002,1.791700e+002,1,1,3.961700e+002,1.711300e+002
5.782500e+002,1.795300e+002,0,0,-1.000000e+000,-1.000000e+000
5.739100e+002,1.825500e+002,0,0,-1.000000e+000,-1.000000e+000
6.271700e+002,1.841100e+002,0,0,-1.000000e+000,-1.000000e+000
2.148300e+002,1.850300e+002,0,0,-1.000000e+000,-1.000000e+000
2.115200e+002,1.858400e+002,0,0,-1.000000e+000,-1.000000e+000
4.082800e+002,1.892300e+002,0,0,-1.000000e+000,-1.000000e+000
5.899900e+002,1.900800e+002,0,0,-1.000000e+000,-1.000000e+000
5.899900e+002,1.900800e+002,0,0,-1.000000e+000,-1.000000e+000
2.159400e+002,1.943700e+002,0,0,-1.000000e+000,-1.000000e+000
4.311700e+002,1.955500e+002,1,0,4.392300e+002,1.948600e+002
4.237900e+002,1.967300e+002,0,0,-1.000000e+000,-1.000000e+000
5.749500e+002,1.980500e+002,0,0,-1.000000e+000,-1.000000e+000
5.194500e+002,1.996200e+002,0,0,-1.000000e+000,-1.000000e+000
5.719500e+002,1.995500e+002,1,1,5.675400e+002,1.919800e+002
1.914100e+002,2.006600e+002,0,0,-1.000000e+000,-1.000000e+000
5.666600e+002,2.010700e+002,0,0,-1.000000e+000,-1.000000e+000
5.666600e+002,2.010700e+002,0,0,-1.000000e+000,-1.000000e+000
4.291400e+002,2.028300e+002,1,0,4.486700e+002,2.115600e+002
4.371200e+002,2.050600e+002,0,0,-1.000000e+000,-1.000000e+000
4.595600e+002,2.064800e+002,0,0,-1.000000e+000,-1.000000e+000
4.464200e+002,2.108800e+002,0,0,-1.000000e+000,-1.000000e+000
5.864400e+002,2.133400e+002,0,0,-1.000000e+000,-1.000000e+000
2.249800e+002,2.146400e+002,0,0,-1.000000e+000,-1.000000e+000
4.478500e+002,2.147600e+002,0,0,-1.000000e+000,-1.000000e+000
6.022700e+002,2.175400e+002,0,0,-1.000000e+000,-1.000000e+000
2.521600e+002,2.211200e+002,0,0,-1.000000e+000,-1.000000e+000
2.398300e+002,2.251300e+002,0,0,-1.000000e+000,-1.000000e+000
5.409800e+002,2.255800e+002,0,0,-1.000000e+000,-1.000000e+000
2.295800e+002,2.287100e+002,0,0,-1.000000e+000,-1.000000e+000
1.785900e+002,2.354100e+002,0,0,-1.000000e+000,-1.000000e+000
2.064100e+002,2.360500e+002,0,0,-1.000000e+000,-1.000000e+000
2.581000e+002,2.357800e+002,0,0,-1.000000e+000,-1.000000e+000
2.248000e+002,2.365700e+002,0,0,-1.000000e+000,-1.000000e+000
2.400200e+002,2.368400e+002,0,0,-1.000000e+000,-1.000000e+000
2.069400e+002,2.390900e+002,0,0,-1.000000e+000,-1.000000e+000
1.969200e+002,2.416300e+002,0,0,-1.000000e+000,-1.000000e+000
2.988900e+002,2.426100e+002,0,0,-1.000000e+000,-1.000000e+000
1.862600e+002,2.445500e+002,0,0,-1.000000e+000,-1.000000e+000
4.385200e+002,2.589800e+002,0,0,-1.000000e+000,-1.000000e+000
4.360700e+002,2.633500e+002,0,0,-1.000000e+000,-1.000000e+000
2.801900e+002,2.754900e+002,1,1,2.746200e+002,2.690700e+002
7.043000e+001,2.878600e+002,0,0,-1.000000e+000,-1.000000e+000
6.372000e+001,2.900600e+002,0,0,-1.000000e+000,-1.000000e+000
2.205900e+002,2.943500e+002,0,0,-1.000000e+000,-1.000000e+000
2.122000e+002,2.993400e+002,0,0,-1.000000e+000,-1.000000e+000
1.843800e+002,3.013000e+002,0,0,-1.000000e+000,-1.000000e+000
2.207900e+002,3.026100e+002,0,0,-1.000000e+000,-1.000000e+000
2.035500e+002,3.036000e+002,0,0,-1.000000e+000,-1.000000e+000
2.177900e+002,3.047500e+002,1,1,2.125100e+002,2.991500e+002
1.827000e+002,3.073000e+002,0,0,-1.000000e+000,-1.000000e+000
1.479000e+002,3.143100e+002,0,0,-1.000000e+000,-1.000000e+000
1.098800e+002,3.165600e+002,0,0,-1.000000e+000,-1.000000e+000
1.779700e+002,3.181400e+002,0,0,-1.000000e+000,-1.000000e+000
1.779700e+002,3.181400e+002,0,0,-1.000000e+000,-1.000000e+000
1.705600e+002,3.221900e+002,0,0,-1.000000e+000,-1.000000e+000
1.705600e+002,3.221900e+002,0,0,-1.000000e+000,-1.000000e+000
1.220500e+002,3.251300e+002,0,0,-1.000000e+000,-1.000000e+000
1.220500e+002,3.251300e+002,0,0,-1.000000e+000,-1.000000e+000
5.754300e+002,3.247900e+002,0,0,-1.000000e+000,-1.000000e+000
1.634800e+002,3.261700e+002,0,0,-1.000000e+000,-1.000000e+000
1.889400e+002,3.262900e+002,0,0,-1.000000e+000,-1.000000e+000
3.495700e+002,3.295300e+002,0,0,-1.000000e+000,-1.000000e+000
5.706900e+002,3.319300e+002,0,0,-1.000000e+000,-1.000000e+000
1.276100e+002,3.327100e+002,0,0,-1.000000e+000,-1.000000e+000
3.285300e+002,3.341600e+002,1,1,3.227300e+002,3.274900e+002
1.603200e+002,3.355500e+002,0,0,-1.000000e+000,-1.000000e+000
3.358900e+002,3.356900e+002,1,1,3.303500e+002,3.296000e+002
2.038300e+002,3.358000e+002,1,1,1.970300e+002,3.295000e+002
2.038300e+002,3.358000e+002,1,1,1.970300e+002,3.295000e+002
1.891000e+002,3.384800e+002,1,1,1.830700e+002,3.329700e+002
1.627700e+002,3.406000e+002,1,1,1.563900e+002,3.348000e+002
1.672200e+002,3.404900e+002,0,0,-1.000000e+000,-1.000000e+000
1.378700e+002,3.412500e+002,0,0,-1.000000e+000,-1.000000e+000
1.378700e+002,3.412500e+002,0,0,-1.000000e+000,-1.000000e+000
2.004500e+002,3.460800e+002,0,0,-1.000000e+000,-1.000000e+000
1.447000e+002,3.469000e+002,0,0,-1.000000e+000,-1.000000e+000
1.001000e+002,3.484500e+002,0,0,-1.000000e+000,-1.000000e+000
1.001000e+002,3.484500e+002,0,0,-1.000000e+000,-1.000000e+000
1.310800e+002,3.516000e+002,0,0,-1.000000e+000,-1.000000e+000
1.483300e+002,3.514500e+002,0,0,-1.000000e+000,-1.000000e+000
2.693700e+002,3.519400e+002,1,0,2.255900e+002,3.356200e+002
9.214000e+001,3.531800e+002,0,0,-1.000000e+000,-1.000000e+000
9.214000e+001,3.531800e+002,0,0,-1.000000e+000,-1.000000e+000
1.872000e+002,3.542500e+002,0,0,-1.000000e+000,-1.000000e+000
7.493000e+001,3.557600e+002,0,0,-1.000000e+000,-1.000000e+000
1.729800e+002,3.567800e+002,0,0,-1.000000e+000,-1.000000e+000
1.654000e+002,3.615400e+002,0,0,-1.000000e+000,-1.000000e+000
1.654000e+002,3.615400e+002,0,0,-1.000000e+000,-1.000000e+000
1.029800e+002,3.622000e+002,0,0,-1.000000e+000,-1.000000e+000
7.053000e+001,3.651800e+002,0,0,-1.000000e+000,-1.000000e+000
7.053000e+001,3.651800e+002,0,0,-1.000000e+000,-1.000000e+000
6.745000e+001,3.699100e+002,0,0,-1.000000e+000,-1.000000e+000
1.572100e+002,3.713500e+002,0,0,-1.000000e+000,-1.000000e+000
1.566400e+002,3.741200e+002,0,0,-1.000000e+000,-1.000000e+000
1.566400e+002,3.741200e+002,0,0,-1.000000e+000,-1.000000e+000
6.455000e+001,3.761500e+002,0,0,-1.000000e+000,-1.000000e+000
1.167500e+002,3.825000e+002,0,0,-1.000000e+000,-1.000000e+000
1.167500e+002,3.825000e+002,0,0,-1.000000e+000,-1.000000e+000
1.290900e+002,3.823200e+002,0,0,-1.000000e+000,-1.000000e+000
1.081800e+002,3.875000e+002,0,0,-1.000000e+000,-1.000000e+000
1.081800e+002,3.875000e+002,0,0,-1.000000e+000,-1.000000e+000
9.040000e+001,3.985000e+002,0,0,-1.000000e+000,-1.000000e+000
8.052000e+001,4.072500e+002,0,0,-1.000000e+000,-1.000000e+000
8.063000e+001,4.100300e+002,0,0,-1.000000e+000,-1.000000e+000
8.063000e+001,4.100300e+002,0,0,-1.000000e+000,-1.000000e+000
6.822000e+001,4.147200e+002,0,0,-1.000000e+000,-1.000000e+000
5.844000e+001,4.204100e+002,0,0,-1.000000e+000,-1.000000e+000
3.650900e+002,4.316100e+002,0,0,-1.000000e+000,-1.000000e+000
6.658000e+001,4.575100e+002,0,0,-1.000000e+000,-1.000000e+000
2.288000e+001,4.610100e+002,0,0,-1.000000e+000,-1.000000e+000
5.360100e+002,3.513000e+001,0,0,-1.000000e+000,-1.000000e+000
6.027500e+002,4.963000e+001,0,0,-1.000000e+000,-1.000000e+000
5.566900e+002,5.940000e+001,0,0,-1.000000e+000,-1.000000e+000
3.878800e+002,1.224600e+002,0,0,-1.000000e+000,-1.000000e+000
4.201800e+002,1.252900e+002,0,0,-1.000000e+000,-1.000000e+000
8.067000e+001,1.260500e+002,0,0,-1.000000e+000,-1.000000e+000
4.039800e+002,1.403500e+002,0,0,-1.000000e+000,-1.000000e+000
4.744200e+002,1.420600e+002,1,1,4.714200e+002,1.346100e+002
4.821100e+002,1.450500e+002,1,1,4.787300e+002,1.376100e+002
3.987900e+002,1.483100e+002,0,0,-1.000000e+000,-1.000000e+000
3.622400e+002,1.600400e+002,0,0,-1.000000e+000,-1.000000e+000
5.937400e+002,1.708100e+002,1,1,5.904900e+002,1.636500e+002
4.192100e+002,1.966600e+002,0,0,-1.000000e+000,-1.000000e+000
5.084500e+002,1.999100e+002,1,0,5.288900e+002,1.849300e+002
2.589500e+002,2.047800e+002,0,0,-1.000000e+000,-1.000000e+000
5.752100e+002,2.066100e+002,0,0,-1.000000e+000,-1.000000e+000
5.837200e+002,2.077200e+002,0,0,-1.000000e+000,-1.000000e+000
2.660500e+002,2.114500e+002,0,0,-1.000000e+000,-1.000000e+000
4.636200e+002,2.113400e+002,0,0,-1.000000e+000,-1.000000e+000
4.837900e+002,2.166900e+002,0,0,-1.000000e+000,-1.000000e+000
6.000100e+002,2.202700e+002,0,0,-1.000000e+000,-1.000000e+000
4.796200e+002,2.219500e+002,1,1,4.744400e+002,2.148300e+002
2.450900e+002,2.390500e+002,0,0,-1.000000e+000,-1.000000e+000
2.627400e+002,2.554700e+002,0,0,-1.000000e+000,-1.000000e+000
3.152300e+002,2.585500e+002,0,0,-1.000000e+000,-1.000000e+000
1.604800e+002,2.626600e+002,0,0,-1.000000e+000,-1.000000e+000
1.604800e+002,2.626600e+002,1,1,1.545000e+002,2.569300e+002
8.423000e+001,2.844500e+002,0,0,-1.000000e+000,-1.000000e+000
3.874000e+001,2.941000e+002,0,0,-1.000000e+000,-1.000000e+000
1.570200e+002,2.958600e+002,0,0,-1.000000e+000,-1.000000e+000
1.789600e+002,3.064800e+002,0,0,-1.000000e+000,-1.000000e+000
1.789600e+002,3.064800e+002,0,0,-1.000000e+000,-1.000000e+000
1.682300e+002,3.250100e+002,0,0,-1.000000e+000,-1.000000e+000
5.694200e+002,3.285000e+002,0,0,-1.000000e+000,-1.000000e+000
5.694200e+002,3.285000e+002,1,1,5.654400e+002,3.215500e+002
1.444200e+002,3.296300e+002,1,1,1.383500e+002,3.238700e+002
1.444200e+002,3.296300e+002,0,0,-1.000000e+000,-1.000000e+000
1.947900e+002,3.341200e+002,1,1,1.880100e+002,3.280900e+002
1.947900e+002,3.341200e+002,1,1,1.880100e+002,3.280900e+002
1.549500e+002,3.348800e+002,0,0,-1.000000e+000,-1.000000e+000
1.374500e+002,3.372600e+002,0,0,-1.000000e+000,-1.000000e+000
1.456100e+002,3.368900e+002,0,0,-1.000000e+000,-1.000000e+000
1.456100e+002,3.368900e+002,0,0,-1.000000e+000,-1.000000e+000
1.198300e+002,3.376200e+002,0,0,-1.000000e+000,-1.000000e+000
1.198300e+002,3.376200e+002,0,0,-1.000000e+000,-1.000000e+000
2.019000e+002,3.385200e+002,1,1,1.945900e+002,3.325400e+002
2.126000e+002,3.382600e+002,0,0,-1.000000e+000,-1.000000e+000
2.080000e+002,3.412300e+002,0,0,-1.000000e+000,-1.000000e+000
1.186400e+002,3.413900e+002,0,0,-1.000000e+000,-1.000000e+000
1.083800e+002,3.438100e+002,0,0,-1.000000e+000,-1.000000e+000
1.183200e+002,3.448700e+002,1,1,1.116600e+002,3.392100e+002
1.183200e+002,3.448700e+002,0,0,-1.000000e+000,-1.000000e+000
1.756200e+002,3.459900e+002,0,0,-1.000000e+000,-1.000000e+000
1.372400e+002,3.524200e+002,0,0,-1.000000e+000,-1.000000e+000
1.372400e+002,3.524200e+002,0,0,-1.000000e+000,-1.000000e+000
1.083600e+002,3.540500e+002,0,0,-1.000000e+000,-1.000000e+000
1.820700e+002,3.579800e+002,0,0,-1.000000e+000,-1.000000e+000
1.707500e+002,3.592800e+002,0,0,-1.000000e+000,-1.000000e+000
1.707500e+002,3.592800e+002,0,0,-1.000000e+000,-1.000000e+000
9.264000e+001,3.630800e+002,0,0,-1.000000e+000,-1.000000e+000
8.128000e+001,3.663000e+002,0,0,-1.000000e+000,-1.000000e+000
8.128000e+001,3.663000e+002,0,0,-1.000000e+000,-1.000000e+000
6.202000e+001,3.703600e+002,0,0,-1.000000e+000,-1.000000e+000
1.054400e+002,3.704000e+002,0,0,-1.000000e+000,-1.000000e+000
1.054400e+002,3.704000e+002,0,0,-1.000000e+000,-1.000000e+000
8.562000e+001,3.721000e+002,0,0,-1.000000e+000,-1.000000e+000
1.860900e+002,3.730200e+002,0,0,-1.000000e+000,-1.000000e+000
1.860900e+002,3.730200e+002,0,0,-1.000000e+000,-1.000000e+000
7.448000e+001,3.738500e+002,0,0,-1.000000e+000,-1.000000e+000
1.445700e+002,3.746600e+002,1,1,1.373100e+002,3.687500e+002
1.445700e+002,3.746600e+002,1,1,1.373100e+002,3.687500e+002
5.318000e+001,3.755600e+002,0,0,-1.000000e+000,-1.000000e+000
6.609000e+001,3.790000e+002,0,0,-1.000000e+000,-1.000000e+000
6.837000e+001,3.825300e+002,0,0,-1.000000e+000,-1.000000e+000
6.837000e+001,3.825300e+002,0,0,-1.000000e+000,-1.000000e+000
7.918000e+001,3.859200e+002,0,0,-1.000000e+000,-1.000000e+000
7.918000e+001,3.859200e+002,0,0,-1.000000e+000,-1.000000e+000
3.564000e+001,3.882400e+002,0,0,-1.000000e+000,-1.000000e+000
2.999000e+001,3.886600e+002,0,0,-1.000000e+000,-1.000000e+000
2.017000e+001,3.939600e+002,0,0,-1.000000e+000,-1.000000e+000
6.067000e+001,3.964700e+002,0,0,-1.000000e+000,-1.000000e+000
1.043000e+001,3.996300e+002,0,0,-1.000000e+000,-1.000000e+000
5.162000e+001,4.023100e+002,0,0,-1.000000e+000,-1.000000e+000
5.162000e+001,4.023100e+002,0,0,-1.000000e+000,-1.000000e+000
7.267000e+001,4.098000e+002,0,0,-1.000000e+000,-1.000000e+000
7.267000e+001,4.098000e+002,0,0,-1.000000e+000,-1.000000e+000
1.276200e+002,4.135400e+002,0,0,-1.000000e+000,-1.000000e+000
1.276200e+002,4.135400e+002,0,0,-1.000000e+000,-1.000000e+000
4.405000e+001,4.277300e+002,0,0,-1.000000e+000,-1.000000e+000
4.405000e+001,4.277300e+002,0,0,-1.000000e+000,-1.000000e+000
2.395000e+001,4.402900e+002,0,0,-1.000000e+000,-1.000000e+000
1.007000e+001,4.480000e+002,0,0,-1.000000e+000,-1.000000e+000
1.007000e+001,4.480000e+002,0,0,-1.000000e+000,-1.000000e+000
3.951900e+002,6.991000e+001,0,0,-1.000000e+000,-1.000000e+000
4.059700e+002,1.452900e+002,1,1,4.018800e+002,1.380600e+002
5.310800e+002,1.521900e+002,1,1,5.274700e+002,1.446800e+002
5.924700e+002,1.565100e+002,0,0,-1.000000e+000,-1.000000e+000
5.939800e+002,1.601600e+002,1,1,5.907600e+002,1.523800e+002
3.107100e+002,1.606300e+002,1,1,3.052800e+002,1.538300e+002
5.594100e+002,1.693000e+002,0,0,-1.000000e+000,-1.000000e+000
3.862400e+002,1.748100e+002,1,1,3.811100e+002,1.678700e+002
3.862400e+002,1.748100e+002,1,1,3.811100e+002,1.678700e+002
5.937400e+002,1.749300e+002,1,1,5.887500e+002,1.676500e+002
5.885800e+002,1.777300e+002,0,0,-1.000000e+000,-1.000000e+000
6.192300e+002,1.800100e+002,0,0,-1.000000e+000,-1.000000e+000
2.125100e+002,1.959200e+002,0,0,-1.000000e+000,-1.000000e+000
5.301300e+002,1.968400e+002,1,1,5.264400e+002,1.891100e+002
2.614600e+002,2.020200e+002,0,0,-1.000000e+000,-1.000000e+000
5.752600e+002,2.019300e+002,1,1,5.712300e+002,1.945900e+002
5.752600e+002,2.019300e+002,1,1,5.712300e+002,1.945900e+002
5.655400e+002,2.043900e+002,1,1,5.605600e+002,1.964400e+002
2.565300e+002,2.231900e+002,1,1,2.514900e+002,2.163600e+002
4.605000e+002,2.535100e+002,0,0,-1.000000e+000,-1.000000e+000
3.630800e+002,2.843300e+002,1,1,3.571600e+002,2.777000e+002
3.569200e+002,2.908100e+002,1,1,3.496900e+002,2.845200e+002
1.596100e+002,2.979000e+002,0,0,-1.000000e+000,-1.000000e+000
1.212700e+002,3.065800e+002,0,0,-1.000000e+000,-1.000000e+000
5.755000e+002,3.244800e+002,1,1,5.710700e+002,3.177800e+002
5.690700e+002,3.285700e+002,0,0,-1.000000e+000,-1.000000e+000
1.669600e+002,3.288300e+002,0,0,-1.000000e+000,-1.000000e+000
1.737600e+002,3.291200e+002,0,0,-1.000000e+000,-1.000000e+000
1.737600e+002,3.291200e+002,1,1,1.676600e+002,3.233200e+002
1.879400e+002,3.297900e+002,1,1,1.814800e+002,3.239300e+002
1.562100e+002,3.314000e+002,1,1,1.496100e+002,3.255400e+002
1.660300e+002,3.333800e+002,1,1,1.594100e+002,3.274200e+002
1.808700e+002,3.346100e+002,0,0,-1.000000e+000,-1.000000e+000
1.808700e+002,3.346100e+002,0,0,-1.000000e+000,-1.000000e+000
1.729900e+002,3.383000e+002,1,1,1.665300e+002,3.327900e+002
1.939300e+002,3.385300e+002,0,0,-1.000000e+000,-1.000000e+000
1.939300e+002,3.385300e+002,0,0,-1.000000e+000,-1.000000e+000
1.600800e+002,3.395300e+002,0,0,-1.000000e+000,-1.000000e+000
1.867500e+002,3.423300e+002,1,1,1.799000e+002,3.368800e+002
1.867500e+002,3.423300e+002,1,1,1.799000e+002,3.368800e+002
1.801700e+002,3.431900e+002,1,1,1.737500e+002,3.372900e+002
1.949800e+002,3.433900e+002,0,0,-1.000000e+000,-1.000000e+000
1.353000e+002,3.444300e+002,0,0,-1.000000e+000,-1.000000e+000
1.495200e+002,3.451700e+002,0,0,-1.000000e+000,-1.000000e+000
1.495200e+002,3.451700e+002,0,0,-1.000000e+000,-1.000000e+000
1.302100e+002,3.465500e+002,1,1,1.235200e+002,3.408100e+002
1.060200e+002,3.472600e+002,0,0,-1.000000e+000,-1.000000e+000
2.203000e+002,3.491700e+002,0,0,-1.000000e+000,-1.000000e+000
2.203000e+002,3.491700e+002,0,0,-1.000000e+000,-1.000000e+000
1.418400e+002,3.499700e+002,0,0,-1.000000e+000,-1.000000e+000
1.837800e+002,3.512200e+002,1,1,1.777800e+002,3.457300e+002
9.802000e+001,3.518700e+002,0,0,-1.000000e+000,-1.000000e+000
8.943000e+001,3.567600e+002,0,0,-1.000000e+000,-1.000000e+000
1.017900e+002,3.581400e+002,0,0,-1.000000e+000,-1.000000e+000
1.593800e+002,3.582100e+002,1,1,1.522800e+002,3.522700e+002
8.382000e+001,3.583000e+002,0,0,-1.000000e+000,-1.000000e+000
8.382000e+001,3.583000e+002,0,0,-1.000000e+000,-1.000000e+000
8.701000e+001,3.605700e+002,0,0,-1.000000e+000,-1.000000e+000
8.701000e+001,3.605700e+002,0,0,-1.000000e+000,-1.000000e+000
1.618400e+002,3.639900e+002,1,1,1.556000e+002,3.586500e+002
1.618400e+002,3.639900e+002,1,1,1.556000e+002,3.586500e+002
9.492000e+001,3.675500e+002,0,0,-1.000000e+000,-1.000000e+000
1.087300e+002,3.676600e+002,0,0,-1.000000e+000,-1.000000e+000
1.578500e+002,3.674700e+002,1,1,1.508800e+002,3.615200e+002
6.819000e+001,3.692300e+002,0,0,-1.000000e+000,-1.000000e+000
8.582000e+001,3.722500e+002,0,0,-1.000000e+000,-1.000000e+000
5.926000e+001,3.741700e+002,0,0,-1.000000e+000,-1.000000e+000
7.719000e+001,3.772800e+002,0,0,-1.000000e+000,-1.000000e+000
1.105300e+002,3.776700e+002,0,0,-1.000000e+000,-1.000000e+000
1.105300e+002,3.776700e+002,0,0,-1.000000e+000,-1.000000e+000
1.273200e+002,3.785400e+002,0,0,-1.000000e+000,-1.000000e+000
1.273200e+002,3.785400e+002,0,0,-1.000000e+000,-1.000000e+000
5.039000e+001,3.795500e+002,0,0,-1.000000e+000,-1.000000e+000
4.396000e+001,3.808800e+002,0,0,-1.000000e+000,-1.000000e+000
4.396000e+001,3.808800e+002,0,0,-1.000000e+000,-1.000000e+000
1.239800e+002,3.876600e+002,0,0,-1.000000e+000,-1.000000e+000
9.304000e+001,3.880800e+002,0,0,-1.000000e+000,-1.000000e+000
6.005000e+001,3.885200e+002,0,0,-1.000000e+000,-1.000000e+000
4.098000e+001,3.896700e+002,0,0,-1.000000e+000,-1.000000e+000
1.037100e+002,3.904400e+002,1,1,9.730000e+001,3.850100e+002
2.706000e+001,3.929200e+002,0,0,-1.000000e+000,-1.000000e+000
5.051000e+001,3.935100e+002,0,0,-1.000000e+000,-1.000000e+000
1.022000e+002,3.945800e+002,1,1,9.519000e+001,3.896000e+002
1.126600e+002,3.942900e+002,0,0,-1.000000e+000,-1.000000e+000
9.525000e+001,3.958800e+002,0,0,-1.000000e+000,-1.000000e+000
1.736000e+001,3.984000e+002,0,0,-1.000000e+000,-1.000000e+000
4.087000e+001,3.991200e+002,0,0,-1.000000e+000,-1.000000e+000
9.367000e+001,4.002600e+002,0,0,-1.000000e+000,-1.000000e+000
8.650000e+001,4.016200e+002,0,0,-1.000000e+000,-1.000000e+000
3.709000e+001,4.024400e+002,0,0,-1.000000e+000,-1.000000e+000
7.300000e+000,4.041300e+002,0,0,-1.000000e+000,-1.000000e+000
8.490000e+001,4.058200e+002,0,0,-1.000000e+000,-1.000000e+000
1.909000e+001,4.063400e+002,0,0,-1.000000e+000,-1.000000e+000
7.830000e+001,4.071500e+002,0,0,-1.000000e+000,-1.000000e+000
7.830000e+001,4.071500e+002,0,0,-1.000000e+000,-1.000000e+000
7.580000e+001,4.117100e+002,0,0,-1.000000e+000,-1.000000e+000
6.813000e+001,4.132600e+002,0,0,-1.000000e+000,-1.000000e+000
1.180000e+001,4.166600e+002,0,0,-1.000000e+000,-1.000000e+000
6.719000e+001,4.175600e+002,0,0,-1.000000e+000,-1.000000e+000
4.146000e+001,4.183600e+002,0,0,-1.000000e+000,-1.000000e+000
4.146000e+001,4.183600e+002,0,0,-1.000000e+000,-1.000000e+000
5.772000e+001,4.233300e+002,0,0,-1.000000e+000,-1.000000e+000
5.772000e+001,4.233300e+002,0,0,-1.000000e+000,-1.000000e+000
7.663000e+001,4.253800e+002,1,1,7.126000e+001,4.189800e+002
7.663000e+001,4.253800e+002,1,1,7.126000e+001,4.189800e+002
1.270000e+001,4.258500e+002,0,0,-1.000000e+000,-1.000000e+000
1.270000e+001,4.258500e+002,0,0,-1.000000e+000,-1.000000e+000
5.615000e+001,4.305500e+002,0,0,-1.000000e+000,-1.000000e+000
5.615000e+001,4.305500e+002,0,0,-1.000000e+000,-1.000000e+000
4.372000e+001,4.387500e+002,0,0,-1.000000e+000,-1.000000e+000
4.372000e+001,4.387500e+002,1,1,3.621000e+001,4.336600e+002
3.045000e+001,4.465500e+002,0,0,-1.000000e+000,-1.000000e+000
1.759000e+001,4.550500e+002,0,0,-1.000000e+000,-1.000000e+000
5.374000e+002,3.395000e+001,1,1,5.315700e+002,2.730000e+001
5.383800e+002,1.066400e+002,0,0,-1.000000e+000,-1.000000e+000
5.309000e+002,1.363200e+002,0,0,-1.000000e+000,-1.000000e+000
4.552300e+002,1.389100e+002,0,0,-1.000000e+000,-1.000000e+000
5.361500e+002,1.400500e+002,0,0,-1.000000e+000,-1.000000e+000
5.361500e+002,1.400500e+002,0,0,-1.000000e+000,-1.000000e+000
4.060700e+002,1.452500e+002,0,0,-1.000000e+000,-1.000000e+000
6.146300e+002,1.476900e+002,1,1,6.119900e+002,1.399000e+002
5.353500e+002,1.558300e+002,1,1,5.310100e+002,1.471200e+002
5.825500e+002,1.656800e+002,1,1,5.785100e+002,1.581300e+002
6.007300e+002,1.668100e+002,1,1,5.979800e+002,1.597100e+002
1.723500e+002,1.712200e+002,0,0,-1.000000e+000,-1.000000e+000
2.559400e+002,2.242600e+002,0,0,-1.000000e+000,-1.000000e+000
6.025900e+002,2.255300e+002,1,1,5.991900e+002,2.181700e+002
2.342000e+002,2.273100e+002,0,0,-1.000000e+000,-1.000000e+000
2.254100e+002,2.383200e+002,1,1,2.204800e+002,2.320100e+002
1.811900e+002,2.452300e+002,1,1,1.746500e+002,2.393100e+002
1.741800e+002,2.551000e+002,0,0,-1.000000e+000,-1.000000e+000
4.831300e+002,2.649000e+002,1,1,4.789600e+002,2.579800e+002
2.544400e+002,2.830200e+002,0,0,-1.000000e+000,-1.000000e+000
4.388200e+002,2.941600e+002,1,1,4.339500e+002,2.871500e+002
3.832400e+002,3.091200e+002,0,0,-1.000000e+000,-1.000000e+000
3.832400e+002,3.091200e+002,0,0,-1.000000e+000,-1.000000e+000
5.759000e+002,3.239600e+002,0,0,-1.000000e+000,-1.000000e+000
2.223900e+002,3.291300e+002,0,0,-1.000000e+000,-1.000000e+000
1.312700e+002,3.357300e+002,0,0,-1.000000e+000,-1.000000e+000
2.010800e+002,3.447800e+002,0,0,-1.000000e+000,-1.000000e+000
1.122200e+002,3.467600e+002,1,1,1.049800e+002,3.415800e+002
1.041400e+002,3.515200e+002,0,0,-1.000000e+000,-1.000000e+000
1.793700e+002,3.535500e+002,0,0,-1.000000e+000,-1.000000e+000
9.609000e+001,3.562700e+002,1,1,8.857000e+001,3.512200e+002
9.678000e+001,3.623000e+002,0,0,-1.000000e+000,-1.000000e+000
1.014400e+002,3.733200e+002,0,0,-1.000000e+000,-1.000000e+000
1.014400e+002,3.733200e+002,0,0,-1.000000e+000,-1.000000e+000
1.407900e+002,3.782400e+002,1,1,1.335200e+002,3.728300e+002
1.407900e+002,3.782400e+002,0,0,-1.000000e+000,-1.000000e+000
5.708000e+001,3.787500e+002,0,0,-1.000000e+000,-1.000000e+000
9.298000e+001,3.785300e+002,0,0,-1.000000e+000,-1.000000e+000
9.298000e+001,3.785300e+002,0,0,-1.000000e+000,-1.000000e+000
1.210300e+002,3.799500e+002,1,1,1.143300e+002,3.744600e+002
1.017800e+002,3.827800e+002,0,0,-1.000000e+000,-1.000000e+000
8.431000e+001,3.838000e+002,0,0,-1.000000e+000,-1.000000e+000
1.203600e+002,3.849700e+002,0,0,-1.000000e+000,-1.000000e+000
1.303600e+002,3.844800e+002,0,0,-1.000000e+000,-1.000000e+000
7.582000e+001,3.892700e+002,0,0,-1.000000e+000,-1.000000e+000
7.582000e+001,3.892700e+002,0,0,-1.000000e+000,-1.000000e+000
6.607000e+001,3.944800e+002,0,0,-1.000000e+000,-1.000000e+000
6.607000e+001,3.944800e+002,0,0,-1.000000e+000,-1.000000e+000
8.459000e+001,3.936800e+002,0,0,-1.000000e+000,-1.000000e+000
7.528000e+001,3.990000e+002,1,1,6.822000e+001,3.936400e+002
5.715000e+001,4.001900e+002,0,0,-1.000000e+000,-1.000000e+000
5.715000e+001,4.001900e+002,0,0,-1.000000e+000,-1.000000e+000
3.196000e+001,4.052400e+002,0,0,-1.000000e+000,-1.000000e+000
6.615000e+001,4.046200e+002,0,0,-1.000000e+000,-1.000000e+000
4.801000e+001,4.058500e+002,0,0,-1.000000e+000,-1.000000e+000
4.840000e+000,4.087800e+002,0,0,-1.000000e+000,-1.000000e+000
5.701000e+001,4.102300e+002,0,0,-1.000000e+000,-1.000000e+000
5.701000e+001,4.102300e+002,0,0,-1.000000e+000,-1.000000e+000
2.230000e+001,4.108600e+002,0,0,-1.000000e+000,-1.000000e+000
3.768000e+001,4.111900e+002,0,0,-1.000000e+000,-1.000000e+000
4.752000e+001,4.162700e+002,0,0,-1.000000e+000,-1.000000e+000
1.200000e+001,4.167800e+002,0,0,-1.000000e+000,-1.000000e+000
2.844000e+001,4.174400e+002,0,0,-1.000000e+000,-1.000000e+000
3.768000e+001,4.222400e+002,0,0,-1.000000e+000,-1.000000e+000
1.843000e+001,4.232500e+002,0,0,-1.000000e+000,-1.000000e+000
4.944000e+001,4.249800e+002,0,0,-1.000000e+000,-1.000000e+000
2.800000e+001,4.284000e+002,0,0,-1.000000e+000,-1.000000e+000
2.800000e+001,4.284000e+002,0,0,-1.000000e+000,-1.000000e+000
3.978000e+001,4.313500e+002,0,0,-1.000000e+000,-1.000000e+000
2.926000e+001,4.375000e+002,1,1,2.134000e+001,4.324000e+002
3.283100e+002,4.651200e+002,1,1,3.199100e+002,4.608500e+002
5.335800e+002,3.971000e+001,0,0,-1.000000e+000,-1.000000e+000
5.423200e+002,5.843000e+001,1,1,5.379900e+002,4.930000e+001
5.408000e+002,7.360000e+001,0,0,-1.000000e+000,-1.000000e+000
6.248200e+002,8.148000e+001,1,1,6.210900e+002,7.453000e+001
6.219800e+002,1.112700e+002,1,1,6.184200e+002,1.038700e+002
5.364400e+002,1.312500e+002,0,0,-1.000000e+000,-1.000000e+000
3.928300e+002,1.404800e+002,1,1,3.880100e+002,1.333000e+002
3.835700e+002,1.745700e+002,0,0,-1.000000e+000,-1.000000e+000
3.835700e+002,1.745700e+002,0,0,-1.000000e+000,-1.000000e+000
5.607800e+002,1.737400e+002,1,1,5.567300e+002,1.661600e+002
5.608800e+002,1.802400e+002,1,1,5.572100e+002,1.728800e+002
5.690700e+002,1.845500e+002,1,1,5.646300e+002,1.776700e+002
5.506600e+002,1.902200e+002,1,1,5.466200e+002,1.821600e+002
5.002300e+002,2.067300e+002,0,0,-1.000000e+000,-1.000000e+000
5.693400e+002,2.069700e+002,1,1,5.657500e+002,1.996700e+002
4.806300e+002,2.311700e+002,1,1,4.765600e+002,2.243200e+002
2.280300e+002,2.321200e+002,1,1,2.234000e+002,2.256500e+002
2.494500e+002,2.478000e+002,0,0,-1.000000e+000,-1.000000e+000
4.935800e+002,2.499200e+002,1,1,4.871200e+002,2.438400e+002
4.354500e+002,2.613600e+002,1,1,4.304200e+002,2.544400e+002
5.751900e+002,3.292300e+002,1,0,5.698800e+002,3.222600e+002
1.385800e+002,3.308000e+002,0,0,-1.000000e+000,-1.000000e+000
2.085900e+002,3.393400e+002,1,1,2.018300e+002,3.338900e+002
1.767000e+002,3.597100e+002,1,1,1.698800e+002,3.541900e+002
1.690600e+002,3.649700e+002,1,1,1.622900e+002,3.596400e+002
8.805000e+001,3.664500e+002,1,1,8.130000e+001,3.612100e+002
7.450000e+001,3.681500e+002,0,0,-1.000000e+000,-1.000000e+000
7.450000e+001,3.681500e+002,1,0,5.794000e+001,3.680200e+002
6.555000e+001,3.734200e+002,1,1,5.794000e+001,3.680200e+002
1.481000e+002,3.782400e+002,1,1,1.408600e+002,3.728300e+002
6.191000e+001,3.828300e+002,0,0,-1.000000e+000,-1.000000e+000
1.380700e+002,3.848200e+002,0,0,-1.000000e+000,-1.000000e+000
5.316000e+001,3.881100e+002,0,0,-1.000000e+000,-1.000000e+000
1.193100e+002,3.915400e+002,1,1,1.125400e+002,3.861400e+002
1.193100e+002,3.915400e+002,1,1,1.125400e+002,3.861400e+002
1.279700e+002,3.914200e+002,0,0,-1.000000e+000,-1.000000e+000
3.290000e+001,3.914100e+002,0,0,-1.000000e+000,-1.000000e+000
2.411000e+001,3.975100e+002,0,0,-1.000000e+000,-1.000000e+000
1.166000e+002,3.983000e+002,1,1,1.091700e+002,3.931400e+002
1.082200e+002,3.986900e+002,0,0,-1.000000e+000,-1.000000e+000
1.082200e+002,3.986900e+002,0,0,-1.000000e+000,-1.000000e+000
3.433000e+001,3.997000e+002,0,0,-1.000000e+000,-1.000000e+000
1.436000e+001,4.031900e+002,0,0,-1.000000e+000,-1.000000e+000
2.463000e+001,4.051400e+002,0,0,-1.000000e+000,-1.000000e+000
1.467000e+001,4.107000e+002,0,0,-1.000000e+000,-1.000000e+000
6.215000e+001,4.278100e+002,1,1,5.471000e+001,4.227500e+002
5.082000e+001,4.351900e+002,0,0,-1.000000e+000,-1.000000e+000
5.082000e+001,4.351900e+002,1,1,4.344000e+001,4.301200e+002
6.048000e+001,4.345000e+002,1,1,5.235000e+001,4.296000e+002
3.878000e+001,4.433100e+002,0,0,-1.000000e+000,-1.000000e+000
3.878000e+001,4.433100e+002,1,1,3.124000e+001,4.382400e+002
4.741000e+001,4.426900e+002,1,1,3.950000e+001,4.380600e+002
2.541000e+001,4.513700e+002,1,1,1.794000e+001,4.464200e+002
3.506000e+001,4.511400e+002,0,0,-1.000000e+000,-1.000000e+000
5.994100e+002,1.079000e+001,0,0,-1.000000e+000,-1.000000e+000
5.255500e+002,1.688000e+001,1,1,5.220800e+002,8.010000e+000
6.276300e+002,6.071000e+001,1,0,6.243100e+002,4.394000e+001
3.931400e+002,1.330800e+002,1,1,3.880900e+002,1.257400e+002
5.345300e+002,1.463700e+002,0,0,-1.000000e+000,-1.000000e+000
5.345300e+002,1.463700e+002,1,1,5.308500e+002,1.386400e+002
5.345300e+002,1.463700e+002,1,1,5.308500e+002,1.386400e+002
3.821100e+002,1.744000e+002,0,0,-1.000000e+000,-1.000000e+000
3.821100e+002,1.744000e+002,1,1,3.783000e+002,1.674600e+002
2.653400e+002,2.031200e+002,0,0,-1.000000e+000,-1.000000e+000
4.687600e+002,2.080000e+002,1,1,4.646600e+002,2.005600e+002
5.289700e+002,2.271800e+002,1,1,5.244400e+002,2.201600e+002
2.527200e+002,2.399300e+002,1,1,2.476300e+002,2.335600e+002
2.527200e+002,2.399300e+002,1,1,2.476300e+002,2.335600e+002
2.379100e+002,2.418200e+002,1,1,2.325900e+002,2.355900e+002
4.661000e+002,2.533900e+002,1,1,4.623000e+002,2.453600e+002
1.301900e+002,2.737200e+002,0,0,-1.000000e+000,-1.000000e+000
4.867600e+002,2.865300e+002,1,1,4.818100e+002,2.793800e+002
2.257600e+002,3.073500e+002,1,1,2.198300e+002,3.011900e+002
1.970400e+002,3.081000e+002,1,1,1.918100e+002,3.005900e+002
5.437700e+002,3.658900e+002,1,1,5.395200e+002,3.584500e+002
5.999700e+002,1.024000e+001,0,0,-1.000000e+000,-1.000000e+000
5.999700e+002,1.024000e+001,0,0,-1.000000e+000,-1.000000e+000
5.281000e+002,4.837000e+001,1,1,5.242900e+002,4.051000e+001
5.587900e+002,6.620000e+001,1,1,5.540800e+002,5.801000e+001
3.865300e+002,1.403600e+002,0,0,-1.000000e+000,-1.000000e+000
3.865300e+002,1.403600e+002,0,0,-1.000000e+000,-1.000000e+000
4.547500e+002,1.422700e+002,1,1,4.504600e+002,1.346600e+002
4.849500e+002,1.520200e+002,0,0,-1.000000e+000,-1.000000e+000
1.749400e+002,1.676600e+002,1,1,1.676000e+002,1.617300e+002
5.799400e+002,1.864400e+002,1,1,5.757100e+002,1.792200e+002
2.681600e+002,2.040200e+002,1,1,2.635600e+002,1.977400e+002
1.802200e+002,2.223900e+002,0,0,-1.000000e+000,-1.000000e+000
4.657600e+002,2.540900e+002,0,0,-1.000000e+000,-1.000000e+000
3.879500e+002,2.737700e+002,0,0,-1.000000e+000,-1.000000e+000
2.497500e+002,2.816400e+002,1,1,2.444400e+002,2.754600e+002
4.360800e+002,2.964300e+002,0,0,-1.000000e+000,-1.000000e+000
1.383200e+002,2.990000e+002,1,1,1.320300e+002,2.934800e+002
2.267600e+002,3.073100e+002,1,1,2.205000e+002,3.012500e+002
3.867500e+002,3.101300e+002,1,1,3.810500e+002,3.036300e+002
5.853000e+001,3.255000e+002,1,1,5.191000e+001,3.194300e+002
5.472100e+002,3.476900e+002,0,0,-1.000000e+000,-1.000000e+000
1.684500e+002,3.511000e+002,1,1,1.621200e+002,3.453200e+002
2.957000e+001,4.658200e+002,0,0,-1.000000e+000,-1.000000e+000
6.175900e+002,5.458000e+001,1,1,6.157800e+002,4.474000e+001
5.548500e+002,5.526000e+001,1,1,5.525000e+002,4.685000e+001
1.455500e+002,1.228000e+002,1,1,1.396500e+002,1.150200e+002
1.455500e+002,1.228000e+002,1,1,1.396500e+002,1.150200e+002
6.246700e+002,1.386800e+002,1,1,6.216900e+002,1.314000e+002
2.684800e+002,2.201300e+002,1,1,2.629300e+002,2.138600e+002
2.515000e+002,2.284500e+002,1,1,2.450700e+002,2.223500e+002
2.419700e+002,2.299700e+002,1,1,2.366100e+002,2.236000e+002
1.695200e+002,2.651000e+002,1,1,1.634400e+002,2.591800e+002
1.447000e+002,2.841800e+002,1,1,1.384300e+002,2.783800e+002
3.441700e+002,3.193000e+002,1,1,3.384200e+002,3.130000e+002
2.191000e+002,3.396900e+002,1,1,2.129600e+002,3.335300e+002
5.654700e+002,3.403000e+002,1,1,5.612100e+002,3.328600e+002
1.543700e+002,1.084300e+002,1,1,1.475400e+002,1.015200e+002
3.757200e+002,1.180000e+002,0,0,-1.000000e+000,-1.000000e+000
3.694700e+002,1.384300e+002,1,0,3.711400e+002,1.300900e+002
6.082200e+002,1.378700e+002,1,1,6.073000e+002,1.307800e+002
4.544400e+002,1.446800e+002,0,0,-1.000000e+000,-1.000000e+000
5.731300e+002,1.748300e+002,1,1,5.692400e+002,1.676400e+002
2.702900e+002,2.047900e+002,0,0,-1.000000e+000,-1.000000e+000
4.801300e+002,2.210400e+002,1,1,4.758500e+002,2.136700e+002
4.801300e+002,2.210400e+002,1,1,4.758500e+002,2.136700e+002
4.697300e+002,2.388000e+002,1,1,4.640700e+002,2.311300e+002
4.957100e+002,2.647200e+002,1,1,4.907800e+002,2.572400e+002
1.579400e+002,2.809500e+002,1,1,1.524200e+002,2.748800e+002
3.608200e+002,2.853000e+002,1,1,3.553500e+002,2.792000e+002
2.107200e+002,3.066800e+002,1,1,2.048700e+002,3.007600e+002
3.444700e+002,3.176900e+002,0,0,-1.000000e+000,-1.000000e+000
5.460700e+002,1.794800e+002,1,1,5.426100e+002,1.720800e+002
5.747200e+002,1.980300e+002,1,1,5.712500e+002,1.898300e+002
1.301900e+002,2.654900e+002,1,1,1.248500e+002,2.594000e+002
2.524800e+002,3.115400e+002,1,1,2.461700e+002,3.055700e+002
2.524800e+002,3.115400e+002,1,1,2.461700e+002,3.055700e+002
2.318100e+002,3.259900e+002,0,0,-1.000000e+000,-1.000000e+000
1.106300e+002,3.290100e+002,1,1,1.030100e+002,3.242000e+002
3.924000e+001,3.335100e+002,1,1,3.247000e+001,3.288400e+002
4.117000e+002,1.348200e+002,1,1,4.076400e+002,1.273500e+002
3.464100e+002,1.709900e+002,1,1,3.421100e+002,1.638600e+002
1.510900e+002,2.392500e+002,1,1,1.466500e+002,2.342600e+002
4.655900e+002,2.379700e+002,0,0,-1.000000e+000,-1.000000e+000
5.773200e+002,4.391000e+001,1,1,5.731900e+002,3.576000e+001
5.257000e+002,1.771800e+002,0,0,-1.000000e+000,-1.000000e+000
1.837500e+002,1.847300e+002,1,1,1.771000e+002,1.784500e+002
1.837500e+002,1.847300e+002,1,1,1.771000e+002,1.784500e+002
2.426000e+002,2.003700e+002,1,1,2.375200e+002,1.936200e+002
2.426000e+002,2.003700e+002,1,1,2.375200e+002,1.936200e+002
4.567200e+002,2.383600e+002,0,0,-1.000000e+000,-1.000000e+000
2.789500e+002,2.440700e+002,1,1,2.731700e+002,2.373900e+002
1.119000e+002,2.972900e+002,1,1,1.062200e+002,2.912300e+002
6.212000e+001,3.114300e+002,1,1,5.575000e+001,3.056200e+002
1.456300e+002,3.160300e+002,1,1,1.396400e+002,3.101000e+002
2.500500e+002,3.408400e+002,1,1,2.442900e+002,3.348000e+002
2.174000e+002,2.120900e+002,0,0,-1.000000e+000,-1.000000e+000
3.023000e+002,2.159500e+002,1,1,2.943300e+002,2.084700e+002
5.261500e+002,2.202600e+002,1,1,5.257600e+002,2.115900e+002
1.451000e+002,2.299600e+002,1,0,1.352400e+002,2.192400e+002
5.880500e+002,3.026700e+002,1,1,5.844600e+002,2.942300e+002
3.819000e+001,3.432400e+002,0,0,-1.000000e+000,-1.000000e+000
5.115100e+002,1.769400e+002,0,0,-1.000000e+000,-1.000000e+000
2.221800e+002,2.658700e+002,1,1,2.165600e+002,2.596600e+002
4.491400e+002,2.808300e+002,1,1,4.453500e+002,2.735700e+002
5.700600e+002,1.344100e+002,1,1,5.672700e+002,1.222900e+002
3.375700e+002,2.306800e+002,1,1,3.326700e+002,2.246600e+002
3.375700e+002,2.306800e+002,1,1,3.326700e+002,2.246600e+002
4.985800e+002,4.024400e+002,1,1,4.939500e+002,3.957400e+002
2.953500e+002,3.078100e+002,1,1,2.888700e+002,3.013800e+002
1.585500e+002,3.489700e+002,0,0,1.000000e+000,-1.000000e+000