4.358500e+002,2.480000e+000,0,0,-1.000000e+000,-1.000000e+000
4.358500e+002,2.480000e+000,0,0,-1.000000e+000,-1.000000e+000
3.938800e+002,4.350000e+000,0,0,-1.000000e+000,-1.000000e+000
6.344200e+002,7.150000e+000,0,0,-1.000000e+000,-1.000000e+000
5.904500e+002,9.290000e+000,0,0,-1.000000e+000,-1.000000e+000
6.071400e+002,9.440000e+000,0,0,-1.000000e+000,-1.000000e+000
6.071400e+002,9.440000e+000,0,0,-1.000000e+000,-1.000000e+000
6.015500e+002,1.022000e+001,0,0,-1.000000e+000,-1.000000e+000
5.959400e+002,1.029000e+001,1,1,6.033300e+002,4.660000e+000
3.933600e+002,1.272000e+001,0,0,-1.000000e+000,-1.000000e+000
3.931300e+002,1.668000e+001,0,0,-1.000000e+000,-1.000000e+000
6.288000e+002,2.061000e+001,0,0,-1.000000e+000,-1.000000e+000
3.930600e+002,2.532000e+001,0,0,-1.000000e+000,-1.000000e+000
5.064800e+002,2.839000e+001,0,0,-1.000000e+000,-1.000000e+000
6.310400e+002,3.196000e+001,0,0,-1.000000e+000,-1.000000e+000
6.248100e+002,3.283000e+001,0,0,-1.000000e+000,-1.000000e+000
3.927100e+002,3.385000e+001,0,0,-1.000000e+000,-1.000000e+000
4.799400e+002,4.534000e+001,0,0,-1.000000e+000,-1.000000e+000
5.815900e+002,4.565000e+001,0,0,-1.000000e+000,-1.000000e+000
3.949200e+002,4.624000e+001,0,0,-1.000000e+000,-1.000000e+000
4.691700e+002,5.903000e+001,0,0,-1.000000e+000,-1.000000e+000
4.691700e+002,5.903000e+001,0,0,-1.000000e+000,-1.000000e+000
5.500500e+002,6.281000e+001,0,0,-1.000000e+000,-1.000000e+000
5.919800e+002,6.333000e+001,0,0,-1.000000e+000,-1.000000e+000
5.875000e+002,6.439000e+001,0,0,-1.000000e+000,-1.000000e+000
5.946200e+002,6.525000e+001,0,0,-1.000000e+000,-1.000000e+000
5.428600e+002,6.698000e+001,0,0,-1.000000e+000,-1.000000e+000
5.750400e+002,6.964000e+001,0,0,-1.000000e+000,-1.000000e+000
5.712000e+002,7.049000e+001,0,0,-1.000000e+000,-1.000000e+000
5.693500e+002,7.096000e+001,0,0,-1.000000e+000,-1.000000e+000
5.555300e+002,7.178000e+001,0,0,-1.000000e+000,-1.000000e+000
5.505600e+002,7.251000e+001,0,0,-1.000000e+000,-1.000000e+000
5.559800e+002,7.381000e+001,0,0,-1.000000e+000,-1.000000e+000
5.481900e+002,7.603000e+001,0,0,-1.000000e+000,-1.000000e+000
4.130200e+002,7.963000e+001,0,0,-1.000000e+000,-1.000000e+000
3.929400e+002,8.102000e+001,0,0,-1.000000e+000,-1.000000e+000
6.216400e+002,8.993000e+001,1,1,6.295900e+002,8.503000e+001
6.216400e+002,8.993000e+001,1,1,6.295900e+002,8.503000e+001
6.334800e+002,1.000200e+002,0,0,-1.000000e+000,-1.000000e+000
6.336400e+002,1.025100e+002,0,0,-1.000000e+000,-1.000000e+000
3.915000e+002,1.134400e+002,1,1,3.975600e+002,1.083800e+002
6.184400e+002,1.134700e+002,0,0,-1.000000e+000,-1.000000e+000
1.528600e+002,1.165800e+002,0,0,-1.000000e+000,-1.000000e+000
1.428300e+002,1.180800e+002,0,0,-1.000000e+000,-1.000000e+000
4.747300e+002,1.184100e+002,0,0,-1.000000e+000,-1.000000e+000
4.747300e+002,1.184100e+002,0,0,-1.000000e+000,-1.000000e+000
6.114100e+002,1.188500e+002,0,0,-1.000000e+000,-1.000000e+000
1.316900e+002,1.200300e+002,0,0,-1.000000e+000,-1.000000e+000
1.403200e+002,1.212700e+002,0,0,-1.000000e+000,-1.000000e+000
1.213800e+002,1.218300e+002,0,0,-1.000000e+000,-1.000000e+000
1.282400e+002,1.232000e+002,0,0,-1.000000e+000,-1.000000e+000
1.226700e+002,1.243400e+002,0,0,-1.000000e+000,-1.000000e+000
1.034100e+002,1.249700e+002,0,0,-1.000000e+000,-1.000000e+000
1.119800e+002,1.260700e+002,1,1,1.153900e+002,1.203700e+002
9.543000e+001,1.289600e+002,0,0,-1.000000e+000,-1.000000e+000
4.538000e+002,1.290500e+002,0,0,-1.000000e+000,-1.000000e+000
4.491300e+002,1.302100e+002,0,0,-1.000000e+000,-1.000000e+000
4.491300e+002,1.302100e+002,0,0,-1.000000e+000,-1.000000e+000
7.201000e+001,1.306500e+002,0,0,-1.000000e+000,-1.000000e+000
1.391200e+002,1.313800e+002,0,0,-1.000000e+000,-1.000000e+000
6.362000e+001,1.319600e+002,0,0,-1.000000e+000,-1.000000e+000
4.242600e+002,1.334000e+002,0,0,-1.000000e+000,-1.000000e+000
3.905700e+002,1.342000e+002,0,0,-1.000000e+000,-1.000000e+000
6.315000e+001,1.347900e+002,0,0,-1.000000e+000,-1.000000e+000
3.857300e+002,1.354700e+002,0,0,-1.000000e+000,-1.000000e+000
4.129300e+002,1.360600e+002,0,0,-1.000000e+000,-1.000000e+000
5.289700e+002,1.359200e+002,0,0,-1.000000e+000,-1.000000e+000
1.253000e+002,1.364200e+002,0,0,-1.000000e+000,-1.000000e+000
3.875100e+002,1.372600e+002,0,0,-1.000000e+000,-1.000000e+000
3.875100e+002,1.372600e+002,0,0,-1.000000e+000,-1.000000e+000
1.160500e+002,1.381400e+002,0,0,-1.000000e+000,-1.000000e+000
6.153500e+002,1.385500e+002,0,0,-1.000000e+000,-1.000000e+000
4.131700e+002,1.388600e+002,0,0,-1.000000e+000,-1.000000e+000
3.923500e+002,1.403600e+002,0,0,-1.000000e+000,-1.000000e+000
3.152000e+001,1.405300e+002,1,1,3.317000e+001,1.350800e+002
5.291200e+002,1.405000e+002,0,0,-1.000000e+000,-1.000000e+000
6.155100e+002,1.413400e+002,0,0,-1.000000e+000,-1.000000e+000
5.408900e+002,1.447500e+002,0,0,-1.000000e+000,-1.000000e+000
5.087700e+002,1.485700e+002,0,0,-1.000000e+000,-1.000000e+000
3.455100e+002,1.493900e+002,0,0,-1.000000e+000,-1.000000e+000
4.989100e+002,1.515600e+002,0,0,-1.000000e+000,-1.000000e+000
4.000200e+002,1.531200e+002,0,0,-1.000000e+000,-1.000000e+000
3.058300e+002,1.541200e+002,0,0,-1.000000e+000,-1.000000e+000
4.883300e+002,1.540800e+002,0,0,-1.000000e+000,-1.000000e+000
1.546000e+001,1.543800e+002,1,1,1.655000e+001,1.489300e+002
4.348500e+002,1.543600e+002,0,0,-1.000000e+000,-1.000000e+000
4.854500e+002,1.549900e+002,0,0,-1.000000e+000,-1.000000e+000
3.640900e+002,1.609300e+002,0,0,-1.000000e+000,-1.000000e+000
2.833200e+002,1.619200e+002,0,0,-1.000000e+000,-1.000000e+000
2.669200e+002,1.635500e+002,0,0,-1.000000e+000,-1.000000e+000
5.136600e+002,1.656000e+002,1,1,5.204200e+002,1.606100e+002
3.543100e+002,1.660400e+002,0,0,-1.000000e+000,-1.000000e+000
5.899200e+002,1.677800e+002,0,0,-1.000000e+000,-1.000000e+000
5.271500e+002,1.694600e+002,0,0,-1.000000e+000,-1.000000e+000
5.805300e+002,1.714000e+002,0,0,-1.000000e+000,-1.000000e+000
5.865900e+002,1.714600e+002,0,0,-1.000000e+000,-1.000000e+000
6.102000e+002,1.733400e+002,0,0,-1.000000e+000,-1.000000e+000
5.416000e+002,1.770700e+002,0,0,-1.000000e+000,-1.000000e+000
2.085600e+002,1.777700e+002,0,0,-1.000000e+000,-1.000000e+000
5.649400e+002,1.773300e+002,0,0,-1.000000e+000,-1.000000e+000
2.169100e+002,1.781900e+002,0,0,-1.000000e+000,-1.000000e+000
2.950100e+002,1.784000e+002,0,0,-1.000000e+000,-1.000000e+000
3.646700e+002,1.790500e+002,0,0,-1.000000e+000,-1.000000e+000
2.190400e+002,1.800500e+002,1,1,2.242500e+002,1.743800e+002
5.306700e+002,1.801400e+002,0,0,-1.000000e+000,-1.000000e+000
5.373900e+002,1.799700e+002,0,0,-1.000000e+000,-1.000000e+000
5.426900e+002,1.816200e+002,0,0,-1.000000e+000,-1.000000e+000
3.737800e+002,1.832200e+002,0,0,-1.000000e+000,-1.000000e+000
5.929000e+002,1.836200e+002,1,1,5.995000e+002,1.790800e+002
6.189600e+002,1.841300e+002,0,0,-1.000000e+000,-1.000000e+000
6.098600e+002,1.852100e+002,0,0,-1.000000e+000,-1.000000e+000
1.562400e+002,1.860200e+002,0,0,-1.000000e+000,-1.000000e+000
5.879500e+002,1.861100e+002,0,0,-1.000000e+000,-1.000000e+000
2.641500e+002,1.866000e+002,0,0,-1.000000e+000,-1.000000e+000
5.801600e+002,1.879200e+002,0,0,-1.000000e+000,-1.000000e+000
2.623400e+002,1.895500e+002,0,0,-1.000000e+000,-1.000000e+000
6.183600e+002,1.898600e+002,0,0,-1.000000e+000,-1.000000e+000
6.183600e+002,1.898600e+002,0,0,-1.000000e+000,-1.000000e+000
2.589000e+002,1.904100e+002,0,0,-1.000000e+000,-1.000000e+000
3.714100e+002,1.911500e+002,0,0,-1.000000e+000,-1.000000e+000
5.748300e+002,1.910600e+002,0,0,-1.000000e+000,-1.000000e+000
2.518000e+002,1.922200e+002,0,0,-1.000000e+000,-1.000000e+000
5.624200e+002,1.931200e+002,1,1,5.688400e+002,1.885500e+002
3.910000e+002,1.940000e+002,0,0,-1.000000e+000,-1.000000e+000
5.745600e+002,1.941200e+002,0,0,-1.000000e+000,-1.000000e+000
1.595800e+002,1.952600e+002,0,0,-1.000000e+000,-1.000000e+000
3.949900e+002,1.959500e+002,0,0,-1.000000e+000,-1.000000e+000
2.350500e+002,1.963800e+002,1,1,2.397400e+002,1.909100e+002
5.958700e+002,1.970000e+002,0,0,-1.000000e+000,-1.000000e+000
2.211200e+002,1.975100e+002,0,0,-1.000000e+000,-1.000000e+000
1.601400e+002,1.997000e+002,0,0,-1.000000e+000,-1.000000e+000
2.221100e+002,1.998800e+002,0,0,-1.000000e+000,-1.000000e+000
3.227500e+002,2.003500e+002,0,0,-1.000000e+000,-1.000000e+000
5.901900e+002,2.003200e+002,0,0,-1.000000e+000,-1.000000e+000
2.086000e+002,2.008800e+002,0,0,-1.000000e+000,-1.000000e+000
5.358100e+002,2.016400e+002,0,0,-1.000000e+000,-1.000000e+000
3.081400e+002,2.033900e+002,0,0,-1.000000e+000,-1.000000e+000
1.604300e+002,2.040800e+002,0,0,-1.000000e+000,-1.000000e+000
3.157900e+002,2.045600e+002,0,0,-1.000000e+000,-1.000000e+000
5.872200e+002,2.045300e+002,0,0,-1.000000e+000,-1.000000e+000
2.874700e+002,2.074600e+002,0,0,-1.000000e+000,-1.000000e+000
5.683200e+002,2.080800e+002,1,1,5.741900e+002,2.035000e+002
5.683200e+002,2.080800e+002,0,0,-1.000000e+000,-1.000000e+000
2.153800e+002,2.086000e+002,0,0,-1.000000e+000,-1.000000e+000
5.751700e+002,2.086700e+002,0,0,-1.000000e+000,-1.000000e+000
2.119200e+002,2.095100e+002,0,0,-1.000000e+000,-1.000000e+000
5.725000e+002,2.101700e+002,0,0,-1.000000e+000,-1.000000e+000
5.671200e+002,2.107200e+002,0,0,-1.000000e+000,-1.000000e+000
5.671200e+002,2.107200e+002,1,1,5.722300e+002,2.060100e+002
1.969300e+002,2.109700e+002,0,0,-1.000000e+000,-1.000000e+000
5.619200e+002,2.121000e+002,0,0,-1.000000e+000,-1.000000e+000
5.619200e+002,2.121000e+002,0,0,-1.000000e+000,-1.000000e+000
4.260800e+002,2.123200e+002,0,0,-1.000000e+000,-1.000000e+000
2.606000e+002,2.129300e+002,0,0,-1.000000e+000,-1.000000e+000
5.703800e+002,2.174100e+002,1,1,5.762800e+002,2.127800e+002
4.962700e+002,2.184800e+002,0,0,-1.000000e+000,-1.000000e+000
6.192900e+002,2.193100e+002,0,0,-1.000000e+000,-1.000000e+000
6.192900e+002,2.193100e+002,1,1,6.290000e+002,2.128300e+002
6.052400e+002,2.203100e+002,0,0,-1.000000e+000,-1.000000e+000
6.052400e+002,2.203100e+002,0,0,-1.000000e+000,-1.000000e+000
5.768100e+002,2.214200e+002,0,0,-1.000000e+000,-1.000000e+000
1.730700e+002,2.244500e+002,0,0,-1.000000e+000,-1.000000e+000
5.912900e+002,2.255800e+002,1,1,5.978700e+002,2.210800e+002
5.891300e+002,2.277900e+002,1,1,5.946200e+002,2.230100e+002
2.135000e+002,2.347000e+002,0,0,-1.000000e+000,-1.000000e+000
2.135000e+002,2.347000e+002,0,0,-1.000000e+000,-1.000000e+000
2.485500e+002,2.376700e+002,0,0,-1.000000e+000,-1.000000e+000
2.338700e+002,2.399900e+002,0,0,-1.000000e+000,-1.000000e+000
5.884600e+002,2.421000e+002,0,0,-1.000000e+000,-1.000000e+000
2.562800e+002,2.470300e+002,1,1,2.604100e+002,2.414200e+002
2.557800e+002,2.502100e+002,0,0,-1.000000e+000,-1.000000e+000
2.100200e+002,2.519300e+002,1,1,2.161800e+002,2.455000e+002
2.439900e+002,2.528200e+002,0,0,-1.000000e+000,-1.000000e+000
2.043400e+002,2.536000e+002,0,0,-1.000000e+000,-1.000000e+000
2.564300e+002,2.562000e+002,0,0,-1.000000e+000,-1.000000e+000
2.992700e+002,2.574600e+002,0,0,-1.000000e+000,-1.000000e+000
2.566200e+002,2.586800e+002,0,0,-1.000000e+000,-1.000000e+000
4.801800e+002,2.588400e+002,0,0,-1.000000e+000,-1.000000e+000
1.918800e+002,2.595100e+002,0,0,-1.000000e+000,-1.000000e+000
4.762800e+002,2.601600e+002,0,0,-1.000000e+000,-1.000000e+000
4.679100e+002,2.630800e+002,1,1,4.723200e+002,2.581000e+002
3.089900e+002,2.665400e+002,0,0,-1.000000e+000,-1.000000e+000
4.390200e+002,2.689800e+002,0,0,-1.000000e+000,-1.000000e+000
1.544400e+002,2.696100e+002,0,0,-1.000000e+000,-1.000000e+000
1.498000e+002,2.711800e+002,0,0,-1.000000e+000,-1.000000e+000
4.168300e+002,2.751200e+002,0,0,-1.000000e+000,-1.000000e+000
4.354300e+002,2.761100e+002,1,1,4.398100e+002,2.710800e+002
4.839600e+002,2.781300e+002,0,0,-1.000000e+000,-1.000000e+000
2.661800e+002,2.790000e+002,0,0,-1.000000e+000,-1.000000e+000
4.828600e+002,2.850500e+002,0,0,-1.000000e+000,-1.000000e+000
4.854800e+002,2.873900e+002,0,0,-1.000000e+000,-1.000000e+000
1.108900e+002,2.920400e+002,0,0,-1.000000e+000,-1.000000e+000
1.077500e+002,2.932400e+002,0,0,-1.000000e+000,-1.000000e+000
4.817300e+002,2.933700e+002,1,1,4.853600e+002,2.912300e+002
1.013600e+002,2.948800e+002,0,0,-1.000000e+000,-1.000000e+000
2.635500e+002,2.954300e+002,0,0,-1.000000e+000,-1.000000e+000
5.024500e+002,2.972200e+002,0,0,-1.000000e+000,-1.000000e+000
3.617200e+002,3.019100e+002,1,1,3.657600e+002,2.966400e+002
4.778200e+002,3.023800e+002,0,0,-1.000000e+000,-1.000000e+000
6.488000e+001,3.032000e+002,0,0,-1.000000e+000,-1.000000e+000
3.555100e+002,3.049700e+002,1,1,3.599700e+002,2.993200e+002
4.555300e+002,3.048600e+002,0,0,-1.000000e+000,-1.000000e+000
4.537700e+002,3.078500e+002,0,0,-1.000000e+000,-1.000000e+000
6.289400e+002,3.081300e+002,0,0,-1.000000e+000,-1.000000e+000
2.297900e+002,3.085300e+002,0,0,-1.000000e+000,-1.000000e+000
2.191600e+002,3.094700e+002,0,0,-1.000000e+000,-1.000000e+000
5.221200e+002,3.107300e+002,0,0,-1.000000e+000,-1.000000e+000
5.221200e+002,3.107300e+002,0,0,-1.000000e+000,-1.000000e+000
2.225200e+002,3.108800e+002,0,0,-1.000000e+000,-1.000000e+000
1.600100e+002,3.118000e+002,0,0,-1.000000e+000,-1.000000e+000
1.600100e+002,3.118000e+002,0,0,-1.000000e+000,-1.000000e+000
3.061000e+001,3.127500e+002,0,0,-1.000000e+000,-1.000000e+000
5.319800e+002,3.136600e+002,0,0,-1.000000e+000,-1.000000e+000
1.329300e+002,3.144100e+002,0,0,-1.000000e+000,-1.000000e+000
1.305900e+002,3.153200e+002,0,0,-1.000000e+000,-1.000000e+000
1.864400e+002,3.178800e+002,0,0,-1.000000e+000,-1.000000e+000
6.104800e+002,3.179300e+002,0,0,-1.000000e+000,-1.000000e+000
1.338800e+002,3.195100e+002,0,0,-1.000000e+000,-1.000000e+000
6.341800e+002,3.194200e+002,0,0,-1.000000e+000,-1.000000e+000
6.307800e+002,3.213000e+002,0,0,-1.000000e+000,-1.000000e+000
5.433500e+002,3.224600e+002,1,1,5.516200e+002,3.198800e+002
5.433500e+002,3.224600e+002,0,0,-1.000000e+000,-1.000000e+000
1.453200e+002,3.311700e+002,1,1,1.494400e+002,3.246700e+002
5.544200e+002,3.313000e+002,0,0,-1.000000e+000,-1.000000e+000
2.675500e+002,3.330100e+002,0,0,-1.000000e+000,-1.000000e+000
5.643400e+002,3.341200e+002,0,0,-1.000000e+000,-1.000000e+000
5.643400e+002,3.341200e+002,0,0,-1.000000e+000,-1.000000e+000
1.706100e+002,3.372200e+002,1,1,1.747800e+002,3.307600e+002
1.706100e+002,3.372200e+002,1,1,1.747800e+002,3.307600e+002
3.029000e+002,3.370700e+002,0,0,-1.000000e+000,-1.000000e+000
4.456000e+001,3.380900e+002,0,0,-1.000000e+000,-1.000000e+000
1.838200e+002,3.377500e+002,0,0,-1.000000e+000,-1.000000e+000
2.156800e+002,3.380900e+002,0,0,-1.000000e+000,-1.000000e+000
2.142700e+002,3.400500e+002,0,0,-1.000000e+000,-1.000000e+000
2.610300e+002,3.403700e+002,0,0,-1.000000e+000,-1.000000e+000
4.790000e+001,3.408100e+002,0,0,-1.000000e+000,-1.000000e+000
1.220300e+002,3.410300e+002,0,0,-1.000000e+000,-1.000000e+000
1.220300e+002,3.410300e+002,1,1,1.264500e+002,3.346600e+002
1.220300e+002,3.410300e+002,1,1,1.264500e+002,3.346600e+002
1.637700e+002,3.413800e+002,0,0,-1.000000e+000,-1.000000e+000
1.637700e+002,3.413800e+002,0,0,-1.000000e+000,-1.000000e+000
1.661100e+002,3.437400e+002,0,0,-1.000000e+000,-1.000000e+000
2.205900e+002,3.435000e+002,0,0,-1.000000e+000,-1.000000e+000
1.352700e+002,3.439100e+002,1,1,1.395400e+002,3.376100e+002
1.905600e+002,3.455100e+002,0,0,-1.000000e+000,-1.000000e+000
1.698100e+002,3.462900e+002,0,0,-1.000000e+000,-1.000000e+000
5.572400e+002,3.462100e+002,0,0,-1.000000e+000,-1.000000e+000
5.624300e+002,3.463300e+002,0,0,-1.000000e+000,-1.000000e+000
1.979800e+002,3.468500e+002,0,0,-1.000000e+000,-1.000000e+000
1.348400e+002,3.473600e+002,1,1,1.391800e+002,3.408700e+002
5.539600e+002,3.481300e+002,0,0,-1.000000e+000,-1.000000e+000
1.278400e+002,3.485100e+002,0,0,-1.000000e+000,-1.000000e+000
1.278400e+002,3.485100e+002,0,0,-1.000000e+000,-1.000000e+000
1.457500e+002,3.482600e+002,0,0,-1.000000e+000,-1.000000e+000
3.360400e+002,3.497600e+002,0,0,-1.000000e+000,-1.000000e+000
1.549500e+002,3.498600e+002,0,0,-1.000000e+000,-1.000000e+000
1.359400e+002,3.507800e+002,0,0,-1.000000e+000,-1.000000e+000
1.906200e+002,3.510400e+002,0,0,-1.000000e+000,-1.000000e+000
1.796300e+002,3.536700e+002,0,0,-1.000000e+000,-1.000000e+000
1.907300e+002,3.541100e+002,0,0,-1.000000e+000,-1.000000e+000
5.470900e+002,3.546000e+002,0,0,-1.000000e+000,-1.000000e+000
1.483200e+002,3.547000e+002,0,0,-1.000000e+000,-1.000000e+000
1.483200e+002,3.547000e+002,0,0,-1.000000e+000,-1.000000e+000
1.843400e+002,3.560900e+002,0,0,-1.000000e+000,-1.000000e+000
1.843400e+002,3.560900e+002,0,0,-1.000000e+000,-1.000000e+000
1.634800e+002,3.563200e+002,1,1,1.671400e+002,3.497100e+002
5.433400e+002,3.565600e+002,0,0,-1.000000e+000,-1.000000e+000
1.385300e+002,3.569400e+002,1,1,1.425400e+002,3.501000e+002
2.004000e+002,3.573500e+002,0,0,-1.000000e+000,-1.000000e+000
1.664900e+002,3.585200e+002,0,0,-1.000000e+000,-1.000000e+000
1.086800e+002,3.596100e+002,1,1,1.133100e+002,3.531400e+002
1.086800e+002,3.596100e+002,1,1,1.133100e+002,3.531400e+002
1.410300e+002,3.592800e+002,0,0,-1.000000e+000,-1.000000e+000
2.349900e+002,3.594500e+002,0,0,-1.000000e+000,-1.000000e+000
5.801100e+002,3.598300e+002,0,0,-1.000000e+000,-1.000000e+000
1.197800e+002,3.607600e+002,1,1,1.228400e+002,3.544300e+002
2.906800e+002,3.618100e+002,0,0,-1.000000e+000,-1.000000e+000
1.453900e+002,3.624800e+002,0,0,-1.000000e+000,-1.000000e+000
1.087800e+002,3.630900e+002,0,0,-1.000000e+000,-1.000000e+000
1.006500e+002,3.644700e+002,0,0,-1.000000e+000,-1.000000e+000
1.006500e+002,3.644700e+002,0,0,-1.000000e+000,-1.000000e+000
2.209700e+002,3.643600e+002,1,1,2.254300e+002,3.579500e+002
2.209700e+002,3.643600e+002,1,1,2.254300e+002,3.579500e+002
2.404400e+002,3.654600e+002,0,0,-1.000000e+000,-1.000000e+000
1.785300e+002,3.662200e+002,0,0,-1.000000e+000,-1.000000e+000
5.182300e+002,3.693400e+002,0,0,-1.000000e+000,-1.000000e+000
1.885800e+002,3.702300e+002,0,0,-1.000000e+000,-1.000000e+000
2.608200e+002,3.701800e+002,0,0,-1.000000e+000,-1.000000e+000
7.307000e+001,3.704100e+002,1,1,7.761000e+001,3.635600e+002
1.843100e+002,3.706100e+002,1,1,1.882900e+002,3.641800e+002
1.735800e+002,3.720400e+002,0,0,-1.000000e+000,-1.000000e+000
1.735800e+002,3.720400e+002,0,0,-1.000000e+000,-1.000000e+000
1.115100e+002,3.730600e+002,0,0,-1.000000e+000,-1.000000e+000
1.115100e+002,3.730600e+002,1,1,1.156600e+002,3.664700e+002
1.115100e+002,3.730600e+002,1,1,1.156600e+002,3.664700e+002
1.681000e+002,3.749200e+002,0,0,-1.000000e+000,-1.000000e+000
2.038100e+002,3.769900e+002,0,0,-1.000000e+000,-1.000000e+000
2.038100e+002,3.769900e+002,0,0,-1.000000e+000,-1.000000e+000
1.684600e+002,3.782900e+002,1,1,1.721700e+002,3.718200e+002
1.997600e+002,3.797600e+002,0,0,-1.000000e+000,-1.000000e+000
1.997600e+002,3.797600e+002,0,0,-1.000000e+000,-1.000000e+000
2.037300e+002,3.798700e+002,0,0,-1.000000e+000,-1.000000e+000
1.132600e+002,3.807600e+002,0,0,-1.000000e+000,-1.000000e+000
7.142000e+001,3.816300e+002,0,0,-1.000000e+000,-1.000000e+000
7.142000e+001,3.816300e+002,0,0,-1.000000e+000,-1.000000e+000
1.964400e+002,3.822100e+002,0,0,-1.000000e+000,-1.000000e+000
1.964400e+002,3.822100e+002,0,0,-1.000000e+000,-1.000000e+000
4.929400e+002,3.825300e+002,0,0,-1.000000e+000,-1.000000e+000
1.338500e+002,3.833200e+002,1,1,1.377500e+002,3.769700e+002
7.155000e+001,3.853700e+002,0,0,-1.000000e+000,-1.000000e+000
1.661400e+002,3.852900e+002,0,0,-1.000000e+000,-1.000000e+000
1.054700e+002,3.860800e+002,0,0,-1.000000e+000,-1.000000e+000
1.590500e+002,3.873200e+002,1,1,1.609300e+002,3.798600e+002
1.259500e+002,3.878100e+002,0,0,-1.000000e+000,-1.000000e+000
1.473400e+002,3.919200e+002,0,0,-1.000000e+000,-1.000000e+000
4.471000e+001,3.941000e+002,1,1,4.834000e+001,3.873400e+002
4.999500e+002,3.940600e+002,0,0,-1.000000e+000,-1.000000e+000
4.684100e+002,3.954000e+002,1,1,4.744300e+002,3.888600e+002
5.373000e+001,3.959600e+002,0,0,-1.000000e+000,-1.000000e+000
1.393000e+002,3.963100e+002,0,0,-1.000000e+000,-1.000000e+000
1.490100e+002,3.963000e+002,0,0,-1.000000e+000,-1.000000e+000
1.751100e+002,3.972400e+002,0,0,-1.000000e+000,-1.000000e+000
1.751100e+002,3.972400e+002,0,0,-1.000000e+000,-1.000000e+000
4.630800e+002,3.979300e+002,0,0,-1.000000e+000,-1.000000e+000
6.913000e+001,3.990000e+002,1,1,7.347000e+001,3.919500e+002
1.708500e+002,4.003600e+002,0,0,-1.000000e+000,-1.000000e+000
1.708500e+002,4.003600e+002,0,0,-1.000000e+000,-1.000000e+000
4.505500e+002,4.015200e+002,0,0,-1.000000e+000,-1.000000e+000
1.623700e+002,4.064800e+002,0,0,-1.000000e+000,-1.000000e+000
1.623700e+002,4.064800e+002,0,0,-1.000000e+000,-1.000000e+000
1.005000e+002,4.091400e+002,1,1,1.046700e+002,4.023000e+002
4.382700e+002,4.076500e+002,0,0,-1.000000e+000,-1.000000e+000
1.290500e+002,4.099300e+002,0,0,-1.000000e+000,-1.000000e+000
4.370400e+002,4.110300e+002,0,0,-1.000000e+000,-1.000000e+000
2.107000e+001,4.114400e+002,0,0,-1.000000e+000,-1.000000e+000
2.107000e+001,4.114400e+002,0,0,-1.000000e+000,-1.000000e+000
1.537400e+002,4.126700e+002,0,0,-1.000000e+000,-1.000000e+000
1.537400e+002,4.126700e+002,0,0,-1.000000e+000,-1.000000e+000
1.578900e+002,4.123300e+002,0,0,-1.000000e+000,-1.000000e+000
4.204500e+002,4.167000e+002,0,0,-1.000000e+000,-1.000000e+000
1.489900e+002,4.191400e+002,0,0,-1.000000e+000,-1.000000e+000
1.442000e+002,4.195300e+002,0,0,-1.000000e+000,-1.000000e+000
1.442000e+002,4.195300e+002,0,0,-1.000000e+000,-1.000000e+000
4.510700e+002,4.196500e+002,0,0,-1.000000e+000,-1.000000e+000
1.407000e+002,4.221000e+002,0,0,-1.000000e+000,-1.000000e+000
1.407000e+002,4.221000e+002,0,0,-1.000000e+000,-1.000000e+000
1.359300e+002,4.255300e+002,0,0,-1.000000e+000,-1.000000e+000
1.359300e+002,4.255300e+002,0,0,-1.000000e+000,-1.000000e+000
1.390800e+002,4.262400e+002,0,0,-1.000000e+000,-1.000000e+000
2.206000e+001,4.274100e+002,0,0,-1.000000e+000,-1.000000e+000
8.253000e+001,4.271800e+002,0,0,-1.000000e+000,-1.000000e+000
3.995900e+002,4.300600e+002,0,0,-1.000000e+000,-1.000000e+000
7.325000e+001,4.300400e+002,0,0,-1.000000e+000,-1.000000e+000
3.968500e+002,4.310200e+002,0,0,-1.000000e+000,-1.000000e+000
1.290300e+002,4.336700e+002,0,0,-1.000000e+000,-1.000000e+000
1.234900e+002,4.345100e+002,1,1,1.253900e+002,4.288100e+002
1.234900e+002,4.345100e+002,1,1,1.298500e+002,4.256500e+002
4.233000e+001,4.357200e+002,0,0,-1.000000e+000,-1.000000e+000
1.197400e+002,4.372200e+002,0,0,-1.000000e+000,-1.000000e+000
1.197400e+002,4.372200e+002,0,0,-1.000000e+000,-1.000000e+000
3.791500e+002,4.399400e+002,0,0,-1.000000e+000,-1.000000e+000
3.268000e+001,4.422900e+002,0,0,-1.000000e+000,-1.000000e+000
5.494000e+001,4.425200e+002,0,0,-1.000000e+000,-1.000000e+000
1.347000e+001,4.433800e+002,0,0,-1.000000e+000,-1.000000e+000
6.048000e+001,4.441900e+002,1,1,6.477000e+001,4.369200e+002
1.092100e+002,4.446400e+002,0,0,-1.000000e+000,-1.000000e+000
1.092100e+002,4.446400e+002,0,0,-1.000000e+000,-1.000000e+000
1.008000e+002,4.506500e+002,0,0,-1.000000e+000,-1.000000e+000
1.008000e+002,4.506500e+002,0,0,-1.000000e+000,-1.000000e+000
3.507000e+001,4.516000e+002,0,0,-1.000000e+000,-1.000000e+000
9.828000e+001,4.523600e+002,0,0,-1.000000e+000,-1.000000e+000
9.828000e+001,4.523600e+002,0,0,-1.000000e+000,-1.000000e+000
3.848700e+002,4.536700e+002,0,0,-1.000000e+000,-1.000000e+000
3.335400e+002,4.594400e+002,0,0,-1.000000e+000,-1.000000e+000
4.500000e+000,4.599400e+002,0,0,-1.000000e+000,-1.000000e+000
3.328800e+002,4.625900e+002,0,0,-1.000000e+000,-1.000000e+000
1.059000e+001,4.695000e+002,0,0,-1.000000e+000,-1.000000e+000
3.145700e+002,4.715700e+002,0,0,-1.000000e+000,-1.000000e+000
6.888000e+001,4.719300e+002,0,0,-1.000000e+000,-1.000000e+000
6.888000e+001,4.719300e+002,0,0,-1.000000e+000,-1.000000e+000
5.173100e+002,2.270000e+001,0,0,-1.000000e+000,-1.000000e+000
4.444800e+002,3.956000e+001,0,0,-1.000000e+000,-1.000000e+000
5.241300e+002,5.509000e+001,0,0,-1.000000e+000,-1.000000e+000
6.164800e+002,6.089000e+001,1,1,6.225200e+002,5.718000e+001
6.164800e+002,6.089000e+001,1,1,6.225200e+002,5.718000e+001
5.323100e+002,8.118000e+001,0,0,-1.000000e+000,-1.000000e+000
2.453500e+002,8.213000e+001,0,0,-1.000000e+000,-1.000000e+000
5.317200e+002,8.976000e+001,0,0,-1.000000e+000,-1.000000e+000
5.313700e+002,9.988000e+001,0,0,-1.000000e+000,-1.000000e+000
4.521200e+002,1.002400e+002,0,0,-1.000000e+000,-1.000000e+000
5.310900e+002,1.035300e+002,0,0,-1.000000e+000,-1.000000e+000
5.461200e+002,1.141100e+002,0,0,-1.000000e+000,-1.000000e+000
6.147100e+002,1.167800e+002,0,0,-1.000000e+000,-1.000000e+000
6.178900e+002,1.182400e+002,0,0,-1.000000e+000,-1.000000e+000
6.178900e+002,1.182400e+002,0,0,-1.000000e+000,-1.000000e+000
6.178900e+002,1.182400e+002,0,0,-1.000000e+000,-1.000000e+000
1.580800e+002,1.182100e+002,0,0,-1.000000e+000,-1.000000e+000
6.108000e+002,1.226400e+002,0,0,-1.000000e+000,-1.000000e+000
1.431300e+002,1.304900e+002,0,0,-1.000000e+000,-1.000000e+000
4.193300e+002,1.373900e+002,0,0,-1.000000e+000,-1.000000e+000
5.284200e+002,1.460300e+002,0,0,-1.000000e+000,-1.000000e+000
4.564900e+002,1.496500e+002,0,0,-1.000000e+000,-1.000000e+000
3.914100e+002,1.504300e+002,0,0,-1.000000e+000,-1.000000e+000
4.618600e+002,1.514100e+002,1,1,4.682400e+002,1.464100e+002
2.092000e+001,1.533400e+002,0,0,-1.000000e+000,-1.000000e+000
4.706000e+002,1.545500e+002,0,0,-1.000000e+000,-1.000000e+000
5.276700e+002,1.544100e+002,1,1,5.338300e+002,1.499200e+002
4.775700e+002,1.573000e+002,0,0,-1.000000e+000,-1.000000e+000
1.531300e+002,1.601900e+002,0,0,-1.000000e+000,-1.000000e+000
3.955600e+002,1.614900e+002,0,0,-1.000000e+000,-1.000000e+000
4.045000e+002,1.619800e+002,1,1,4.063300e+002,1.579300e+002
4.911900e+002,1.623700e+002,0,0,-1.000000e+000,-1.000000e+000
4.983000e+002,1.651600e+002,0,0,-1.000000e+000,-1.000000e+000
4.986000e+002,1.682200e+002,0,0,-1.000000e+000,-1.000000e+000
3.592000e+002,1.735400e+002,1,1,3.654900e+002,1.683900e+002
3.077000e+002,1.744600e+002,1,1,3.129400e+002,1.690800e+002
5.758300e+002,1.814000e+002,0,0,-1.000000e+000,-1.000000e+000
5.891900e+002,1.823700e+002,0,0,-1.000000e+000,-1.000000e+000
5.832700e+002,1.855800e+002,0,0,-1.000000e+000,-1.000000e+000
5.595300e+002,1.882800e+002,0,0,-1.000000e+000,-1.000000e+000
5.808200e+002,1.904300e+002,0,0,-1.000000e+000,-1.000000e+000
5.693000e+002,1.946100e+002,0,0,-1.000000e+000,-1.000000e+000
3.145600e+002,2.018900e+002,0,0,-1.000000e+000,-1.000000e+000
5.330100e+002,2.060600e+002,0,0,-1.000000e+000,-1.000000e+000
2.901800e+002,2.095900e+002,0,0,-1.000000e+000,-1.000000e+000
1.615200e+002,2.111800e+002,0,0,-1.000000e+000,-1.000000e+000
5.568000e+002,2.110400e+002,0,0,-1.000000e+000,-1.000000e+000
6.234000e+002,2.128700e+002,1,1,6.287700e+002,2.089300e+002
6.234000e+002,2.128700e+002,1,1,6.287700e+002,2.089300e+002
5.603500e+002,2.149100e+002,0,0,-1.000000e+000,-1.000000e+000
2.591500e+002,2.161900e+002,0,0,-1.000000e+000,-1.000000e+000
4.454000e+002,2.167400e+002,0,0,-1.000000e+000,-1.000000e+000
5.800400e+002,2.190900e+002,0,0,-1.000000e+000,-1.000000e+000
4.341700e+002,2.206000e+002,0,0,-1.000000e+000,-1.000000e+000
4.570300e+002,2.221500e+002,0,0,-1.000000e+000,-1.000000e+000
5.816700e+002,2.239600e+002,0,0,-1.000000e+000,-1.000000e+000
6.102600e+002,2.248900e+002,0,0,-1.000000e+000,-1.000000e+000
6.062000e+002,2.273500e+002,0,0,-1.000000e+000,-1.000000e+000
4.813800e+002,2.289100e+002,1,1,4.866000e+002,2.239400e+002
4.813800e+002,2.289100e+002,1,1,4.866000e+002,2.239400e+002
5.981200e+002,2.289200e+002,1,1,6.035200e+002,2.240500e+002
6.022700e+002,2.299700e+002,0,0,-1.000000e+000,-1.000000e+000
4.770600e+002,2.342900e+002,1,1,4.819400e+002,2.294900e+002
5.283500e+002,2.361900e+002,0,0,-1.000000e+000,-1.000000e+000
2.554000e+002,2.367200e+002,1,1,2.599100e+002,2.316500e+002
2.770900e+002,2.371000e+002,0,0,-1.000000e+000,-1.000000e+000
2.303400e+002,2.409600e+002,0,0,-1.000000e+000,-1.000000e+000
2.303400e+002,2.409600e+002,0,0,-1.000000e+000,-1.000000e+000
1.659300e+002,2.466900e+002,0,0,-1.000000e+000,-1.000000e+000
1.762400e+002,2.496600e+002,0,0,-1.000000e+000,-1.000000e+000
1.968100e+002,2.586700e+002,0,0,-1.000000e+000,-1.000000e+000
4.586800e+002,2.661700e+002,0,0,-1.000000e+000,-1.000000e+000
3.205800e+002,2.733800e+002,0,0,-1.000000e+000,-1.000000e+000
1.589500e+002,2.782200e+002,1,1,1.642400e+002,2.721500e+002
3.250200e+002,2.820500e+002,0,0,-1.000000e+000,-1.000000e+000
1.261200e+002,2.897800e+002,1,1,1.314900e+002,2.843000e+002
1.007800e+002,2.921900e+002,0,0,-1.000000e+000,-1.000000e+000
2.781100e+002,2.923700e+002,0,0,-1.000000e+000,-1.000000e+000
3.364900e+002,2.923900e+002,0,0,-1.000000e+000,-1.000000e+000
8.835000e+001,2.959800e+002,0,0,-1.000000e+000,-1.000000e+000
4.806700e+002,2.960000e+002,0,0,-1.000000e+000,-1.000000e+000
6.880000e+001,3.014400e+002,0,0,-1.000000e+000,-1.000000e+000
6.320000e+002,3.095700e+002,0,0,-1.000000e+000,-1.000000e+000
9.490000e+000,3.112600e+002,0,0,-1.000000e+000,-1.000000e+000
3.490000e+000,3.128000e+002,0,0,-1.000000e+000,-1.000000e+000
2.072100e+002,3.128000e+002,0,0,-1.000000e+000,-1.000000e+000
2.580000e+001,3.138700e+002,0,0,-1.000000e+000,-1.000000e+000
2.055200e+002,3.161000e+002,0,0,-1.000000e+000,-1.000000e+000
2.591000e+001,3.171600e+002,0,0,-1.000000e+000,-1.000000e+000
1.532900e+002,3.233200e+002,0,0,-1.000000e+000,-1.000000e+000
1.778000e+002,3.328900e+002,0,0,-1.000000e+000,-1.000000e+000
1.778000e+002,3.328900e+002,0,0,-1.000000e+000,-1.000000e+000
2.522200e+002,3.381900e+002,0,0,-1.000000e+000,-1.000000e+000
1.888800e+002,3.413400e+002,1,1,1.921600e+002,3.347500e+002
1.625000e+002,3.445200e+002,0,0,-1.000000e+000,-1.000000e+000
1.625000e+002,3.445200e+002,0,0,-1.000000e+000,-1.000000e+000
3.286600e+002,3.450400e+002,1,1,3.326400e+002,3.395700e+002
1.448900e+002,3.453600e+002,1,1,1.495000e+002,3.392100e+002
1.448900e+002,3.453600e+002,0,0,-1.000000e+000,-1.000000e+000
2.239900e+002,3.468900e+002,0,0,-1.000000e+000,-1.000000e+000
1.424000e+002,3.505900e+002,1,1,1.479900e+002,3.431000e+002
1.616000e+002,3.513300e+002,0,0,-1.000000e+000,-1.000000e+000
1.574100e+002,3.520500e+002,0,0,-1.000000e+000,-1.000000e+000
1.199900e+002,3.533500e+002,1,1,1.246900e+002,3.470500e+002
2.298600e+002,3.533100e+002,0,0,-1.000000e+000,-1.000000e+000
1.362400e+002,3.539800e+002,0,0,-1.000000e+000,-1.000000e+000
1.680200e+002,3.561500e+002,0,0,-1.000000e+000,-1.000000e+000
1.193900e+002,3.570100e+002,1,1,1.245000e+002,3.510800e+002
1.714400e+002,3.582200e+002,0,0,-1.000000e+000,-1.000000e+000
1.282600e+002,3.589600e+002,0,0,-1.000000e+000,-1.000000e+000
1.138800e+002,3.593000e+002,0,0,-1.000000e+000,-1.000000e+000
1.085800e+002,3.668900e+002,1,1,1.131400e+002,3.603600e+002
1.374700e+002,3.679500e+002,1,1,1.430400e+002,3.625900e+002
9.262000e+001,3.692100e+002,0,0,-1.000000e+000,-1.000000e+000
9.262000e+001,3.692100e+002,0,0,-1.000000e+000,-1.000000e+000
1.393900e+002,3.695400e+002,0,0,-1.000000e+000,-1.000000e+000
7.624000e+001,3.719900e+002,1,1,8.051000e+001,3.648700e+002
9.179000e+001,3.729300e+002,0,0,-1.000000e+000,-1.000000e+000
8.437000e+001,3.745000e+002,1,1,8.879000e+001,3.677400e+002
8.437000e+001,3.745000e+002,1,1,8.879000e+001,3.677400e+002
1.004000e+002,3.756200e+002,1,1,1.046900e+002,3.689500e+002
1.731500e+002,3.752600e+002,0,0,-1.000000e+000,-1.000000e+000
1.033700e+002,3.781800e+002,1,1,1.074200e+002,3.712600e+002
1.033700e+002,3.781800e+002,1,1,1.074200e+002,3.712600e+002
9.234000e+001,3.804700e+002,1,1,9.764000e+001,3.729100e+002
8.279000e+001,3.827200e+002,1,1,8.647000e+001,3.761100e+002
9.520000e+001,3.832000e+002,1,1,9.930000e+001,3.761600e+002
1.481900e+002,3.838900e+002,0,0,-1.000000e+000,-1.000000e+000
6.287000e+001,3.870000e+002,0,0,-1.000000e+000,-1.000000e+000
6.287000e+001,3.870000e+002,0,0,-1.000000e+000,-1.000000e+000
6.287000e+001,3.870000e+002,0,0,-1.000000e+000,-1.000000e+000
1.084000e+002,3.885100e+002,0,0,-1.000000e+000,-1.000000e+000
1.084000e+002,3.885100e+002,0,0,-1.000000e+000,-1.000000e+000
7.188000e+001,3.889100e+002,1,1,7.574000e+001,3.824300e+002
7.546000e+001,3.909000e+002,0,0,-1.000000e+000,-1.000000e+000
5.390000e+001,3.922900e+002,0,0,-1.000000e+000,-1.000000e+000
5.390000e+001,3.922900e+002,0,0,-1.000000e+000,-1.000000e+000
5.390000e+001,3.922900e+002,0,0,-1.000000e+000,-1.000000e+000
7.805000e+001,3.936700e+002,1,1,8.232000e+001,3.866300e+002
7.805000e+001,3.936700e+002,1,1,8.232000e+001,3.866300e+002
7.805000e+001,3.936700e+002,1,1,8.232000e+001,3.866300e+002
1.001400e+002,3.941000e+002,0,0,-1.000000e+000,-1.000000e+000
1.001400e+002,3.941000e+002,0,0,-1.000000e+000,-1.000000e+000
1.289400e+002,3.953000e+002,0,0,-1.000000e+000,-1.000000e+000
1.289400e+002,3.953000e+002,1,1,1.329400e+002,3.887500e+002
1.289400e+002,3.953000e+002,1,1,1.329400e+002,3.887500e+002
8.916000e+001,3.969800e+002,0,0,-1.000000e+000,-1.000000e+000
1.355300e+002,3.970200e+002,0,0,-1.000000e+000,-1.000000e+000
4.479000e+001,3.977800e+002,1,1,4.927000e+001,3.906200e+002
1.094500e+002,3.984000e+002,0,0,-1.000000e+000,-1.000000e+000
9.176000e+001,3.997400e+002,0,0,-1.000000e+000,-1.000000e+000
1.202200e+002,4.002600e+002,0,0,-1.000000e+000,-1.000000e+000
9.759000e+001,4.009500e+002,0,0,-1.000000e+000,-1.000000e+000
9.759000e+001,4.009500e+002,0,0,-1.000000e+000,-1.000000e+000
4.402000e+001,4.020600e+002,0,0,-1.000000e+000,-1.000000e+000
8.002000e+001,4.023800e+002,0,0,-1.000000e+000,-1.000000e+000
1.090600e+002,4.037500e+002,0,0,-1.000000e+000,-1.000000e+000
1.252200e+002,4.037000e+002,0,0,-1.000000e+000,-1.000000e+000
6.013000e+001,4.045600e+002,0,0,-1.000000e+000,-1.000000e+000
6.013000e+001,4.045600e+002,1,1,6.438000e+001,3.973600e+002
8.806000e+001,4.051300e+002,1,1,9.202000e+001,3.973600e+002
8.301000e+001,4.053100e+002,0,0,-1.000000e+000,-1.000000e+000
3.082000e+001,4.057500e+002,1,1,3.541000e+001,3.986400e+002
7.106000e+001,4.076600e+002,0,0,-1.000000e+000,-1.000000e+000
9.240000e+001,4.095300e+002,0,0,-1.000000e+000,-1.000000e+000
5.115000e+001,4.101800e+002,0,0,-1.000000e+000,-1.000000e+000
5.115000e+001,4.101800e+002,1,1,5.542000e+001,4.028200e+002
5.115000e+001,4.101800e+002,0,0,-1.000000e+000,-1.000000e+000
3.972000e+001,4.123100e+002,0,0,-1.000000e+000,-1.000000e+000
6.175000e+001,4.133600e+002,0,0,-1.000000e+000,-1.000000e+000
9.218000e+001,4.150800e+002,0,0,-1.000000e+000,-1.000000e+000
4.164000e+001,4.158000e+002,1,1,4.619000e+001,4.087300e+002
4.164000e+001,4.158000e+002,1,1,4.619000e+001,4.087300e+002
1.160000e+001,4.172100e+002,0,0,-1.000000e+000,-1.000000e+000
3.076000e+001,4.175800e+002,0,0,-1.000000e+000,-1.000000e+000
7.090000e+001,4.178700e+002,0,0,-1.000000e+000,-1.000000e+000
5.264000e+001,4.192200e+002,1,1,5.702000e+001,4.119200e+002
2.042000e+001,4.198000e+002,0,0,-1.000000e+000,-1.000000e+000
8.275000e+001,4.206300e+002,0,0,-1.000000e+000,-1.000000e+000
7.452000e+001,4.208900e+002,0,0,-1.000000e+000,-1.000000e+000
6.149000e+001,4.237000e+002,0,0,-1.000000e+000,-1.000000e+000
8.213000e+001,4.241000e+002,1,1,8.605000e+001,4.172900e+002
6.523000e+001,4.265300e+002,0,0,-1.000000e+000,-1.000000e+000
7.391000e+001,4.266700e+002,1,1,7.760000e+001,4.195100e+002
5.211000e+001,4.295300e+002,1,1,5.642000e+001,4.222600e+002
5.560000e+001,4.324000e+002,0,0,-1.000000e+000,-1.000000e+000
6.514000e+001,4.329300e+002,0,0,-1.000000e+000,-1.000000e+000
6.514000e+001,4.329300e+002,0,0,-1.000000e+000,-1.000000e+000
6.360000e+001,4.361200e+002,0,0,-1.000000e+000,-1.000000e+000
3.802000e+002,4.365400e+002,0,0,-1.000000e+000,-1.000000e+000
2.389000e+001,4.371200e+002,0,0,-1.000000e+000,-1.000000e+000
2.389000e+001,4.371200e+002,0,0,-1.000000e+000,-1.000000e+000
2.685000e+001,4.404800e+002,0,0,-1.000000e+000,-1.000000e+000
2.685000e+001,4.404800e+002,0,0,-1.000000e+000,-1.000000e+000
2.301000e+001,4.484800e+002,0,0,-1.000000e+000,-1.000000e+000
3.856000e+001,4.544000e+002,1,1,4.272000e+001,4.466900e+002
3.856000e+001,4.544000e+002,1,1,4.272000e+001,4.466900e+002
2.492000e+001,4.581300e+002,0,0,-1.000000e+000,-1.000000e+000
8.763000e+001,4.596000e+002,0,0,-1.000000e+000,-1.000000e+000
8.763000e+001,4.596000e+002,0,0,-1.000000e+000,-1.000000e+000
7.580000e+000,4.625500e+002,1,1,1.032000e+001,4.527600e+002
7.580000e+000,4.625500e+002,1,1,1.032000e+001,4.527600e+002
8.307000e+001,4.626300e+002,0,0,-1.000000e+000,-1.000000e+000
8.307000e+001,4.626300e+002,0,0,-1.000000e+000,-1.000000e+000
1.154000e+001,4.664000e+002,0,0,-1.000000e+000,-1.000000e+000
5.294200e+002,4.746000e+001,0,0,-1.000000e+000,-1.000000e+000
5.367600e+002,6.991000e+001,0,0,-1.000000e+000,-1.000000e+000
3.941700e+002,7.974000e+001,0,0,-1.000000e+000,-1.000000e+000
5.271400e+002,1.476700e+002,0,0,-1.000000e+000,-1.000000e+000
6.102100e+002,1.583000e+002,0,0,-1.000000e+000,-1.000000e+000
4.022200e+002,1.587600e+002,0,0,-1.000000e+000,-1.000000e+000
5.267800e+002,1.637400e+002,1,1,5.329100e+002,1.589100e+002
5.267800e+002,1.637400e+002,1,1,5.329100e+002,1.589100e+002
1.568700e+002,1.661500e+002,0,0,-1.000000e+000,-1.000000e+000
5.760400e+002,1.771200e+002,0,0,-1.000000e+000,-1.000000e+000
6.090800e+002,1.769200e+002,0,0,-1.000000e+000,-1.000000e+000
5.952400e+002,1.785900e+002,1,1,6.025400e+002,1.738400e+002
5.536900e+002,1.851600e+002,1,1,5.601500e+002,1.804100e+002
3.824500e+002,1.880600e+002,1,1,3.872600e+002,1.828400e+002
3.824500e+002,1.880600e+002,1,1,3.872600e+002,1.828400e+002
6.136300e+002,1.906700e+002,0,0,-1.000000e+000,-1.000000e+000
3.230500e+002,2.001200e+002,0,0,-1.000000e+000,-1.000000e+000
5.275000e+002,2.086200e+002,1,1,5.329500e+002,2.037400e+002
5.704600e+002,2.134000e+002,1,1,5.766500e+002,2.089800e+002
5.704600e+002,2.134000e+002,1,1,5.766500e+002,2.089800e+002
2.551000e+002,2.185000e+002,0,0,-1.000000e+000,-1.000000e+000
6.105100e+002,2.203700e+002,1,1,6.175800e+002,2.156300e+002
5.585800e+002,2.275000e+002,0,0,-1.000000e+000,-1.000000e+000
5.203100e+002,2.463500e+002,0,0,-1.000000e+000,-1.000000e+000
1.671100e+002,2.526500e+002,0,0,-1.000000e+000,-1.000000e+000
2.087900e+002,2.554800e+002,1,1,2.134100e+002,2.496600e+002
2.365600e+002,2.585600e+002,0,0,-1.000000e+000,-1.000000e+000
1.787200e+002,2.603300e+002,0,0,-1.000000e+000,-1.000000e+000
1.746700e+002,2.700000e+002,0,0,-1.000000e+000,-1.000000e+000
4.430000e+002,2.712100e+002,1,1,4.474200e+002,2.659600e+002
3.756100e+002,2.878700e+002,0,0,-1.000000e+000,-1.000000e+000
1.218600e+002,2.901600e+002,1,1,1.258100e+002,2.853200e+002
1.218600e+002,2.901600e+002,1,1,1.258100e+002,2.853200e+002
3.587300e+002,2.971300e+002,1,1,3.632100e+002,2.913500e+002
3.632600e+002,2.978900e+002,1,1,3.671600e+002,2.925200e+002
6.829000e+001,3.055100e+002,1,1,7.105000e+001,2.990100e+002
2.372900e+002,3.151400e+002,0,0,-1.000000e+000,-1.000000e+000
3.824900e+002,3.225600e+002,1,1,3.869900e+002,3.171800e+002
1.754900e+002,3.360700e+002,0,0,-1.000000e+000,-1.000000e+000
5.749100e+002,3.359400e+002,0,0,-1.000000e+000,-1.000000e+000
1.810800e+002,3.399100e+002,0,0,-1.000000e+000,-1.000000e+000
1.684700e+002,3.404600e+002,1,1,1.724100e+002,3.342800e+002
1.745800e+002,3.447900e+002,0,0,-1.000000e+000,-1.000000e+000
1.745800e+002,3.447900e+002,0,0,-1.000000e+000,-1.000000e+000
1.884500e+002,3.451500e+002,0,0,-1.000000e+000,-1.000000e+000
1.565600e+002,3.467900e+002,1,1,1.607400e+002,3.404000e+002
1.663500e+002,3.487700e+002,0,0,-1.000000e+000,-1.000000e+000
1.950300e+002,3.492600e+002,1,1,1.989900e+002,3.430300e+002
1.950300e+002,3.492600e+002,1,1,1.989900e+002,3.430300e+002
1.314500e+002,3.523900e+002,0,0,-1.000000e+000,-1.000000e+000
1.736300e+002,3.540200e+002,0,0,-1.000000e+000,-1.000000e+000
1.889800e+002,3.540900e+002,0,0,-1.000000e+000,-1.000000e+000
1.889800e+002,3.540900e+002,0,0,-1.000000e+000,-1.000000e+000
2.018400e+002,3.537300e+002,1,1,2.049700e+002,3.473600e+002
2.018400e+002,3.537300e+002,1,1,2.049700e+002,3.473600e+002
1.436400e+002,3.556700e+002,0,0,-1.000000e+000,-1.000000e+000
1.436400e+002,3.556700e+002,0,0,-1.000000e+000,-1.000000e+000
1.869500e+002,3.580800e+002,1,1,1.911500e+002,3.519500e+002
1.869500e+002,3.580800e+002,0,0,-1.000000e+000,-1.000000e+000
1.808500e+002,3.585500e+002,1,1,1.846400e+002,3.522700e+002
1.359600e+002,3.602600e+002,0,0,-1.000000e+000,-1.000000e+000
1.502100e+002,3.609800e+002,1,1,1.540800e+002,3.545100e+002
1.502100e+002,3.609800e+002,0,0,-1.000000e+000,-1.000000e+000
1.307500e+002,3.622800e+002,1,1,1.348900e+002,3.556900e+002
1.069500e+002,3.634200e+002,1,1,1.112000e+002,3.570800e+002
1.069500e+002,3.634200e+002,1,1,1.112000e+002,3.570800e+002
1.854700e+002,3.670400e+002,1,1,1.897700e+002,3.611100e+002
9.881000e+001,3.683400e+002,0,0,-1.000000e+000,-1.000000e+000
9.881000e+001,3.683400e+002,1,1,1.026700e+002,3.617800e+002
1.080700e+002,3.712200e+002,1,1,1.125200e+002,3.644100e+002
9.015000e+001,3.732000e+002,0,0,-1.000000e+000,-1.000000e+000
1.600000e+002,3.736400e+002,0,0,-1.000000e+000,-1.000000e+000
1.584100e+002,3.774300e+002,1,1,1.620900e+002,3.712300e+002
1.183500e+002,3.788400e+002,1,1,1.218500e+002,3.719100e+002
7.683000e+001,3.811200e+002,0,0,-1.000000e+000,-1.000000e+000
1.010100e+002,3.816100e+002,0,0,-1.000000e+000,-1.000000e+000
1.010100e+002,3.816100e+002,0,0,-1.000000e+000,-1.000000e+000
1.589700e+002,3.831100e+002,1,1,1.624200e+002,3.764200e+002
1.096900e+002,3.838300e+002,1,1,1.137000e+002,3.771400e+002
7.040000e+001,3.856500e+002,0,0,-1.000000e+000,-1.000000e+000
8.697000e+001,3.885400e+002,0,0,-1.000000e+000,-1.000000e+000
8.697000e+001,3.885400e+002,1,1,9.067000e+001,3.813500e+002
6.031000e+001,3.911900e+002,1,1,6.465000e+001,3.842500e+002
1.117300e+002,3.939100e+002,0,0,-1.000000e+000,-1.000000e+000
1.117300e+002,3.939100e+002,0,0,-1.000000e+000,-1.000000e+000
1.060100e+002,3.954800e+002,0,0,-1.000000e+000,-1.000000e+000
3.672000e+001,4.052900e+002,0,0,-1.000000e+000,-1.000000e+000
1.341700e+002,4.056200e+002,0,0,-1.000000e+000,-1.000000e+000
1.059600e+002,4.069100e+002,0,0,-1.000000e+000,-1.000000e+000
1.059600e+002,4.069100e+002,0,0,-1.000000e+000,-1.000000e+000
2.976000e+001,4.097800e+002,1,1,3.290000e+001,4.029000e+002
7.388000e+001,4.106300e+002,0,0,-1.000000e+000,-1.000000e+000
1.141600e+002,4.104900e+002,1,1,1.181800e+002,4.037500e+002
1.141600e+002,4.104900e+002,1,1,1.181800e+002,4.037500e+002
7.939000e+001,4.111200e+002,0,0,-1.000000e+000,-1.000000e+000
1.036800e+002,4.115500e+002,1,1,1.077600e+002,4.048100e+002
1.126200e+002,4.149700e+002,1,1,1.144300e+002,4.081700e+002
6.502000e+001,4.164000e+002,0,0,-1.000000e+000,-1.000000e+000
9.499000e+001,4.174000e+002,0,0,-1.000000e+000,-1.000000e+000
8.827000e+001,4.183000e+002,1,1,9.213000e+001,4.112800e+002
8.827000e+001,4.183000e+002,1,1,9.213000e+001,4.112800e+002
5.546000e+001,4.216400e+002,1,1,5.988000e+001,4.151000e+002
3.242000e+001,4.217800e+002,1,1,3.661000e+001,4.144300e+002
3.242000e+001,4.217800e+002,1,1,3.661000e+001,4.144300e+002
8.636000e+001,4.231400e+002,0,0,-1.000000e+000,-1.000000e+000
4.621000e+001,4.278400e+002,0,0,-1.000000e+000,-1.000000e+000
7.723000e+001,4.290500e+002,0,0,-1.000000e+000,-1.000000e+000
3.396000e+001,4.311000e+002,0,0,-1.000000e+000,-1.000000e+000
3.396000e+001,4.311000e+002,0,0,-1.000000e+000,-1.000000e+000
1.234000e+001,4.339900e+002,0,0,-1.000000e+000,-1.000000e+000
1.234000e+001,4.339900e+002,0,0,-1.000000e+000,-1.000000e+000
3.669000e+001,4.339900e+002,1,1,4.096000e+001,4.269300e+002
6.787000e+001,4.350900e+002,0,0,-1.000000e+000,-1.000000e+000
4.596000e+001,4.385800e+002,0,0,-1.000000e+000,-1.000000e+000
5.822000e+001,4.411400e+002,1,1,6.266000e+001,4.342000e+002
5.822000e+001,4.411400e+002,0,0,-1.000000e+000,-1.000000e+000
3.579000e+001,4.444000e+002,0,0,-1.000000e+000,-1.000000e+000
1.677000e+001,4.466200e+002,1,1,2.067000e+001,4.387800e+002
1.677000e+001,4.466200e+002,1,1,2.067000e+001,4.387800e+002
4.852000e+001,4.475900e+002,0,0,-1.000000e+000,-1.000000e+000
5.823000e+001,4.479000e+002,1,1,6.188000e+001,4.404400e+002
5.823000e+001,4.479000e+002,1,1,6.188000e+001,4.404400e+002
2.626000e+001,4.512900e+002,0,0,-1.000000e+000,-1.000000e+000
4.577000e+001,4.564100e+002,1,1,4.952000e+001,4.486700e+002
4.577000e+001,4.564100e+002,1,1,4.952000e+001,4.486700e+002
3.784000e+001,4.637400e+002,0,0,-1.000000e+000,-1.000000e+000
3.274000e+001,4.646700e+002,0,0,-1.000000e+000,-1.000000e+000
5.922400e+002,6.160000e+000,0,0,-1.000000e+000,-1.000000e+000
5.913400e+002,1.448000e+001,0,0,-1.000000e+000,-1.000000e+000
5.300800e+002,4.691000e+001,0,0,-1.000000e+000,-1.000000e+000
6.150900e+002,1.227100e+002,1,1,6.222700e+002,1.179800e+002
3.894300e+002,1.536400e+002,0,0,-1.000000e+000,-1.000000e+000
5.214300e+002,1.598100e+002,0,0,-1.000000e+000,-1.000000e+000
5.307100e+002,1.673100e+002,1,1,5.367800e+002,1.622700e+002
3.819500e+002,1.879900e+002,0,0,-1.000000e+000,-1.000000e+000
3.819500e+002,1.879900e+002,0,0,-1.000000e+000,-1.000000e+000
6.138200e+002,1.908100e+002,0,0,-1.000000e+000,-1.000000e+000
5.472000e+002,2.012700e+002,0,0,-1.000000e+000,-1.000000e+000
5.275400e+002,2.087000e+002,1,1,5.328200e+002,2.038300e+002
5.988600e+002,2.365900e+002,1,1,6.051400e+002,2.321000e+002
5.445700e+002,2.403800e+002,0,0,-1.000000e+000,-1.000000e+000
2.238300e+002,2.522700e+002,0,0,-1.000000e+000,-1.000000e+000
2.090300e+002,2.558100e+002,0,0,-1.000000e+000,-1.000000e+000
1.791000e+002,2.600800e+002,0,0,-1.000000e+000,-1.000000e+000
4.350000e+002,2.742700e+002,1,1,4.394700e+002,2.691600e+002
4.824700e+002,2.780800e+002,0,0,-1.000000e+000,-1.000000e+000
1.216900e+002,2.903600e+002,0,0,-1.000000e+000,-1.000000e+000
1.216900e+002,2.903600e+002,0,0,-1.000000e+000,-1.000000e+000
1.268500e+002,2.903900e+002,0,0,-1.000000e+000,-1.000000e+000
6.821000e+001,3.009900e+002,0,0,-1.000000e+000,-1.000000e+000
4.821800e+002,3.008900e+002,0,0,-1.000000e+000,-1.000000e+000
6.837000e+001,3.060800e+002,0,0,-1.000000e+000,-1.000000e+000
4.385300e+002,3.069800e+002,0,0,-1.000000e+000,-1.000000e+000
4.385300e+002,3.069800e+002,0,0,-1.000000e+000,-1.000000e+000
1.344400e+002,3.139800e+002,0,0,-1.000000e+000,-1.000000e+000
3.825400e+002,3.225200e+002,0,0,-1.000000e+000,-1.000000e+000
5.733500e+002,3.404600e+002,0,0,-1.000000e+000,-1.000000e+000
1.387100e+002,3.473500e+002,1,1,1.430600e+002,3.409900e+002
1.387100e+002,3.473500e+002,0,0,-1.000000e+000,-1.000000e+000
1.312000e+002,3.523200e+002,0,0,-1.000000e+000,-1.000000e+000
1.596500e+002,3.551100e+002,1,1,1.634100e+002,3.488300e+002
1.950600e+002,3.591400e+002,0,0,-1.000000e+000,-1.000000e+000
1.950600e+002,3.591400e+002,0,0,-1.000000e+000,-1.000000e+000
1.950600e+002,3.591400e+002,0,0,-1.000000e+000,-1.000000e+000
2.014300e+002,3.596600e+002,0,0,-1.000000e+000,-1.000000e+000
1.124500e+002,3.635400e+002,0,0,-1.000000e+000,-1.000000e+000
1.891900e+002,3.626800e+002,0,0,-1.000000e+000,-1.000000e+000
1.426600e+002,3.658100e+002,0,0,-1.000000e+000,-1.000000e+000
1.043600e+002,3.680700e+002,0,0,-1.000000e+000,-1.000000e+000
1.804500e+002,3.689800e+002,1,1,1.841700e+002,3.628400e+002
9.630000e+001,3.730800e+002,0,0,-1.000000e+000,-1.000000e+000
9.842000e+001,3.784300e+002,0,0,-1.000000e+000,-1.000000e+000
1.636700e+002,3.801700e+002,0,0,-1.000000e+000,-1.000000e+000
1.636700e+002,3.801700e+002,0,0,-1.000000e+000,-1.000000e+000
8.101000e+001,3.887000e+002,0,0,-1.000000e+000,-1.000000e+000
1.029800e+002,3.900100e+002,1,1,1.067400e+002,3.830800e+002
1.029800e+002,3.900100e+002,1,1,1.067400e+002,3.830800e+002
5.001700e+002,3.932500e+002,0,0,-1.000000e+000,-1.000000e+000
1.420500e+002,3.944300e+002,1,1,1.457600e+002,3.878700e+002
1.420500e+002,3.944300e+002,1,1,1.457600e+002,3.878700e+002
9.431000e+001,3.951100e+002,1,1,9.820000e+001,3.882900e+002
9.431000e+001,3.951100e+002,1,1,9.820000e+001,3.882900e+002
1.490300e+002,3.944200e+002,0,0,-1.000000e+000,-1.000000e+000
5.124000e+001,3.965700e+002,1,1,5.612000e+001,3.896300e+002
5.752000e+001,3.959800e+002,0,0,-1.000000e+000,-1.000000e+000
1.227000e+002,3.962600e+002,1,1,1.264000e+002,3.895000e+002
1.227000e+002,3.962600e+002,1,1,1.264000e+002,3.895000e+002
1.031900e+002,3.994400e+002,1,1,1.072700e+002,3.925400e+002
1.031900e+002,3.994400e+002,1,1,1.072700e+002,3.925400e+002
8.543000e+001,4.003900e+002,1,1,8.955000e+001,3.935500e+002
8.543000e+001,4.003900e+002,0,0,-1.000000e+000,-1.000000e+000
1.317800e+002,4.009800e+002,1,1,1.356800e+002,3.943700e+002
1.317800e+002,4.009800e+002,1,1,1.356800e+002,3.943700e+002
1.317800e+002,4.009800e+002,0,0,-1.000000e+000,-1.000000e+000
1.390900e+002,4.014400e+002,0,0,-1.000000e+000,-1.000000e+000
9.456000e+001,4.046800e+002,0,0,-1.000000e+000,-1.000000e+000
7.705000e+001,4.061500e+002,1,1,8.090000e+001,3.990900e+002
7.705000e+001,4.061500e+002,1,1,8.090000e+001,3.990900e+002
7.705000e+001,4.061500e+002,1,1,8.090000e+001,3.990900e+002
1.057800e+002,4.068800e+002,0,0,-1.000000e+000,-1.000000e+000
1.057800e+002,4.068800e+002,0,0,-1.000000e+000,-1.000000e+000
1.288500e+002,4.083300e+002,0,0,-1.000000e+000,-1.000000e+000
2.801000e+001,4.101900e+002,1,1,3.290000e+001,4.029000e+002
8.602000e+001,4.103700e+002,1,1,9.009000e+001,4.035700e+002
8.602000e+001,4.103700e+002,1,1,9.009000e+001,4.035700e+002
6.767000e+001,4.114300e+002,1,1,7.157000e+001,4.042200e+002
6.767000e+001,4.114300e+002,1,1,7.157000e+001,4.042200e+002
9.698000e+001,4.125100e+002,0,0,-1.000000e+000,-1.000000e+000
4.776000e+001,4.138900e+002,0,0,-1.000000e+000,-1.000000e+000
1.107400e+002,4.150200e+002,0,0,-1.000000e+000,-1.000000e+000
1.107400e+002,4.150200e+002,1,1,1.144300e+002,4.081700e+002
1.815000e+001,4.159600e+002,1,1,2.334000e+001,4.086200e+002
7.702000e+001,4.160300e+002,1,1,8.112000e+001,4.089300e+002
7.702000e+001,4.160300e+002,1,1,8.112000e+001,4.089300e+002
5.845000e+001,4.171700e+002,1,1,6.247000e+001,4.101000e+002
5.845000e+001,4.171700e+002,1,1,6.247000e+001,4.101000e+002
8.835000e+001,4.182800e+002,0,0,-1.000000e+000,-1.000000e+000
8.835000e+001,4.182800e+002,0,0,-1.000000e+000,-1.000000e+000
6.777000e+001,4.216000e+002,0,0,-1.000000e+000,-1.000000e+000
4.929000e+001,4.229900e+002,1,1,5.348000e+001,4.157300e+002
7.964000e+001,4.240700e+002,0,0,-1.000000e+000,-1.000000e+000
7.964000e+001,4.240700e+002,1,1,8.329000e+001,4.171800e+002
4.840000e+000,4.263600e+002,0,0,-1.000000e+000,-1.000000e+000
5.856000e+001,4.274900e+002,0,0,-1.000000e+000,-1.000000e+000
5.856000e+001,4.274900e+002,0,0,-1.000000e+000,-1.000000e+000
3.925000e+001,4.288900e+002,0,0,-1.000000e+000,-1.000000e+000
6.994000e+001,4.300500e+002,1,1,7.382000e+001,4.228100e+002
4.917000e+001,4.335600e+002,0,0,-1.000000e+000,-1.000000e+000
2.975000e+001,4.348900e+002,0,0,-1.000000e+000,-1.000000e+000
6.082000e+001,4.359600e+002,0,0,-1.000000e+000,-1.000000e+000
3.936000e+001,4.397000e+002,0,0,-1.000000e+000,-1.000000e+000
5.144000e+001,4.423500e+002,1,1,5.540000e+001,4.349600e+002
5.144000e+001,4.423500e+002,1,1,5.540000e+001,4.349600e+002
2.975000e+001,4.461500e+002,0,0,-1.000000e+000,-1.000000e+000
4.863000e+001,4.473900e+002,0,0,-1.000000e+000,-1.000000e+000
4.172000e+001,4.491900e+002,0,0,-1.000000e+000,-1.000000e+000
3.111000e+001,4.554700e+002,0,0,-1.000000e+000,-1.000000e+000
5.222100e+002,1.037000e+001,0,0,-1.000000e+000,-1.000000e+000
5.268600e+002,5.276000e+001,0,0,-1.000000e+000,-1.000000e+000
6.177300e+002,9.341000e+001,0,0,-1.000000e+000,-1.000000e+000
6.121200e+002,1.783300e+002,0,0,-1.000000e+000,-1.000000e+000
5.560600e+002,1.851300e+002,1,1,5.624200e+002,1.804100e+002
5.572400e+002,1.921300e+002,0,0,-1.000000e+000,-1.000000e+000
5.643800e+002,1.964900e+002,1,1,5.705600e+002,1.917600e+002
2.621400e+002,2.170200e+002,0,0,-1.000000e+000,-1.000000e+000
4.978500e+002,2.189200e+002,0,0,-1.000000e+000,-1.000000e+000
2.331900e+002,2.421800e+002,0,0,-1.000000e+000,-1.000000e+000
4.792500e+002,2.438500e+002,0,0,-1.000000e+000,-1.000000e+000
2.261200e+002,2.461400e+002,0,0,-1.000000e+000,-1.000000e+000
2.484200e+002,2.622700e+002,0,0,-1.000000e+000,-1.000000e+000
4.910800e+002,2.622800e+002,0,0,-1.000000e+000,-1.000000e+000
4.661100e+002,2.652000e+002,1,1,4.706000e+002,2.601900e+002
4.427300e+002,2.716900e+002,0,0,-1.000000e+000,-1.000000e+000
3.730800e+002,2.892600e+002,0,0,-1.000000e+000,-1.000000e+000
1.977900e+002,3.211300e+002,1,1,2.017000e+002,3.152600e+002
1.338600e+002,3.572500e+002,0,0,-1.000000e+000,-1.000000e+000
1.775100e+002,3.757000e+002,0,0,-1.000000e+000,-1.000000e+000
8.949000e+001,3.832800e+002,0,0,-1.000000e+000,-1.000000e+000
7.498000e+001,3.850400e+002,1,1,7.930000e+001,3.783100e+002
7.498000e+001,3.850400e+002,1,1,7.930000e+001,3.783100e+002
1.525800e+002,3.871400e+002,0,0,-1.000000e+000,-1.000000e+000
6.619000e+001,3.903200e+002,0,0,-1.000000e+000,-1.000000e+000
7.272000e+001,3.938200e+002,0,0,-1.000000e+000,-1.000000e+000
6.361000e+001,3.993700e+002,1,1,6.771000e+001,3.922200e+002
5.492000e+001,4.048500e+002,0,0,-1.000000e+000,-1.000000e+000
1.210300e+002,4.079800e+002,1,1,1.249400e+002,4.011600e+002
1.210300e+002,4.079800e+002,1,1,1.249400e+002,4.011600e+002
3.420000e+001,4.093500e+002,0,0,-1.000000e+000,-1.000000e+000
3.420000e+001,4.093500e+002,0,0,-1.000000e+000,-1.000000e+000
2.479000e+001,4.152000e+002,0,0,-1.000000e+000,-1.000000e+000
1.180100e+002,4.152500e+002,1,1,1.217300e+002,4.083200e+002
3.633000e+001,4.168500e+002,0,0,-1.000000e+000,-1.000000e+000
1.517000e+001,4.211500e+002,0,0,-1.000000e+000,-1.000000e+000
2.642000e+001,4.225800e+002,0,0,-1.000000e+000,-1.000000e+000
1.645000e+001,4.284600e+002,0,0,-1.000000e+000,-1.000000e+000
1.983000e+001,4.409600e+002,1,1,2.406000e+001,4.335900e+002
6.407000e+001,4.452300e+002,1,1,6.813000e+001,4.378000e+002
6.197000e+001,4.524700e+002,0,0,-1.000000e+000,-1.000000e+000
5.296000e+001,4.528300e+002,1,1,5.667000e+001,4.454200e+002
5.296000e+001,4.528300e+002,1,1,5.667000e+001,4.454200e+002
4.103000e+001,4.609100e+002,1,1,4.496000e+001,4.533600e+002
4.920000e+001,4.607500e+002,0,0,-1.000000e+000,-1.000000e+000
2.819000e+001,4.691300e+002,0,0,-1.000000e+000,-1.000000e+000
3.655000e+001,4.694400e+002,0,0,-1.000000e+000,-1.000000e+000
5.912300e+002,2.348000e+001,1,1,5.989400e+002,1.790000e+001
5.912300e+002,2.348000e+001,1,1,5.989400e+002,1.790000e+001
5.192800e+002,2.949000e+001,0,0,-1.000000e+000,-1.000000e+000
6.128500e+002,6.477000e+001,0,0,-1.000000e+000,-1.000000e+000
5.512100e+002,7.791000e+001,0,0,-1.000000e+000,-1.000000e+000
3.885400e+002,1.461600e+002,0,0,-1.000000e+000,-1.000000e+000
4.504200e+002,1.531300e+002,0,0,-1.000000e+000,-1.000000e+000
5.304400e+002,1.580000e+002,1,1,5.363400e+002,1.529900e+002
5.304400e+002,1.580000e+002,1,1,5.363400e+002,1.529900e+002
2.629100e+002,2.172500e+002,0,0,-1.000000e+000,-1.000000e+000
5.659200e+002,2.186400e+002,0,0,-1.000000e+000,-1.000000e+000
4.665400e+002,2.210700e+002,0,0,-1.000000e+000,-1.000000e+000
1.764600e+002,2.223700e+002,0,0,-1.000000e+000,-1.000000e+000
5.587800e+002,2.362500e+002,0,0,-1.000000e+000,-1.000000e+000
1.775400e+002,2.386100e+002,1,1,1.825600e+002,2.327900e+002
5.257600e+002,2.390300e+002,0,0,-1.000000e+000,-1.000000e+000
5.021800e+002,2.487400e+002,0,0,-1.000000e+000,-1.000000e+000
2.512400e+002,2.540200e+002,1,1,2.558800e+002,2.485100e+002
2.512400e+002,2.540200e+002,1,1,2.558800e+002,2.485100e+002
2.357700e+002,2.562200e+002,0,0,-1.000000e+000,-1.000000e+000
3.868400e+002,2.871300e+002,0,0,-1.000000e+000,-1.000000e+000
4.855700e+002,2.984500e+002,0,0,-1.000000e+000,-1.000000e+000
1.539800e+002,3.087900e+002,0,0,-1.000000e+000,-1.000000e+000
2.253800e+002,3.220100e+002,0,0,-1.000000e+000,-1.000000e+000
5.838900e+002,3.541100e+002,0,0,-1.000000e+000,-1.000000e+000
5.437900e+002,3.770400e+002,0,0,-1.000000e+000,-1.000000e+000
5.929900e+002,2.146000e+001,0,0,-1.000000e+000,-1.000000e+000
5.929900e+002,2.146000e+001,0,0,-1.000000e+000,-1.000000e+000
5.484800e+002,6.838000e+001,0,0,-1.000000e+000,-1.000000e+000
4.505200e+002,1.543700e+002,0,0,-1.000000e+000,-1.000000e+000
5.106100e+002,1.630900e+002,0,0,-1.000000e+000,-1.000000e+000
5.747800e+002,1.980800e+002,0,0,-1.000000e+000,-1.000000e+000
2.658400e+002,2.180500e+002,0,0,-1.000000e+000,-1.000000e+000
4.668600e+002,2.203600e+002,0,0,-1.000000e+000,-1.000000e+000
1.782700e+002,2.376800e+002,0,0,-1.000000e+000,-1.000000e+000
5.596800e+002,2.381400e+002,1,1,5.660100e+002,2.340200e+002
1.835900e+002,2.561500e+002,0,0,-1.000000e+000,-1.000000e+000
1.592500e+002,2.575800e+002,0,0,-1.000000e+000,-1.000000e+000
3.416800e+002,2.874100e+002,0,0,-1.000000e+000,-1.000000e+000
3.874200e+002,2.874400e+002,0,0,-1.000000e+000,-1.000000e+000
4.794800e+002,2.893500e+002,0,0,-1.000000e+000,-1.000000e+000
2.491800e+002,2.960600e+002,0,0,-1.000000e+000,-1.000000e+000
1.502600e+002,3.103500e+002,0,0,-1.000000e+000,-1.000000e+000
2.262200e+002,3.220500e+002,0,0,-1.000000e+000,-1.000000e+000
3.866800e+002,3.234000e+002,0,0,-1.000000e+000,-1.000000e+000
5.652400e+002,3.509000e+002,0,0,-1.000000e+000,-1.000000e+000
5.471800e+002,3.589800e+002,0,0,-1.000000e+000,-1.000000e+000
1.696400e+002,3.665700e+002,0,0,-1.000000e+000,-1.000000e+000
6.257700e+002,1.603000e+001,0,0,-1.000000e+000,-1.000000e+000
5.216800e+002,6.148000e+001,0,0,-1.000000e+000,-1.000000e+000
1.455000e+002,1.380000e+002,1,1,1.498400e+002,1.323500e+002
1.455000e+002,1.380000e+002,1,1,1.498400e+002,1.323500e+002
6.039300e+002,1.496300e+002,0,0,-1.000000e+000,-1.000000e+000
6.188700e+002,1.503800e+002,0,0,-1.000000e+000,-1.000000e+000
4.765500e+002,1.523300e+002,1,1,4.823600e+002,1.475600e+002
5.755900e+002,1.717800e+002,0,0,-1.000000e+000,-1.000000e+000
2.668400e+002,2.342100e+002,0,0,-1.000000e+000,-1.000000e+000
2.506100e+002,2.423900e+002,0,0,-1.000000e+000,-1.000000e+000
2.394800e+002,2.441900e+002,0,0,-1.000000e+000,-1.000000e+000
4.381400e+002,2.753700e+002,0,0,-1.000000e+000,-1.000000e+000
1.681300e+002,2.804100e+002,0,0,-1.000000e+000,-1.000000e+000
1.433600e+002,2.994500e+002,0,0,-1.000000e+000,-1.000000e+000
3.612700e+002,2.991500e+002,1,1,3.653900e+002,2.937700e+002
1.377900e+002,3.145100e+002,0,0,-1.000000e+000,-1.000000e+000
3.448700e+002,3.328500e+002,1,1,3.485800e+002,3.269500e+002
2.195400e+002,3.545500e+002,0,0,-1.000000e+000,-1.000000e+000
1.534900e+002,1.237900e+002,0,0,-1.000000e+000,-1.000000e+000
3.722400e+002,1.311700e+002,0,0,-1.000000e+000,-1.000000e+000
3.721200e+002,1.509400e+002,0,0,-1.000000e+000,-1.000000e+000
5.686300e+002,1.863800e+002,0,0,-1.000000e+000,-1.000000e+000
2.683600e+002,2.189700e+002,0,0,-1.000000e+000,-1.000000e+000
4.783000e+002,2.333300e+002,1,1,4.833300e+002,2.284500e+002
4.783000e+002,2.333300e+002,1,1,4.833300e+002,2.284500e+002
4.944700e+002,2.761000e+002,1,1,4.988700e+002,2.711600e+002
1.577200e+002,2.960500e+002,1,1,1.620700e+002,2.900500e+002
2.106100e+002,3.218200e+002,0,0,-1.000000e+000,-1.000000e+000
3.449100e+002,3.317300e+002,1,1,3.487900e+002,3.258400e+002
4.497000e+002,1.606600e+002,0,0,-1.000000e+000,-1.000000e+000
1.811700e+002,1.760100e+002,0,0,-1.000000e+000,-1.000000e+000
5.418700e+002,1.914600e+002,0,0,-1.000000e+000,-1.000000e+000
5.707400e+002,2.093000e+002,1,1,5.768300e+002,2.044400e+002
1.510200e+002,2.548200e+002,0,0,-1.000000e+000,-1.000000e+000
4.957100e+002,2.769500e+002,1,1,5.002400e+002,2.723000e+002
1.298600e+002,2.808900e+002,0,0,-1.000000e+000,-1.000000e+000
2.520200e+002,3.259700e+002,1,1,2.566100e+002,3.202600e+002
2.520200e+002,3.259700e+002,1,1,2.566100e+002,3.202600e+002
2.329300e+002,3.414500e+002,0,0,-1.000000e+000,-1.000000e+000
1.108000e+002,3.449100e+002,0,0,-1.000000e+000,-1.000000e+000
4.080200e+002,1.476300e+002,0,0,-1.000000e+000,-1.000000e+000
3.436600e+002,1.845900e+002,0,0,-1.000000e+000,-1.000000e+000
4.616800e+002,2.510000e+002,0,0,-1.000000e+000,-1.000000e+000
3.754000e+001,3.517000e+002,0,0,-1.000000e+000,-1.000000e+000
5.708800e+002,5.683000e+001,0,0,-1.000000e+000,-1.000000e+000
5.210000e+002,1.897200e+002,0,0,-1.000000e+000,-1.000000e+000
1.826600e+002,1.992200e+002,1,1,1.876300e+002,1.936700e+002
1.826600e+002,1.992200e+002,1,1,1.876300e+002,1.936700e+002
2.420000e+002,2.139300e+002,1,1,2.462200e+002,2.088700e+002
2.420000e+002,2.139300e+002,1,1,2.462200e+002,2.088700e+002
5.329500e+002,2.270100e+002,0,0,-1.000000e+000,-1.000000e+000
2.772700e+002,2.577300e+002,0,0,-1.000000e+000,-1.000000e+000
1.113900e+002,3.129200e+002,0,0,-1.000000e+000,-1.000000e+000
6.151000e+001,3.276200e+002,0,0,-1.000000e+000,-1.000000e+000
1.456700e+002,3.316900e+002,1,1,1.494200e+002,3.256500e+002
2.512500e+002,3.557100e+002,0,0,-1.000000e+000,-1.000000e+000
5.016800e+002,1.893800e+002,0,0,-1.000000e+000,-1.000000e+000
5.232600e+002,2.322600e+002,0,0,-1.000000e+000,-1.000000e+000
1.451000e+002,2.463000e+002,0,0,-1.000000e+000,-1.000000e+000
5.871100e+002,3.122200e+002,0,0,-1.000000e+000,-1.000000e+000
4.967400e+002,1.889500e+002,0,0,-1.000000e+000,-1.000000e+000
2.206200e+002,2.803600e+002,0,0,-1.000000e+000,-1.000000e+000
4.490000e+002,2.932200e+002,0,0,-1.000000e+000,-1.000000e+000
4.879400e+002,1.884200e+002,0,0,-1.000000e+000,-1.000000e+000
3.355000e+002,2.432800e+002,1,1,3.412700e+002,2.388500e+002
3.355000e+002,2.432800e+002,1,1,3.412700e+002,2.388500e+002
4.985600e+002,4.150300e+002,0,0,-1.000000e+000,-1.000000e+000
2.949900e+002,3.217200e+002,0,0,-1.000000e+000,-1.000000e+000
1.573900e+002,3.680000e+002,0,0,1.000000e+000,-1.000000e+000