1.571700e+002,6.657000e+001,0,0,-1.000000e+000,-1.000000e+000
1.106400e+002,6.951000e+001,0,0,-1.000000e+000,-1.000000e+000
1.005800e+002,7.025000e+001,0,0,-1.000000e+000,-1.000000e+000
1.440800e+002,7.023000e+001,0,0,-1.000000e+000,-1.000000e+000
9.716000e+001,7.041000e+001,0,0,-1.000000e+000,-1.000000e+000
1.556300e+002,8.303000e+001,0,0,-1.000000e+000,-1.000000e+000
1.097800e+002,8.359000e+001,0,0,-1.000000e+000,-1.000000e+000
1.047700e+002,8.401000e+001,0,0,-1.000000e+000,-1.000000e+000
4.685000e+001,9.069000e+001,0,0,-1.000000e+000,-1.000000e+000
4.700700e+002,1.205300e+002,1,1,4.760500e+002,1.300700e+002
4.601300e+002,1.213700e+002,0,0,-1.000000e+000,-1.000000e+000
4.111200e+002,1.253700e+002,0,0,-1.000000e+000,-1.000000e+000
3.777600e+002,1.285800e+002,0,0,-1.000000e+000,-1.000000e+000
4.007300e+002,1.286500e+002,1,0,4.154700e+002,1.359700e+002
3.484600e+002,1.312000e+002,1,0,3.027500e+002,1.686500e+002
2.848700e+002,1.372000e+002,0,0,-1.000000e+000,-1.000000e+000
4.964400e+002,1.431400e+002,1,1,5.038200e+002,1.530600e+002
2.683800e+002,1.439600e+002,1,1,2.731600e+002,1.489300e+002
4.314900e+002,1.498700e+002,0,0,-1.000000e+000,-1.000000e+000
5.719900e+002,1.540100e+002,0,0,-1.000000e+000,-1.000000e+000
6.001200e+002,1.700600e+002,0,0,-1.000000e+000,-1.000000e+000
4.455400e+002,1.714300e+002,0,0,-1.000000e+000,-1.000000e+000
4.582100e+002,1.835400e+002,1,1,4.624700e+002,1.935200e+002
3.259100e+002,1.878300e+002,1,1,3.291000e+002,1.944300e+002
4.690300e+002,2.025700e+002,0,0,-1.000000e+000,-1.000000e+000
4.787900e+002,2.034600e+002,0,0,-1.000000e+000,-1.000000e+000
4.737400e+002,2.092800e+002,0,0,-1.000000e+000,-1.000000e+000
4.838800e+002,2.114000e+002,1,0,4.969100e+002,2.337500e+002
4.895000e+002,2.134900e+002,0,0,-1.000000e+000,-1.000000e+000
4.737600e+002,2.140000e+002,0,0,-1.000000e+000,-1.000000e+000
2.096400e+002,2.154700e+002,0,0,-1.000000e+000,-1.000000e+000
4.799200e+002,2.179200e+002,0,0,-1.000000e+000,-1.000000e+000
4.817200e+002,2.206800e+002,0,0,-1.000000e+000,-1.000000e+000
2.306600e+002,2.240000e+002,0,0,-1.000000e+000,-1.000000e+000
2.007200e+002,2.261300e+002,0,0,-1.000000e+000,-1.000000e+000
4.825600e+002,2.260200e+002,0,0,-1.000000e+000,-1.000000e+000
4.854500e+002,2.259900e+002,0,0,-1.000000e+000,-1.000000e+000
5.031900e+002,2.266200e+002,0,0,-1.000000e+000,-1.000000e+000
1.842900e+002,2.278700e+002,0,0,-1.000000e+000,-1.000000e+000
5.059700e+002,2.326500e+002,0,0,-1.000000e+000,-1.000000e+000
1.564200e+002,2.331100e+002,0,0,-1.000000e+000,-1.000000e+000
1.805500e+002,2.378400e+002,0,0,-1.000000e+000,-1.000000e+000
1.795300e+002,2.403500e+002,0,0,-1.000000e+000,-1.000000e+000
2.988900e+002,2.469900e+002,0,0,-1.000000e+000,-1.000000e+000
1.052300e+002,2.488500e+002,0,0,-1.000000e+000,-1.000000e+000
9.509000e+001,2.500900e+002,0,0,-1.000000e+000,-1.000000e+000
3.026600e+002,2.507400e+002,0,0,-1.000000e+000,-1.000000e+000
1.912200e+002,2.527600e+002,0,0,-1.000000e+000,-1.000000e+000
6.559000e+001,2.534100e+002,0,0,-1.000000e+000,-1.000000e+000
2.870000e+001,2.549500e+002,0,0,-1.000000e+000,-1.000000e+000
4.418300e+002,2.665700e+002,0,0,-1.000000e+000,-1.000000e+000
4.418300e+002,2.665700e+002,0,0,-1.000000e+000,-1.000000e+000
5.108300e+002,2.664100e+002,0,0,-1.000000e+000,-1.000000e+000
5.135500e+002,2.698600e+002,0,0,-1.000000e+000,-1.000000e+000
1.594600e+002,2.708100e+002,0,0,-1.000000e+000,-1.000000e+000
1.550700e+002,2.773500e+002,0,0,-1.000000e+000,-1.000000e+000
3.095400e+002,2.825500e+002,0,0,-1.000000e+000,-1.000000e+000
2.913600e+002,2.833900e+002,0,0,-1.000000e+000,-1.000000e+000
1.432600e+002,2.865900e+002,0,0,-1.000000e+000,-1.000000e+000
1.391900e+002,2.925700e+002,1,1,1.360400e+002,2.947000e+002
1.391900e+002,2.925700e+002,0,0,-1.000000e+000,-1.000000e+000
1.901100e+002,2.965600e+002,0,0,-1.000000e+000,-1.000000e+000
8.665000e+001,3.028400e+002,0,0,-1.000000e+000,-1.000000e+000
3.696700e+002,3.051600e+002,0,0,-1.000000e+000,-1.000000e+000
8.613000e+001,3.057200e+002,0,0,-1.000000e+000,-1.000000e+000
8.613000e+001,3.057200e+002,0,0,-1.000000e+000,-1.000000e+000
3.856700e+002,3.095600e+002,1,1,3.791000e+002,3.196400e+002
2.100000e+002,3.146100e+002,0,0,-1.000000e+000,-1.000000e+000
4.843500e+002,3.147600e+002,0,0,-1.000000e+000,-1.000000e+000
1.090300e+002,3.149000e+002,1,1,1.044100e+002,3.161500e+002
1.090300e+002,3.149000e+002,1,1,1.044100e+002,3.161500e+002
4.443900e+002,3.148000e+002,0,0,-1.000000e+000,-1.000000e+000
8.700000e+001,3.155600e+002,0,0,-1.000000e+000,-1.000000e+000
1.393800e+002,3.157900e+002,0,0,-1.000000e+000,-1.000000e+000
1.046300e+002,3.165200e+002,0,0,-1.000000e+000,-1.000000e+000
1.258900e+002,3.182000e+002,0,0,-1.000000e+000,-1.000000e+000
8.580000e+001,3.186000e+002,0,0,-1.000000e+000,-1.000000e+000
1.074200e+002,3.182700e+002,0,0,-1.000000e+000,-1.000000e+000
7.720000e+001,3.190400e+002,1,1,7.261000e+001,3.195900e+002
7.420000e+001,3.197700e+002,0,0,-1.000000e+000,-1.000000e+000
7.420000e+001,3.197700e+002,0,0,-1.000000e+000,-1.000000e+000
2.476100e+002,3.199700e+002,1,0,2.416400e+002,3.184100e+002
3.429000e+001,3.217200e+002,0,0,-1.000000e+000,-1.000000e+000
6.008000e+001,3.213200e+002,0,0,-1.000000e+000,-1.000000e+000
3.420400e+002,3.220500e+002,1,1,3.349600e+002,3.306300e+002
1.407100e+002,3.223000e+002,0,0,-1.000000e+000,-1.000000e+000
1.035700e+002,3.241800e+002,1,1,9.852000e+001,3.256200e+002
1.035700e+002,3.241800e+002,0,0,-1.000000e+000,-1.000000e+000
1.173600e+002,3.238000e+002,0,0,-1.000000e+000,-1.000000e+000
1.752000e+001,3.246600e+002,0,0,-1.000000e+000,-1.000000e+000
3.401600e+002,3.245900e+002,0,0,-1.000000e+000,-1.000000e+000
1.333700e+002,3.251700e+002,0,0,-1.000000e+000,-1.000000e+000
1.945000e+001,3.262400e+002,0,0,-1.000000e+000,-1.000000e+000
4.824500e+002,3.259100e+002,0,0,-1.000000e+000,-1.000000e+000
1.191600e+002,3.265500e+002,0,0,-1.000000e+000,-1.000000e+000
2.250000e+001,3.273900e+002,1,1,1.763000e+001,3.262100e+002
5.114000e+001,3.275700e+002,0,0,-1.000000e+000,-1.000000e+000
5.114000e+001,3.275700e+002,0,0,-1.000000e+000,-1.000000e+000
2.331000e+001,3.300500e+002,0,0,-1.000000e+000,-1.000000e+000
9.178000e+001,3.302100e+002,0,0,-1.000000e+000,-1.000000e+000
1.478100e+002,3.299800e+002,0,0,-1.000000e+000,-1.000000e+000
1.068400e+002,3.305300e+002,0,0,-1.000000e+000,-1.000000e+000
5.355300e+002,3.311100e+002,1,0,5.380200e+002,3.585200e+002
4.830000e+000,3.314200e+002,0,0,-1.000000e+000,-1.000000e+000
7.650000e+000,3.317600e+002,0,0,-1.000000e+000,-1.000000e+000
6.623000e+001,3.319300e+002,0,0,-1.000000e+000,-1.000000e+000
1.225400e+002,3.327700e+002,0,0,-1.000000e+000,-1.000000e+000
9.645000e+001,3.342700e+002,0,0,-1.000000e+000,-1.000000e+000
3.009000e+001,3.344400e+002,0,0,-1.000000e+000,-1.000000e+000
3.009000e+001,3.344400e+002,0,0,-1.000000e+000,-1.000000e+000
2.351000e+001,3.367000e+002,0,0,-1.000000e+000,-1.000000e+000
5.163000e+001,3.368500e+002,0,0,-1.000000e+000,-1.000000e+000
8.641000e+001,3.378300e+002,1,1,8.051000e+001,3.385100e+002
5.351200e+002,3.377200e+002,0,0,-1.000000e+000,-1.000000e+000
1.317000e+001,3.400800e+002,0,0,-1.000000e+000,-1.000000e+000
1.317000e+001,3.400800e+002,1,1,7.770000e+000,3.386400e+002
1.317000e+001,3.400800e+002,0,0,-1.000000e+000,-1.000000e+000
1.514700e+002,3.398800e+002,0,0,-1.000000e+000,-1.000000e+000
8.819000e+001,3.413400e+002,0,0,-1.000000e+000,-1.000000e+000
3.705700e+002,3.429700e+002,0,0,-1.000000e+000,-1.000000e+000
4.752400e+002,3.431400e+002,0,0,-1.000000e+000,-1.000000e+000
2.684700e+002,3.441100e+002,1,1,2.628100e+002,3.504300e+002
5.513000e+001,3.487800e+002,0,0,-1.000000e+000,-1.000000e+000
5.513000e+001,3.487800e+002,0,0,-1.000000e+000,-1.000000e+000
6.762000e+001,3.485700e+002,0,0,-1.000000e+000,-1.000000e+000
1.331000e+002,3.502900e+002,0,0,-1.000000e+000,-1.000000e+000
1.130100e+002,3.511600e+002,0,0,-1.000000e+000,-1.000000e+000
1.130100e+002,3.511600e+002,0,0,-1.000000e+000,-1.000000e+000
4.398000e+001,3.525600e+002,0,0,-1.000000e+000,-1.000000e+000
4.398000e+001,3.525600e+002,0,0,-1.000000e+000,-1.000000e+000
1.197800e+002,3.525900e+002,0,0,-1.000000e+000,-1.000000e+000
1.197800e+002,3.525900e+002,0,0,-1.000000e+000,-1.000000e+000
5.475400e+002,3.526700e+002,0,0,-1.000000e+000,-1.000000e+000
5.691000e+001,3.528100e+002,0,0,-1.000000e+000,-1.000000e+000
5.691000e+001,3.528100e+002,0,0,-1.000000e+000,-1.000000e+000
5.691000e+001,3.528100e+002,0,0,-1.000000e+000,-1.000000e+000
1.121000e+002,3.541900e+002,0,0,-1.000000e+000,-1.000000e+000
1.995400e+002,3.548900e+002,0,0,-1.000000e+000,-1.000000e+000
6.131000e+001,3.554400e+002,0,0,-1.000000e+000,-1.000000e+000
6.131000e+001,3.554400e+002,0,0,-1.000000e+000,-1.000000e+000
5.526700e+002,3.587500e+002,0,0,-1.000000e+000,-1.000000e+000
5.036000e+001,3.590600e+002,0,0,-1.000000e+000,-1.000000e+000
5.036000e+001,3.590600e+002,0,0,-1.000000e+000,-1.000000e+000
2.157000e+001,3.601300e+002,0,0,-1.000000e+000,-1.000000e+000
5.605500e+002,3.599800e+002,0,0,-1.000000e+000,-1.000000e+000
3.069700e+002,3.615500e+002,1,1,2.996600e+002,3.694700e+002
5.214000e+001,3.629400e+002,0,0,-1.000000e+000,-1.000000e+000
5.214000e+001,3.629400e+002,0,0,-1.000000e+000,-1.000000e+000
5.214000e+001,3.629400e+002,0,0,-1.000000e+000,-1.000000e+000
3.129400e+002,3.639600e+002,1,1,3.070700e+002,3.720600e+002
5.656200e+002,3.655500e+002,0,0,-1.000000e+000,-1.000000e+000
1.016400e+002,3.662700e+002,0,0,-1.000000e+000,-1.000000e+000
3.119700e+002,3.663700e+002,0,0,-1.000000e+000,-1.000000e+000
4.853000e+001,3.692400e+002,0,0,-1.000000e+000,-1.000000e+000
4.853000e+001,3.692400e+002,0,0,-1.000000e+000,-1.000000e+000
1.643000e+001,3.710800e+002,0,0,-1.000000e+000,-1.000000e+000
1.643000e+001,3.710800e+002,0,0,-1.000000e+000,-1.000000e+000
6.285000e+001,3.716200e+002,0,0,-1.000000e+000,-1.000000e+000
5.705300e+002,3.713800e+002,0,0,-1.000000e+000,-1.000000e+000
3.714000e+001,3.731100e+002,0,0,-1.000000e+000,-1.000000e+000
5.168000e+001,3.762900e+002,0,0,-1.000000e+000,-1.000000e+000
3.866000e+001,3.768600e+002,0,0,-1.000000e+000,-1.000000e+000
3.866000e+001,3.768600e+002,0,0,-1.000000e+000,-1.000000e+000
5.688600e+002,3.778300e+002,0,0,-1.000000e+000,-1.000000e+000
9.261000e+001,3.854100e+002,1,0,8.045000e+001,3.881000e+002
9.809000e+001,3.888200e+002,1,0,6.534000e+001,3.985000e+002
8.057000e+001,3.901300e+002,0,0,-1.000000e+000,-1.000000e+000
5.820000e+001,4.017000e+002,0,0,-1.000000e+000,-1.000000e+000
5.820000e+001,4.017000e+002,0,0,-1.000000e+000,-1.000000e+000
6.249000e+001,4.030000e+002,0,0,-1.000000e+000,-1.000000e+000
1.295000e+002,6.815000e+001,0,0,-1.000000e+000,-1.000000e+000
4.290000e+000,7.952000e+001,1,1,6.940000e+000,7.907000e+001
4.298300e+002,1.288400e+002,1,1,4.371900e+002,1.374200e+002
4.889900e+002,1.419900e+002,1,1,4.977500e+002,1.523900e+002
6.149800e+002,1.829600e+002,1,1,6.205500e+002,1.950800e+002
4.525100e+002,1.860800e+002,0,0,-1.000000e+000,-1.000000e+000
2.869100e+002,2.002700e+002,1,1,2.889500e+002,2.060100e+002
2.852600e+002,2.253900e+002,0,0,-1.000000e+000,-1.000000e+000
2.954300e+002,2.339200e+002,0,0,-1.000000e+000,-1.000000e+000
1.610600e+002,2.430300e+002,0,0,-1.000000e+000,-1.000000e+000
1.610600e+002,2.430300e+002,0,0,-1.000000e+000,-1.000000e+000
1.940700e+002,2.540100e+002,1,0,1.961200e+002,2.567100e+002
1.940700e+002,2.540100e+002,1,0,1.961200e+002,2.567100e+002
5.023600e+002,2.549400e+002,0,0,-1.000000e+000,-1.000000e+000
3.009400e+002,2.555000e+002,0,0,-1.000000e+000,-1.000000e+000
3.119800e+002,2.923100e+002,0,0,-1.000000e+000,-1.000000e+000
1.983300e+002,2.935300e+002,1,1,1.961000e+002,2.974000e+002
3.733100e+002,3.059800e+002,1,1,3.672600e+002,3.157000e+002
1.477000e+002,3.093600e+002,1,1,1.435200e+002,3.120100e+002
1.477000e+002,3.093600e+002,1,1,1.435200e+002,3.120100e+002
9.737000e+001,3.123600e+002,0,0,-1.000000e+000,-1.000000e+000
9.737000e+001,3.123600e+002,0,0,-1.000000e+000,-1.000000e+000
1.380200e+002,3.126300e+002,0,0,-1.000000e+000,-1.000000e+000
1.380200e+002,3.126300e+002,0,0,-1.000000e+000,-1.000000e+000
3.443700e+002,3.145900e+002,0,0,-1.000000e+000,-1.000000e+000
9.516000e+001,3.155600e+002,0,0,-1.000000e+000,-1.000000e+000
1.282900e+002,3.158300e+002,0,0,-1.000000e+000,-1.000000e+000
1.282900e+002,3.158300e+002,0,0,-1.000000e+000,-1.000000e+000
1.282900e+002,3.158300e+002,0,0,-1.000000e+000,-1.000000e+000
1.480700e+002,3.165400e+002,1,1,1.433300e+002,3.190600e+002
3.433000e+002,3.192000e+002,0,0,-1.000000e+000,-1.000000e+000
3.433000e+002,3.192000e+002,0,0,-1.000000e+000,-1.000000e+000
9.434000e+001,3.196800e+002,0,0,-1.000000e+000,-1.000000e+000
1.019500e+002,3.206600e+002,1,0,8.682000e+001,3.250500e+002
3.349900e+002,3.212600e+002,1,1,3.292000e+002,3.297500e+002
3.349900e+002,3.212600e+002,1,1,3.292000e+002,3.297500e+002
3.469400e+002,3.213400e+002,1,1,3.401600e+002,3.302900e+002
1.434500e+002,3.219900e+002,0,0,-1.000000e+000,-1.000000e+000
1.434500e+002,3.219900e+002,0,0,-1.000000e+000,-1.000000e+000
7.556000e+001,3.224800e+002,1,1,7.079000e+001,3.233400e+002
7.910000e+001,3.231300e+002,1,1,7.461000e+001,3.240700e+002
1.285300e+002,3.231000e+002,0,0,-1.000000e+000,-1.000000e+000
5.221000e+002,3.233500e+002,1,1,5.197300e+002,3.342300e+002
6.190000e+001,3.240900e+002,1,1,5.693000e+001,3.242100e+002
6.190000e+001,3.240900e+002,0,0,-1.000000e+000,-1.000000e+000
6.190000e+001,3.240900e+002,1,1,5.693000e+001,3.242100e+002
1.077400e+002,3.242400e+002,1,1,1.026500e+002,3.257100e+002
7.336000e+001,3.261300e+002,0,0,-1.000000e+000,-1.000000e+000
9.337000e+001,3.276200e+002,0,0,-1.000000e+000,-1.000000e+000
9.337000e+001,3.276200e+002,0,0,-1.000000e+000,-1.000000e+000
4.813500e+002,3.289900e+002,1,1,4.769500e+002,3.419200e+002
4.053000e+001,3.311100e+002,0,0,-1.000000e+000,-1.000000e+000
4.053000e+001,3.311100e+002,0,0,-1.000000e+000,-1.000000e+000
4.053000e+001,3.311100e+002,0,0,-1.000000e+000,-1.000000e+000
4.907000e+001,3.308300e+002,0,0,-1.000000e+000,-1.000000e+000
8.322000e+001,3.309300e+002,0,0,-1.000000e+000,-1.000000e+000
8.322000e+001,3.309300e+002,0,0,-1.000000e+000,-1.000000e+000
5.890000e+001,3.313200e+002,0,0,-1.000000e+000,-1.000000e+000
1.377000e+002,3.326000e+002,0,0,-1.000000e+000,-1.000000e+000
1.377000e+002,3.326000e+002,0,0,-1.000000e+000,-1.000000e+000
3.846000e+001,3.344400e+002,0,0,-1.000000e+000,-1.000000e+000
4.792000e+001,3.349100e+002,0,0,-1.000000e+000,-1.000000e+000
3.386000e+001,3.352400e+002,1,1,2.869000e+001,3.348500e+002
5.609000e+001,3.359800e+002,0,0,-1.000000e+000,-1.000000e+000
3.782000e+001,3.383200e+002,0,0,-1.000000e+000,-1.000000e+000
3.205000e+001,3.391300e+002,0,0,-1.000000e+000,-1.000000e+000
4.541000e+001,3.395300e+002,0,0,-1.000000e+000,-1.000000e+000
5.723000e+001,3.399800e+002,0,0,-1.000000e+000,-1.000000e+000
5.723000e+001,3.399800e+002,0,0,-1.000000e+000,-1.000000e+000
1.424900e+002,3.398600e+002,1,1,1.363200e+002,3.424500e+002
8.469000e+001,3.410500e+002,0,0,-1.000000e+000,-1.000000e+000
8.469000e+001,3.410500e+002,0,0,-1.000000e+000,-1.000000e+000
3.422000e+001,3.433800e+002,1,1,2.817000e+001,3.425600e+002
4.630000e+001,3.432800e+002,0,0,-1.000000e+000,-1.000000e+000
4.630000e+001,3.432800e+002,0,0,-1.000000e+000,-1.000000e+000
4.630000e+001,3.432800e+002,0,0,-1.000000e+000,-1.000000e+000
2.327000e+001,3.470400e+002,1,1,1.675000e+001,3.459500e+002
1.309000e+002,3.469200e+002,0,0,-1.000000e+000,-1.000000e+000
3.538000e+001,3.473400e+002,0,0,-1.000000e+000,-1.000000e+000
3.538000e+001,3.473400e+002,0,0,-1.000000e+000,-1.000000e+000
1.058900e+002,3.499900e+002,1,1,9.876000e+001,3.508000e+002
2.418000e+001,3.510400e+002,0,0,-1.000000e+000,-1.000000e+000
2.418000e+001,3.510400e+002,0,0,-1.000000e+000,-1.000000e+000
2.418000e+001,3.510400e+002,0,0,-1.000000e+000,-1.000000e+000
1.340300e+002,3.520000e+002,0,0,-1.000000e+000,-1.000000e+000
1.293000e+001,3.549100e+002,0,0,-1.000000e+000,-1.000000e+000
1.293000e+001,3.549100e+002,0,0,-1.000000e+000,-1.000000e+000
1.293000e+001,3.549100e+002,0,0,-1.000000e+000,-1.000000e+000
7.409000e+001,3.548600e+002,1,1,6.728000e+001,3.554500e+002
4.574000e+001,3.562800e+002,0,0,-1.000000e+000,-1.000000e+000
4.574000e+001,3.562800e+002,0,0,-1.000000e+000,-1.000000e+000
3.302000e+001,3.566600e+002,0,0,-1.000000e+000,-1.000000e+000
3.302000e+001,3.566600e+002,1,1,2.632000e+001,3.555900e+002
6.303000e+001,3.586800e+002,0,0,-1.000000e+000,-1.000000e+000
6.303000e+001,3.586800e+002,0,0,-1.000000e+000,-1.000000e+000
3.457000e+001,3.597900e+002,0,0,-1.000000e+000,-1.000000e+000
3.457000e+001,3.597900e+002,0,0,-1.000000e+000,-1.000000e+000
9.907000e+001,3.606800e+002,0,0,-1.000000e+000,-1.000000e+000
2.306000e+001,3.633100e+002,0,0,-1.000000e+000,-1.000000e+000
2.306000e+001,3.633100e+002,0,0,-1.000000e+000,-1.000000e+000
3.918000e+001,3.633100e+002,0,0,-1.000000e+000,-1.000000e+000
9.706000e+001,3.637200e+002,1,1,8.951000e+001,3.646300e+002
1.022000e+001,3.643100e+002,0,0,-1.000000e+000,-1.000000e+000
1.022000e+001,3.643100e+002,0,0,-1.000000e+000,-1.000000e+000
6.410000e+001,3.651500e+002,1,1,5.646000e+001,3.654400e+002
9.143000e+001,3.654800e+002,0,0,-1.000000e+000,-1.000000e+000
9.143000e+001,3.654800e+002,0,0,-1.000000e+000,-1.000000e+000
9.773000e+001,3.648700e+002,0,0,-1.000000e+000,-1.000000e+000
2.821000e+001,3.674100e+002,0,0,-1.000000e+000,-1.000000e+000
4.087000e+001,3.667800e+002,0,0,-1.000000e+000,-1.000000e+000
4.087000e+001,3.667800e+002,0,0,-1.000000e+000,-1.000000e+000
2.952000e+001,3.704500e+002,0,0,-1.000000e+000,-1.000000e+000
1.804000e+001,3.744700e+002,0,0,-1.000000e+000,-1.000000e+000
1.804000e+001,3.744700e+002,0,0,-1.000000e+000,-1.000000e+000
4.960000e+000,3.754900e+002,0,0,-1.000000e+000,-1.000000e+000
4.960000e+000,3.754900e+002,0,0,-1.000000e+000,-1.000000e+000
6.280000e+000,3.784300e+002,0,0,-1.000000e+000,-1.000000e+000
6.280000e+000,3.784300e+002,0,0,-1.000000e+000,-1.000000e+000
5.874000e+002,4.003300e+002,0,0,-1.000000e+000,-1.000000e+000
5.971200e+002,4.112800e+002,0,0,-1.000000e+000,-1.000000e+000
4.817200e+002,1.188500e+002,1,1,4.910300e+002,1.280000e+002
5.722500e+002,1.505700e+002,0,0,-1.000000e+000,-1.000000e+000
4.342700e+002,1.601100e+002,1,1,4.401700e+002,1.692200e+002
4.342700e+002,1.601100e+002,1,1,4.401700e+002,1.692200e+002
6.162700e+002,1.796400e+002,0,0,-1.000000e+000,-1.000000e+000
3.736100e+002,1.854700e+002,1,1,3.760600e+002,1.935700e+002
2.902300e+002,1.928200e+002,0,0,-1.000000e+000,-1.000000e+000
2.856500e+002,1.950600e+002,0,0,-1.000000e+000,-1.000000e+000
2.391100e+002,2.217600e+002,1,1,2.418800e+002,2.261800e+002
1.333800e+002,2.465400e+002,1,0,1.360200e+002,2.474300e+002
5.446300e+002,2.549100e+002,1,1,5.463900e+002,2.682100e+002
5.446300e+002,2.549100e+002,0,0,-1.000000e+000,-1.000000e+000
5.446300e+002,2.549100e+002,0,0,-1.000000e+000,-1.000000e+000
3.026400e+002,2.637400e+002,0,0,-1.000000e+000,-1.000000e+000
4.538500e+002,3.014200e+002,0,0,-1.000000e+000,-1.000000e+000
3.788100e+002,3.057700e+002,0,0,-1.000000e+000,-1.000000e+000
1.434800e+002,3.117200e+002,1,1,1.387600e+002,3.142500e+002
6.714000e+001,3.243200e+002,1,1,6.195000e+001,3.246600e+002
1.125200e+002,3.320200e+002,0,0,-1.000000e+000,-1.000000e+000
1.474200e+002,3.350700e+002,0,0,-1.000000e+000,-1.000000e+000
1.702000e+002,3.359000e+002,1,1,1.645300e+002,3.391000e+002
2.795000e+001,3.385000e+002,1,1,2.245000e+001,3.378300e+002
1.846000e+001,3.401700e+002,0,0,-1.000000e+000,-1.000000e+000
2.511000e+001,3.421500e+002,0,0,-1.000000e+000,-1.000000e+000
2.511000e+001,3.421500e+002,0,0,-1.000000e+000,-1.000000e+000
1.106400e+002,3.482600e+002,1,1,1.042500e+002,3.497700e+002
1.129000e+001,3.509600e+002,0,0,-1.000000e+000,-1.000000e+000
6.066000e+001,3.668500e+002,0,0,-1.000000e+000,-1.000000e+000
6.066000e+001,3.668500e+002,0,0,-1.000000e+000,-1.000000e+000
9.064000e+001,3.697600e+002,1,1,8.314000e+001,3.708500e+002
7.148000e+001,3.718500e+002,1,1,6.338000e+001,3.721100e+002
7.596000e+001,3.752000e+002,0,0,-1.000000e+000,-1.000000e+000
5.721000e+001,3.771700e+002,0,0,-1.000000e+000,-1.000000e+000
6.124000e+001,3.806200e+002,1,1,5.259000e+001,3.809500e+002
3.842000e+001,3.827100e+002,0,0,-1.000000e+000,-1.000000e+000
3.842000e+001,3.827100e+002,0,0,-1.000000e+000,-1.000000e+000
3.400000e+000,3.876100e+002,0,0,-1.000000e+000,-1.000000e+000
3.400000e+000,3.876100e+002,0,0,-1.000000e+000,-1.000000e+000
1.458400e+002,8.039000e+001,0,0,-1.000000e+000,-1.000000e+000
4.505200e+002,1.816400e+002,1,1,4.553200e+002,1.915000e+002
4.505200e+002,1.816400e+002,1,1,4.553200e+002,1.915000e+002
3.741700e+002,1.849500e+002,0,0,-1.000000e+000,-1.000000e+000
2.909500e+002,1.933500e+002,0,0,-1.000000e+000,-1.000000e+000
1.327900e+002,2.472300e+002,0,0,-1.000000e+000,-1.000000e+000
5.376100e+002,2.600300e+002,1,1,5.389700e+002,2.731400e+002
5.376100e+002,2.600300e+002,1,1,5.389700e+002,2.731400e+002
1.115100e+002,2.823400e+002,1,1,1.103700e+002,2.835900e+002
4.824700e+002,2.993800e+002,1,1,4.791600e+002,3.120900e+002
3.390700e+002,3.141900e+002,1,1,3.320700e+002,3.226800e+002
1.567900e+002,3.154100e+002,1,1,1.521700e+002,3.181600e+002
1.380100e+002,3.216100e+002,1,1,1.327300e+002,3.237700e+002
1.380100e+002,3.216100e+002,1,1,1.327300e+002,3.237700e+002
1.608300e+002,3.216300e+002,1,1,1.557300e+002,3.242800e+002
1.273500e+002,3.242800e+002,1,1,1.219600e+002,3.262600e+002
1.273500e+002,3.242800e+002,1,1,1.219600e+002,3.262600e+002
1.519000e+002,3.249300e+002,1,1,1.467000e+002,3.276300e+002
5.735000e+001,3.273200e+002,1,1,5.214000e+001,3.272200e+002
5.735000e+001,3.273200e+002,1,1,5.214000e+001,3.272200e+002
7.851000e+001,3.285200e+002,1,1,7.332000e+001,3.290600e+002
1.419400e+002,3.289700e+002,1,1,1.365100e+002,3.312600e+002
1.419400e+002,3.289700e+002,1,1,1.365100e+002,3.312600e+002
4.675000e+001,3.307200e+002,0,0,-1.000000e+000,-1.000000e+000
4.675000e+001,3.307200e+002,0,0,-1.000000e+000,-1.000000e+000
1.563500e+002,3.313800e+002,1,1,1.507400e+002,3.342700e+002
1.563500e+002,3.313800e+002,0,0,-1.000000e+000,-1.000000e+000
1.319400e+002,3.318300e+002,1,1,1.261600e+002,3.337200e+002
1.319400e+002,3.318300e+002,1,1,1.261600e+002,3.337200e+002
3.583000e+001,3.341600e+002,0,0,-1.000000e+000,-1.000000e+000
3.583000e+001,3.341600e+002,0,0,-1.000000e+000,-1.000000e+000
1.031600e+002,3.341400e+002,1,1,9.757000e+001,3.354200e+002
1.031600e+002,3.341400e+002,1,1,9.757000e+001,3.354200e+002
1.525100e+002,3.359700e+002,1,1,1.467900e+002,3.395500e+002
1.525100e+002,3.359700e+002,1,1,1.467900e+002,3.395500e+002
9.280000e+001,3.378900e+002,1,1,8.720000e+001,3.387800e+002
9.280000e+001,3.378900e+002,0,0,-1.000000e+000,-1.000000e+000
1.360400e+002,3.384800e+002,1,1,1.298900e+002,3.407600e+002
1.360400e+002,3.384800e+002,1,1,1.298900e+002,3.407600e+002
1.608600e+002,3.382300e+002,1,1,1.546100e+002,3.412000e+002
1.608600e+002,3.382300e+002,1,1,1.546100e+002,3.412000e+002
1.898000e+001,3.398400e+002,0,0,-1.000000e+000,-1.000000e+000
1.511500e+002,3.421500e+002,1,1,1.449600e+002,3.449800e+002
8.250000e+000,3.432000e+002,0,0,-1.000000e+000,-1.000000e+000
8.250000e+000,3.432000e+002,0,0,-1.000000e+000,-1.000000e+000
6.082000e+001,3.475000e+002,0,0,-1.000000e+000,-1.000000e+000
6.082000e+001,3.475000e+002,1,1,5.458000e+001,3.474600e+002
3.721000e+002,3.473300e+002,1,1,3.653900e+002,3.570600e+002
3.721000e+002,3.473300e+002,0,0,-1.000000e+000,-1.000000e+000
4.744300e+002,3.467700e+002,0,0,-1.000000e+000,-1.000000e+000
1.107400e+002,3.481200e+002,0,0,-1.000000e+000,-1.000000e+000
4.947000e+001,3.513900e+002,1,1,4.317000e+001,3.510700e+002
6.772000e+001,3.538800e+002,1,1,6.101000e+001,3.540200e+002
1.153800e+002,3.551000e+002,1,1,1.083900e+002,3.567000e+002
3.922000e+001,3.554100e+002,1,1,3.230000e+001,3.548900e+002
3.922000e+001,3.554100e+002,0,0,-1.000000e+000,-1.000000e+000
2.767000e+001,3.595900e+002,1,1,2.083000e+001,3.587300e+002
1.053500e+002,3.590000e+002,1,1,9.814000e+001,3.605700e+002
4.593000e+001,3.621600e+002,0,0,-1.000000e+000,-1.000000e+000
4.593000e+001,3.621600e+002,1,1,3.887000e+001,3.617900e+002
5.464000e+001,3.673200e+002,0,0,-1.000000e+000,-1.000000e+000
5.464000e+001,3.673200e+002,1,1,4.695000e+001,3.672600e+002
2.282000e+001,3.701300e+002,0,0,-1.000000e+000,-1.000000e+000
1.202000e+001,3.743200e+002,0,0,-1.000000e+000,-1.000000e+000
1.202000e+001,3.743200e+002,0,0,-1.000000e+000,-1.000000e+000
3.170000e+001,3.755600e+002,0,0,-1.000000e+000,-1.000000e+000
3.170000e+001,3.755600e+002,0,0,-1.000000e+000,-1.000000e+000
2.655000e+001,3.788500e+002,1,1,1.877000e+001,3.779000e+002
2.655000e+001,3.788500e+002,0,0,-1.000000e+000,-1.000000e+000
1.492000e+001,3.829900e+002,0,0,-1.000000e+000,-1.000000e+000
1.791900e+002,1.456900e+002,0,0,-1.000000e+000,-1.000000e+000
4.966600e+002,1.493800e+002,1,1,5.043700e+002,1.599600e+002
4.359200e+002,1.607000e+002,0,0,-1.000000e+000,-1.000000e+000
4.359200e+002,1.607000e+002,0,0,-1.000000e+000,-1.000000e+000
1.819700e+002,1.849100e+002,1,1,1.825600e+002,1.883800e+002
2.724000e+002,2.142800e+002,0,0,-1.000000e+000,-1.000000e+000
2.724000e+002,2.142800e+002,1,1,2.745700e+002,2.191400e+002
2.653800e+002,2.183300e+002,0,0,-1.000000e+000,-1.000000e+000
2.653800e+002,2.183300e+002,0,0,-1.000000e+000,-1.000000e+000
2.908100e+002,2.176600e+002,1,1,2.912200e+002,2.229500e+002
2.834600e+002,2.237900e+002,0,0,-1.000000e+000,-1.000000e+000
6.182600e+002,2.392900e+002,1,1,6.234600e+002,2.543300e+002
2.813700e+002,2.400000e+002,0,0,-1.000000e+000,-1.000000e+000
6.315800e+002,2.756900e+002,1,0,6.174000e+002,2.903200e+002
4.595300e+002,3.016900e+002,0,0,-1.000000e+000,-1.000000e+000
8.871000e+001,3.190100e+002,1,1,8.411000e+001,3.196200e+002
6.336000e+001,3.272900e+002,1,1,5.828000e+001,3.273600e+002
8.827000e+001,3.270600e+002,0,0,-1.000000e+000,-1.000000e+000
4.193000e+001,3.342900e+002,0,0,-1.000000e+000,-1.000000e+000
4.193000e+001,3.342900e+002,0,0,-1.000000e+000,-1.000000e+000
4.193000e+001,3.342900e+002,0,0,-1.000000e+000,-1.000000e+000
5.127000e+001,3.390100e+002,1,1,4.518000e+001,3.388800e+002
4.050000e+001,3.430400e+002,1,1,3.452000e+001,3.422600e+002
2.969000e+001,3.450100e+002,1,1,2.459000e+001,3.427800e+002
2.969000e+001,3.450100e+002,0,0,-1.000000e+000,-1.000000e+000
1.803000e+001,3.502800e+002,0,0,-1.000000e+000,-1.000000e+000
6.770000e+000,3.542900e+002,0,0,-1.000000e+000,-1.000000e+000
1.222800e+002,3.570400e+002,1,1,1.151900e+002,3.587600e+002
1.118800e+002,3.611100e+002,1,1,1.044400e+002,3.628500e+002
1.631000e+001,3.630800e+002,0,0,-1.000000e+000,-1.000000e+000
8.782000e+001,3.652600e+002,1,1,8.005000e+001,3.663100e+002
3.432000e+001,3.662900e+002,1,1,2.684000e+001,3.653900e+002
3.432000e+001,3.662900e+002,1,1,2.684000e+001,3.653900e+002
4.960000e+000,3.672900e+002,0,0,-1.000000e+000,-1.000000e+000
7.504000e+001,3.698400e+002,1,1,6.706000e+001,3.704700e+002
6.134000e+001,3.746400e+002,1,1,5.291000e+001,3.750200e+002
6.852000e+001,3.763700e+002,0,0,-1.000000e+000,-1.000000e+000
4.647000e+001,3.799200e+002,0,0,-1.000000e+000,-1.000000e+000
5.441000e+001,3.817000e+002,0,0,-1.000000e+000,-1.000000e+000
3.231000e+001,3.850300e+002,1,1,2.381000e+001,3.843200e+002
3.231000e+001,3.850300e+002,1,1,2.381000e+001,3.843200e+002
4.022000e+001,3.866700e+002,1,1,3.189000e+001,3.863600e+002
6.028900e+002,4.222300e+002,0,0,-1.000000e+000,-1.000000e+000
4.834600e+002,1.405700e+002,0,0,-1.000000e+000,-1.000000e+000
4.367600e+002,1.610800e+002,1,1,4.410300e+002,1.694600e+002
4.367600e+002,1.610800e+002,1,1,4.410300e+002,1.694600e+002
6.082600e+002,1.730300e+002,1,1,6.160200e+002,1.861700e+002
4.455600e+002,1.798600e+002,0,0,-1.000000e+000,-1.000000e+000
4.455600e+002,1.798600e+002,0,0,-1.000000e+000,-1.000000e+000
2.923900e+002,1.944900e+002,0,0,-1.000000e+000,-1.000000e+000
2.728500e+002,2.327500e+002,1,1,2.749100e+002,2.383200e+002
5.706800e+002,2.464500e+002,0,0,-1.000000e+000,-1.000000e+000
1.616800e+002,2.632200e+002,0,0,-1.000000e+000,-1.000000e+000
1.861000e+002,2.990800e+002,1,0,1.848400e+002,3.010300e+002
4.945400e+002,2.994400e+002,0,0,-1.000000e+000,-1.000000e+000
4.483000e+002,3.034300e+002,1,1,4.442800e+002,3.152100e+002
3.846300e+002,3.071300e+002,1,0,3.731600e+002,3.155900e+002
6.386000e+001,3.359700e+002,1,1,5.806000e+001,3.361600e+002
1.735400e+002,3.475000e+002,0,0,-1.000000e+000,-1.000000e+000
6.162700e+002,4.176700e+002,1,0,6.134800e+002,4.358700e+002
6.018200e+002,4.221100e+002,1,0,5.967800e+002,4.410600e+002
4.883400e+002,1.323000e+002,1,1,4.961700e+002,1.420600e+002
4.821900e+002,1.401600e+002,1,1,4.902200e+002,1.500000e+002
5.618100e+002,1.525900e+002,0,0,-1.000000e+000,-1.000000e+000
4.451600e+002,1.796900e+002,0,0,-1.000000e+000,-1.000000e+000
4.451600e+002,1.796900e+002,0,0,-1.000000e+000,-1.000000e+000
1.858700e+002,2.034700e+002,1,1,1.857800e+002,2.071900e+002
2.851600e+002,2.065000e+002,0,0,-1.000000e+000,-1.000000e+000
6.217000e+002,2.403600e+002,1,1,6.258400e+002,2.551200e+002
6.136900e+002,2.749100e+002,0,0,-1.000000e+000,-1.000000e+000
5.630200e+002,2.831900e+002,1,1,5.651800e+002,2.974100e+002
1.851600e+002,3.008700e+002,0,0,-1.000000e+000,-1.000000e+000
4.939900e+002,3.001200e+002,1,1,4.905000e+002,3.135700e+002
3.781700e+002,3.082900e+002,0,0,-1.000000e+000,-1.000000e+000
1.232000e+002,3.443800e+002,1,1,1.169900e+002,3.463600e+002
1.232000e+002,3.443800e+002,1,1,1.169900e+002,3.463600e+002
9.773000e+001,3.529800e+002,1,1,9.099000e+001,3.540700e+002
9.773000e+001,3.529800e+002,1,1,9.099000e+001,3.540700e+002
6.113100e+002,4.258500e+002,0,0,-1.000000e+000,-1.000000e+000
5.652100e+002,4.595600e+002,0,0,-1.000000e+000,-1.000000e+000
1.829600e+002,1.418800e+002,1,1,1.838200e+002,1.455100e+002
6.179100e+002,1.760100e+002,0,0,-1.000000e+000,-1.000000e+000
2.766400e+002,2.180900e+002,0,0,-1.000000e+000,-1.000000e+000
2.885300e+002,2.314900e+002,1,1,2.882000e+002,2.373300e+002
5.422500e+002,2.558000e+002,1,1,5.440700e+002,2.693000e+002
1.358000e+002,2.770100e+002,1,1,1.350800e+002,2.788400e+002
1.837900e+002,3.041400e+002,0,0,-1.000000e+000,-1.000000e+000
2.124400e+002,3.082200e+002,1,1,2.083700e+002,3.127000e+002
5.306400e+002,3.120600e+002,1,1,5.285200e+002,3.251300e+002
5.715700e+002,4.401400e+002,1,0,5.660500e+002,4.580800e+002
1.613700e+002,7.485000e+001,1,0,1.636000e+002,7.808000e+001
1.496400e+002,9.009000e+001,1,1,1.533400e+002,9.105000e+001
1.496400e+002,9.009000e+001,1,1,1.533400e+002,9.105000e+001
5.901900e+002,1.550500e+002,0,0,-1.000000e+000,-1.000000e+000
1.607100e+002,2.197800e+002,1,1,1.632500e+002,2.237700e+002
1.596900e+002,2.612100e+002,1,1,1.602400e+002,2.644000e+002
1.735700e+002,2.774500e+002,0,0,-1.000000e+000,-1.000000e+000
2.551500e+002,2.774400e+002,0,0,-1.000000e+000,-1.000000e+000
4.629000e+001,2.895800e+002,1,1,4.458000e+001,2.895500e+002
2.334900e+002,2.946200e+002,0,0,-1.000000e+000,-1.000000e+000
1.987700e+002,2.993900e+002,1,1,1.964100e+002,3.028200e+002
1.987700e+002,2.993900e+002,0,0,-1.000000e+000,-1.000000e+000
5.141900e+002,3.019000e+002,1,1,5.120100e+002,3.154100e+002
3.432700e+002,3.165700e+002,1,1,3.366500e+002,3.253500e+002
3.019700e+002,3.545300e+002,1,1,2.953400e+002,3.621500e+002
2.709100e+002,3.719000e+002,0,0,-1.000000e+000,-1.000000e+000
1.610200e+002,7.547000e+001,0,0,-1.000000e+000,-1.000000e+000
1.610200e+002,7.547000e+001,0,0,-1.000000e+000,-1.000000e+000
4.661200e+002,1.338000e+002,1,1,4.740100e+002,1.429900e+002
2.997400e+002,1.991800e+002,1,0,2.961800e+002,2.021700e+002
2.505400e+002,2.341600e+002,0,0,-1.000000e+000,-1.000000e+000
5.263800e+002,2.372400e+002,0,0,-1.000000e+000,-1.000000e+000
1.420200e+002,2.387200e+002,0,0,-1.000000e+000,-1.000000e+000
1.928300e+002,2.403000e+002,1,1,1.934700e+002,2.438600e+002
1.595100e+002,2.608500e+002,0,0,-1.000000e+000,-1.000000e+000
2.543400e+002,2.763000e+002,1,1,2.521400e+002,2.803100e+002
2.427000e+001,2.936400e+002,1,1,2.378000e+001,2.926200e+002
4.516300e+002,3.071100e+002,1,1,4.475300e+002,3.186500e+002
2.057400e+002,3.282400e+002,1,1,2.017500e+002,3.313100e+002
6.008500e+002,4.367200e+002,0,0,-1.000000e+000,-1.000000e+000
5.569200e+002,1.616800e+002,0,0,-1.000000e+000,-1.000000e+000
5.061900e+002,2.807100e+002,1,1,5.010500e+002,2.922300e+002
5.061900e+002,2.807100e+002,1,1,5.010500e+002,2.922300e+002
3.248600e+002,2.925300e+002,1,0,3.163600e+002,3.029400e+002
7.424000e+001,3.073600e+002,1,1,7.117000e+001,3.076200e+002
2.317000e+002,3.170700e+002,1,1,2.273400e+002,3.221000e+002
2.317000e+002,3.170700e+002,1,1,2.273400e+002,3.221000e+002
1.842300e+002,3.375100e+002,0,0,-1.000000e+000,-1.000000e+000
5.080300e+002,1.371100e+002,1,1,5.158300e+002,1.476200e+002
1.914100e+002,1.631700e+002,1,1,1.930800e+002,1.665600e+002
1.914100e+002,1.631700e+002,1,1,1.930800e+002,1.665600e+002
4.148100e+002,1.702900e+002,1,1,4.203800e+002,1.789700e+002
2.607400e+002,1.937000e+002,1,1,2.628600e+002,1.988000e+002
1.066600e+002,2.700100e+002,1,1,1.060200e+002,2.712300e+002
5.696000e+001,2.772800e+002,1,1,5.703000e+001,2.771200e+002
2.181200e+002,3.506800e+002,1,1,2.120200e+002,3.561400e+002
5.562000e+002,2.737900e+002,1,0,5.486700e+002,2.881100e+002
2.286200e+002,2.582600e+002,1,1,2.267200e+002,2.627200e+002
1.463900e+002,3.138500e+002,1,1,1.436500e+002,3.140200e+002
4.728900e+002,3.289200e+002,1,1,4.710800e+002,3.416400e+002
1.415200e+002,3.173900e+002,1,0,1.398400e+002,3.180700e+002
2.753000e+002,3.268000e+002,1,1,2.689900e+002,3.335400e+002
3.540700e+002,2.472100e+002,0,0,1.000000e+000,-1.000000e+000