5.880200e+002,3.180000e+000,0,0,-1.000000e+000,-1.000000e+000
5.849200e+002,7.430000e+000,0,0,-1.000000e+000,-1.000000e+000
4.592700e+002,8.200000e+000,0,0,-1.000000e+000,-1.000000e+000
5.919500e+002,1.125000e+001,0,0,-1.000000e+000,-1.000000e+000
5.919500e+002,1.125000e+001,0,0,-1.000000e+000,-1.000000e+000
6.284300e+002,1.726000e+001,0,0,-1.000000e+000,-1.000000e+000
6.044800e+002,1.786000e+001,0,0,-1.000000e+000,-1.000000e+000
6.044800e+002,1.786000e+001,0,0,-1.000000e+000,-1.000000e+000
5.894400e+002,1.985000e+001,0,0,-1.000000e+000,-1.000000e+000
5.894400e+002,1.985000e+001,0,0,-1.000000e+000,-1.000000e+000
3.911600e+002,2.113000e+001,0,0,-1.000000e+000,-1.000000e+000
6.230700e+002,2.452000e+001,0,0,-1.000000e+000,-1.000000e+000
5.993600e+002,2.537000e+001,0,0,-1.000000e+000,-1.000000e+000
5.033700e+002,2.910000e+001,0,0,-1.000000e+000,-1.000000e+000
5.878500e+002,2.961000e+001,0,0,-1.000000e+000,-1.000000e+000
5.840500e+002,3.941000e+001,0,0,-1.000000e+000,-1.000000e+000
5.509200e+002,4.488000e+001,0,0,-1.000000e+000,-1.000000e+000
5.959000e+002,4.567000e+001,0,0,-1.000000e+000,-1.000000e+000
4.771600e+002,4.586000e+001,0,0,-1.000000e+000,-1.000000e+000
5.843700e+002,4.770000e+001,0,0,-1.000000e+000,-1.000000e+000
5.774200e+002,4.890000e+001,0,0,-1.000000e+000,-1.000000e+000
5.656700e+002,5.092000e+001,0,0,-1.000000e+000,-1.000000e+000
6.165200e+002,5.161000e+001,0,0,-1.000000e+000,-1.000000e+000
5.914100e+002,5.422000e+001,0,0,-1.000000e+000,-1.000000e+000
5.872900e+002,5.500000e+001,0,0,-1.000000e+000,-1.000000e+000
6.002600e+002,5.481000e+001,0,0,-1.000000e+000,-1.000000e+000
5.635400e+002,6.011000e+001,0,0,-1.000000e+000,-1.000000e+000
5.747800e+002,6.026000e+001,0,0,-1.000000e+000,-1.000000e+000
5.531400e+002,6.498000e+001,0,0,-1.000000e+000,-1.000000e+000
5.478800e+002,6.587000e+001,0,0,-1.000000e+000,-1.000000e+000
5.393800e+002,6.789000e+001,0,0,-1.000000e+000,-1.000000e+000
5.698900e+002,6.836000e+001,0,0,-1.000000e+000,-1.000000e+000
5.795000e+002,6.906000e+001,0,0,-1.000000e+000,-1.000000e+000
4.187100e+002,7.872000e+001,0,0,-1.000000e+000,-1.000000e+000
5.016400e+002,8.755000e+001,0,0,-1.000000e+000,-1.000000e+000
6.349600e+002,9.946000e+001,0,0,-1.000000e+000,-1.000000e+000
4.478700e+002,1.007900e+002,0,0,-1.000000e+000,-1.000000e+000
6.202100e+002,1.048600e+002,0,0,-1.000000e+000,-1.000000e+000
6.239600e+002,1.081200e+002,0,0,-1.000000e+000,-1.000000e+000
3.890800e+002,1.140300e+002,0,0,-1.000000e+000,-1.000000e+000
6.147900e+002,1.147100e+002,0,0,-1.000000e+000,-1.000000e+000
1.551400e+002,1.163300e+002,0,0,-1.000000e+000,-1.000000e+000
5.275700e+002,1.164300e+002,0,0,-1.000000e+000,-1.000000e+000
6.083400e+002,1.165100e+002,0,0,-1.000000e+000,-1.000000e+000
1.323600e+002,1.198800e+002,0,0,-1.000000e+000,-1.000000e+000
1.383100e+002,1.216600e+002,0,0,-1.000000e+000,-1.000000e+000
5.425400e+002,1.214700e+002,1,1,5.426700e+002,1.241000e+002
1.163600e+002,1.228900e+002,0,0,-1.000000e+000,-1.000000e+000
9.791000e+001,1.259100e+002,0,0,-1.000000e+000,-1.000000e+000
5.335700e+002,1.271400e+002,0,0,-1.000000e+000,-1.000000e+000
8.301000e+001,1.314600e+002,0,0,-1.000000e+000,-1.000000e+000
3.886000e+002,1.342000e+002,0,0,-1.000000e+000,-1.000000e+000
6.061500e+002,1.357600e+002,0,0,-1.000000e+000,-1.000000e+000
4.109100e+002,1.364900e+002,0,0,-1.000000e+000,-1.000000e+000
3.793200e+002,1.371300e+002,0,0,-1.000000e+000,-1.000000e+000
4.190600e+002,1.373500e+002,0,0,-1.000000e+000,-1.000000e+000
3.679900e+002,1.395100e+002,0,0,-1.000000e+000,-1.000000e+000
3.459700e+002,1.444100e+002,0,0,-1.000000e+000,-1.000000e+000
6.324700e+002,1.464400e+002,0,0,-1.000000e+000,-1.000000e+000
5.130300e+002,1.471000e+002,0,0,-1.000000e+000,-1.000000e+000
5.082700e+002,1.483100e+002,0,0,-1.000000e+000,-1.000000e+000
5.041900e+002,1.493700e+002,0,0,-1.000000e+000,-1.000000e+000
6.042600e+002,1.524500e+002,0,0,-1.000000e+000,-1.000000e+000
5.400700e+002,1.536500e+002,0,0,-1.000000e+000,-1.000000e+000
4.918700e+002,1.553500e+002,0,0,-1.000000e+000,-1.000000e+000
4.844200e+002,1.574900e+002,0,0,-1.000000e+000,-1.000000e+000
3.778100e+002,1.601600e+002,0,0,-1.000000e+000,-1.000000e+000
6.073100e+002,1.598500e+002,0,0,-1.000000e+000,-1.000000e+000
2.836100e+002,1.619300e+002,0,0,-1.000000e+000,-1.000000e+000
3.938100e+002,1.617700e+002,0,0,-1.000000e+000,-1.000000e+000
5.955500e+002,1.647300e+002,0,0,-1.000000e+000,-1.000000e+000
2.600800e+002,1.649000e+002,0,0,-1.000000e+000,-1.000000e+000
3.582800e+002,1.651100e+002,0,0,-1.000000e+000,-1.000000e+000
5.108600e+002,1.660700e+002,0,0,-1.000000e+000,-1.000000e+000
5.224500e+002,1.675900e+002,0,0,-1.000000e+000,-1.000000e+000
5.224500e+002,1.675900e+002,0,0,-1.000000e+000,-1.000000e+000
5.954700e+002,1.674400e+002,0,0,-1.000000e+000,-1.000000e+000
5.202200e+002,1.697900e+002,0,0,-1.000000e+000,-1.000000e+000
5.243700e+002,1.701800e+002,0,0,-1.000000e+000,-1.000000e+000
5.970000e+002,1.705300e+002,0,0,-1.000000e+000,-1.000000e+000
3.579700e+002,1.708500e+002,1,1,3.586400e+002,1.734600e+002
3.315500e+002,1.719800e+002,0,0,-1.000000e+000,-1.000000e+000
2.400700e+002,1.723400e+002,0,0,-1.000000e+000,-1.000000e+000
2.353700e+002,1.736700e+002,0,0,-1.000000e+000,-1.000000e+000
2.310600e+002,1.745300e+002,0,0,-1.000000e+000,-1.000000e+000
2.221200e+002,1.767600e+002,0,0,-1.000000e+000,-1.000000e+000
3.572800e+002,1.770900e+002,0,0,-1.000000e+000,-1.000000e+000
2.152800e+002,1.784000e+002,0,0,-1.000000e+000,-1.000000e+000
2.110400e+002,1.794700e+002,0,0,-1.000000e+000,-1.000000e+000
2.171100e+002,1.806000e+002,0,0,-1.000000e+000,-1.000000e+000
2.030200e+002,1.814000e+002,0,0,-1.000000e+000,-1.000000e+000
5.405600e+002,1.820400e+002,0,0,-1.000000e+000,-1.000000e+000
2.865000e+002,1.831400e+002,0,0,-1.000000e+000,-1.000000e+000
6.155400e+002,1.846500e+002,0,0,-1.000000e+000,-1.000000e+000
6.127000e+002,1.862900e+002,0,0,-1.000000e+000,-1.000000e+000
5.811700e+002,1.886800e+002,0,0,-1.000000e+000,-1.000000e+000
5.759800e+002,1.889300e+002,0,0,-1.000000e+000,-1.000000e+000
2.626800e+002,1.894900e+002,0,0,-1.000000e+000,-1.000000e+000
1.687400e+002,1.899000e+002,0,0,-1.000000e+000,-1.000000e+000
6.056500e+002,1.905200e+002,0,0,-1.000000e+000,-1.000000e+000
5.721500e+002,1.914600e+002,1,1,5.720000e+002,1.940800e+002
5.668300e+002,1.923200e+002,0,0,-1.000000e+000,-1.000000e+000
5.942100e+002,1.929600e+002,0,0,-1.000000e+000,-1.000000e+000
5.741400e+002,1.932400e+002,1,1,5.749200e+002,1.951900e+002
1.580300e+002,1.938500e+002,0,0,-1.000000e+000,-1.000000e+000
3.707000e+002,1.939000e+002,0,0,-1.000000e+000,-1.000000e+000
3.882400e+002,1.940700e+002,0,0,-1.000000e+000,-1.000000e+000
5.601000e+002,1.940300e+002,0,0,-1.000000e+000,-1.000000e+000
5.995600e+002,1.937700e+002,0,0,-1.000000e+000,-1.000000e+000
2.425700e+002,1.946100e+002,0,0,-1.000000e+000,-1.000000e+000
5.709800e+002,1.950900e+002,0,0,-1.000000e+000,-1.000000e+000
2.245200e+002,1.966900e+002,0,0,-1.000000e+000,-1.000000e+000
3.924300e+002,1.964600e+002,0,0,-1.000000e+000,-1.000000e+000
5.677600e+002,1.974500e+002,0,0,-1.000000e+000,-1.000000e+000
5.932500e+002,1.974600e+002,0,0,-1.000000e+000,-1.000000e+000
5.442900e+002,1.982000e+002,0,0,-1.000000e+000,-1.000000e+000
6.345200e+002,1.978000e+002,0,0,-1.000000e+000,-1.000000e+000
2.277300e+002,1.986400e+002,0,0,-1.000000e+000,-1.000000e+000
5.571300e+002,1.983800e+002,0,0,-1.000000e+000,-1.000000e+000
2.232400e+002,1.997300e+002,0,0,-1.000000e+000,-1.000000e+000
1.586100e+002,2.010400e+002,0,0,-1.000000e+000,-1.000000e+000
5.861000e+002,2.015400e+002,0,0,-1.000000e+000,-1.000000e+000
5.789400e+002,2.053600e+002,1,1,5.796500e+002,2.073600e+002
6.359800e+002,2.071100e+002,0,0,-1.000000e+000,-1.000000e+000
5.654900e+002,2.086000e+002,1,1,5.662600e+002,2.111000e+002
5.654900e+002,2.086000e+002,0,0,-1.000000e+000,-1.000000e+000
5.785300e+002,2.085500e+002,1,1,5.783600e+002,2.109100e+002
5.156900e+002,2.090900e+002,0,0,-1.000000e+000,-1.000000e+000
5.719700e+002,2.092800e+002,1,1,5.726400e+002,2.112500e+002
6.325400e+002,2.094300e+002,0,0,-1.000000e+000,-1.000000e+000
5.753700e+002,2.103500e+002,0,0,-1.000000e+000,-1.000000e+000
6.294600e+002,2.112400e+002,1,1,6.300900e+002,2.133300e+002
2.021500e+002,2.120900e+002,0,0,-1.000000e+000,-1.000000e+000
5.073900e+002,2.117700e+002,0,0,-1.000000e+000,-1.000000e+000
5.591500e+002,2.125700e+002,0,0,-1.000000e+000,-1.000000e+000
6.267500e+002,2.133100e+002,0,0,-1.000000e+000,-1.000000e+000
5.075600e+002,2.144400e+002,0,0,-1.000000e+000,-1.000000e+000
5.001300e+002,2.169300e+002,0,0,-1.000000e+000,-1.000000e+000
6.124200e+002,2.219300e+002,1,1,6.157600e+002,2.225200e+002
6.124200e+002,2.219300e+002,1,1,6.157600e+002,2.225200e+002
6.027000e+002,2.237600e+002,0,0,-1.000000e+000,-1.000000e+000
5.578800e+002,2.254400e+002,0,0,-1.000000e+000,-1.000000e+000
5.886500e+002,2.260000e+002,0,0,-1.000000e+000,-1.000000e+000
6.036200e+002,2.276900e+002,1,1,6.043800e+002,2.296100e+002
6.015000e+002,2.294700e+002,0,0,-1.000000e+000,-1.000000e+000
6.201500e+002,2.308200e+002,0,0,-1.000000e+000,-1.000000e+000
6.201500e+002,2.308200e+002,0,0,-1.000000e+000,-1.000000e+000
2.229200e+002,2.316900e+002,0,0,-1.000000e+000,-1.000000e+000
6.157700e+002,2.335400e+002,0,0,-1.000000e+000,-1.000000e+000
6.157700e+002,2.335400e+002,0,0,-1.000000e+000,-1.000000e+000
4.750600e+002,2.349900e+002,1,1,4.750600e+002,2.371700e+002
5.394200e+002,2.361300e+002,0,0,-1.000000e+000,-1.000000e+000
5.371500e+002,2.372400e+002,0,0,-1.000000e+000,-1.000000e+000
6.096900e+002,2.373500e+002,0,0,-1.000000e+000,-1.000000e+000
6.096900e+002,2.373500e+002,0,0,-1.000000e+000,-1.000000e+000
6.039300e+002,2.404400e+002,0,0,-1.000000e+000,-1.000000e+000
6.039300e+002,2.404400e+002,0,0,-1.000000e+000,-1.000000e+000
1.873200e+002,2.426400e+002,0,0,-1.000000e+000,-1.000000e+000
5.997300e+002,2.450300e+002,0,0,-1.000000e+000,-1.000000e+000
2.080200e+002,2.523500e+002,0,0,-1.000000e+000,-1.000000e+000
2.023100e+002,2.539400e+002,0,0,-1.000000e+000,-1.000000e+000
2.023100e+002,2.539400e+002,0,0,-1.000000e+000,-1.000000e+000
1.958500e+002,2.557700e+002,0,0,-1.000000e+000,-1.000000e+000
2.508900e+002,2.575100e+002,0,0,-1.000000e+000,-1.000000e+000
1.955300e+002,2.590000e+002,0,0,-1.000000e+000,-1.000000e+000
1.906100e+002,2.600500e+002,0,0,-1.000000e+000,-1.000000e+000
1.829500e+002,2.624300e+002,0,0,-1.000000e+000,-1.000000e+000
1.622100e+002,2.676300e+002,0,0,-1.000000e+000,-1.000000e+000
1.313800e+002,2.714900e+002,0,0,-1.000000e+000,-1.000000e+000
4.833900e+002,2.713000e+002,0,0,-1.000000e+000,-1.000000e+000
4.314000e+002,2.740600e+002,0,0,-1.000000e+000,-1.000000e+000
4.340400e+002,2.769000e+002,0,0,-1.000000e+000,-1.000000e+000
3.895400e+002,2.820000e+002,0,0,-1.000000e+000,-1.000000e+000
3.892200e+002,2.849200e+002,0,0,-1.000000e+000,-1.000000e+000
2.773300e+002,2.899900e+002,0,0,-1.000000e+000,-1.000000e+000
4.857400e+002,2.918400e+002,0,0,-1.000000e+000,-1.000000e+000
4.857400e+002,2.918400e+002,0,0,-1.000000e+000,-1.000000e+000
4.570600e+002,2.926100e+002,0,0,-1.000000e+000,-1.000000e+000
4.886200e+002,2.934800e+002,0,0,-1.000000e+000,-1.000000e+000
4.886200e+002,2.934800e+002,0,0,-1.000000e+000,-1.000000e+000
4.856400e+002,2.946100e+002,0,0,-1.000000e+000,-1.000000e+000
4.960900e+002,2.946900e+002,0,0,-1.000000e+000,-1.000000e+000
1.555900e+002,2.957200e+002,0,0,-1.000000e+000,-1.000000e+000
4.920000e+002,2.953500e+002,0,0,-1.000000e+000,-1.000000e+000
4.920000e+002,2.953500e+002,0,0,-1.000000e+000,-1.000000e+000
4.953600e+002,2.971300e+002,0,0,-1.000000e+000,-1.000000e+000
4.953600e+002,2.971300e+002,0,0,-1.000000e+000,-1.000000e+000
5.005600e+002,2.972900e+002,0,0,-1.000000e+000,-1.000000e+000
4.911700e+002,2.977400e+002,0,0,-1.000000e+000,-1.000000e+000
2.587000e+002,2.996600e+002,0,0,-1.000000e+000,-1.000000e+000
5.009900e+002,3.003300e+002,0,0,-1.000000e+000,-1.000000e+000
5.009900e+002,3.003300e+002,0,0,-1.000000e+000,-1.000000e+000
4.621400e+002,3.024300e+002,0,0,-1.000000e+000,-1.000000e+000
5.002900e+002,3.028100e+002,0,0,-1.000000e+000,-1.000000e+000
5.065200e+002,3.033600e+002,0,0,-1.000000e+000,-1.000000e+000
5.065200e+002,3.033600e+002,0,0,-1.000000e+000,-1.000000e+000
1.131000e+001,3.055000e+002,0,0,-1.000000e+000,-1.000000e+000
5.058500e+002,3.058900e+002,0,0,-1.000000e+000,-1.000000e+000
6.313700e+002,3.059200e+002,0,0,-1.000000e+000,-1.000000e+000
8.070000e+000,3.059500e+002,0,0,-1.000000e+000,-1.000000e+000
5.118700e+002,3.063800e+002,0,0,-1.000000e+000,-1.000000e+000
5.118700e+002,3.063800e+002,0,0,-1.000000e+000,-1.000000e+000
5.094600e+002,3.078200e+002,0,0,-1.000000e+000,-1.000000e+000
4.526800e+002,3.083700e+002,0,0,-1.000000e+000,-1.000000e+000
5.224600e+002,3.092100e+002,0,0,-1.000000e+000,-1.000000e+000
5.258400e+002,3.111000e+002,0,0,-1.000000e+000,-1.000000e+000
1.586700e+002,3.121800e+002,0,0,-1.000000e+000,-1.000000e+000
1.586700e+002,3.121800e+002,0,0,-1.000000e+000,-1.000000e+000
1.569600e+002,3.141700e+002,1,1,1.561500e+002,3.170100e+002
1.569600e+002,3.141700e+002,1,1,1.561500e+002,3.170100e+002
5.206800e+002,3.142300e+002,0,0,-1.000000e+000,-1.000000e+000
6.215200e+002,3.141000e+002,0,0,-1.000000e+000,-1.000000e+000
2.429200e+002,3.148900e+002,0,0,-1.000000e+000,-1.000000e+000
5.332400e+002,3.154900e+002,0,0,-1.000000e+000,-1.000000e+000
5.242300e+002,3.160200e+002,0,0,-1.000000e+000,-1.000000e+000
6.125100e+002,3.160800e+002,0,0,-1.000000e+000,-1.000000e+000
1.912300e+002,3.164700e+002,0,0,-1.000000e+000,-1.000000e+000
6.156400e+002,3.173900e+002,0,0,-1.000000e+000,-1.000000e+000
2.200500e+002,3.178600e+002,0,0,-1.000000e+000,-1.000000e+000
1.809800e+002,3.204400e+002,0,0,-1.000000e+000,-1.000000e+000
1.809800e+002,3.204400e+002,0,0,-1.000000e+000,-1.000000e+000
2.173000e+002,3.204700e+002,0,0,-1.000000e+000,-1.000000e+000
1.772100e+002,3.223900e+002,0,0,-1.000000e+000,-1.000000e+000
1.772100e+002,3.223900e+002,0,0,-1.000000e+000,-1.000000e+000
1.829500e+002,3.222900e+002,0,0,-1.000000e+000,-1.000000e+000
5.412400e+002,3.226400e+002,0,0,-1.000000e+000,-1.000000e+000
5.412400e+002,3.226400e+002,0,0,-1.000000e+000,-1.000000e+000
5.476500e+002,3.232800e+002,0,0,-1.000000e+000,-1.000000e+000
5.504800e+002,3.247700e+002,0,0,-1.000000e+000,-1.000000e+000
5.959400e+002,3.250300e+002,0,0,-1.000000e+000,-1.000000e+000
1.497100e+002,3.253000e+002,0,0,-1.000000e+000,-1.000000e+000
5.993400e+002,3.261400e+002,0,0,-1.000000e+000,-1.000000e+000
1.273900e+002,3.280500e+002,0,0,-1.000000e+000,-1.000000e+000
5.460400e+002,3.280900e+002,0,0,-1.000000e+000,-1.000000e+000
5.584100e+002,3.291700e+002,0,0,-1.000000e+000,-1.000000e+000
5.487400e+002,3.297700e+002,0,0,-1.000000e+000,-1.000000e+000
5.545500e+002,3.299400e+002,0,0,-1.000000e+000,-1.000000e+000
5.545500e+002,3.299400e+002,0,0,-1.000000e+000,-1.000000e+000
1.465600e+002,3.303700e+002,0,0,-1.000000e+000,-1.000000e+000
5.877000e+002,3.324200e+002,0,0,-1.000000e+000,-1.000000e+000
1.065300e+002,3.334400e+002,0,0,-1.000000e+000,-1.000000e+000
5.573000e+002,3.345500e+002,0,0,-1.000000e+000,-1.000000e+000
1.692100e+002,3.379300e+002,1,1,1.693700e+002,3.401400e+002
1.692100e+002,3.379300e+002,0,0,-1.000000e+000,-1.000000e+000
2.554600e+002,3.395300e+002,0,0,-1.000000e+000,-1.000000e+000
2.625100e+002,3.401700e+002,0,0,-1.000000e+000,-1.000000e+000
5.674800e+002,3.400900e+002,1,1,5.676700e+002,3.423800e+002
1.718800e+002,3.403800e+002,0,0,-1.000000e+000,-1.000000e+000
1.718800e+002,3.403800e+002,0,0,-1.000000e+000,-1.000000e+000
2.902500e+002,3.417600e+002,0,0,-1.000000e+000,-1.000000e+000
2.902500e+002,3.417600e+002,0,0,-1.000000e+000,-1.000000e+000
3.567700e+002,3.415100e+002,0,0,-1.000000e+000,-1.000000e+000
1.211200e+002,3.418000e+002,0,0,-1.000000e+000,-1.000000e+000
1.211200e+002,3.418000e+002,0,0,-1.000000e+000,-1.000000e+000
1.894000e+002,3.430300e+002,1,1,1.870200e+002,3.441300e+002
5.628900e+002,3.457900e+002,0,0,-1.000000e+000,-1.000000e+000
3.317600e+002,3.476500e+002,0,0,-1.000000e+000,-1.000000e+000
3.361000e+002,3.473300e+002,0,0,-1.000000e+000,-1.000000e+000
3.276900e+002,3.485300e+002,1,1,3.277100e+002,3.505100e+002
1.441500e+002,3.492400e+002,0,0,-1.000000e+000,-1.000000e+000
2.041100e+002,3.521100e+002,0,0,-1.000000e+000,-1.000000e+000
5.466100e+002,3.543300e+002,0,0,-1.000000e+000,-1.000000e+000
3.106900e+002,3.547900e+002,0,0,-1.000000e+000,-1.000000e+000
2.999700e+002,3.559500e+002,0,0,-1.000000e+000,-1.000000e+000
1.618600e+002,3.567900e+002,0,0,-1.000000e+000,-1.000000e+000
1.301600e+002,3.575800e+002,0,0,-1.000000e+000,-1.000000e+000
1.373800e+002,3.574200e+002,1,1,1.367400e+002,3.597000e+002
1.652400e+002,3.594200e+002,0,0,-1.000000e+000,-1.000000e+000
1.611400e+002,3.600800e+002,0,0,-1.000000e+000,-1.000000e+000
1.611400e+002,3.600800e+002,0,0,-1.000000e+000,-1.000000e+000
2.912400e+002,3.621400e+002,0,0,-1.000000e+000,-1.000000e+000
5.307000e+002,3.628500e+002,0,0,-1.000000e+000,-1.000000e+000
1.075100e+002,3.643300e+002,0,0,-1.000000e+000,-1.000000e+000
2.210500e+002,3.644000e+002,0,0,-1.000000e+000,-1.000000e+000
2.210500e+002,3.644000e+002,0,0,-1.000000e+000,-1.000000e+000
1.306400e+002,3.679800e+002,0,0,-1.000000e+000,-1.000000e+000
1.481800e+002,3.684000e+002,0,0,-1.000000e+000,-1.000000e+000
2.648600e+002,3.689600e+002,0,0,-1.000000e+000,-1.000000e+000
1.944000e+002,3.694800e+002,0,0,-1.000000e+000,-1.000000e+000
2.187100e+002,3.695300e+002,0,0,-1.000000e+000,-1.000000e+000
2.710200e+002,3.696100e+002,0,0,-1.000000e+000,-1.000000e+000
1.442800e+002,3.710100e+002,0,0,-1.000000e+000,-1.000000e+000
1.829200e+002,3.709100e+002,1,1,1.834700e+002,3.737400e+002
7.199000e+001,3.715400e+002,1,1,7.134000e+001,3.736700e+002
1.349400e+002,3.714100e+002,1,1,1.346400e+002,3.735600e+002
1.726400e+002,3.728600e+002,0,0,-1.000000e+000,-1.000000e+000
1.726400e+002,3.728600e+002,0,0,-1.000000e+000,-1.000000e+000
9.931000e+001,3.733700e+002,0,0,-1.000000e+000,-1.000000e+000
1.105900e+002,3.740400e+002,1,1,1.101600e+002,3.762300e+002
1.105900e+002,3.740400e+002,1,1,1.101600e+002,3.762300e+002
5.042000e+002,3.738800e+002,0,0,-1.000000e+000,-1.000000e+000
2.046500e+002,3.765300e+002,0,0,-1.000000e+000,-1.000000e+000
2.046500e+002,3.765300e+002,0,0,-1.000000e+000,-1.000000e+000
5.012100e+002,3.783700e+002,0,0,-1.000000e+000,-1.000000e+000
5.267200e+002,3.794400e+002,0,0,-1.000000e+000,-1.000000e+000
9.252000e+001,3.809100e+002,1,1,9.099000e+001,3.835600e+002
4.908600e+002,3.836400e+002,0,0,-1.000000e+000,-1.000000e+000
1.915900e+002,3.859700e+002,0,0,-1.000000e+000,-1.000000e+000
1.915900e+002,3.859700e+002,0,0,-1.000000e+000,-1.000000e+000
1.215900e+002,3.863600e+002,0,0,-1.000000e+000,-1.000000e+000
1.576000e+002,3.880700e+002,1,1,1.582900e+002,3.907400e+002
4.824400e+002,3.879900e+002,0,0,-1.000000e+000,-1.000000e+000
1.866400e+002,3.895100e+002,0,0,-1.000000e+000,-1.000000e+000
1.866400e+002,3.895100e+002,0,0,-1.000000e+000,-1.000000e+000
6.964000e+001,3.911000e+002,0,0,-1.000000e+000,-1.000000e+000
1.838400e+002,3.916000e+002,0,0,-1.000000e+000,-1.000000e+000
1.838400e+002,3.916000e+002,0,0,-1.000000e+000,-1.000000e+000
4.692800e+002,3.947300e+002,0,0,-1.000000e+000,-1.000000e+000
6.762000e+001,3.959700e+002,0,0,-1.000000e+000,-1.000000e+000
1.763600e+002,3.968900e+002,0,0,-1.000000e+000,-1.000000e+000
1.763600e+002,3.968900e+002,0,0,-1.000000e+000,-1.000000e+000
1.652300e+002,4.017100e+002,0,0,-1.000000e+000,-1.000000e+000
4.561000e+002,4.016700e+002,0,0,-1.000000e+000,-1.000000e+000
4.848600e+002,4.016400e+002,0,0,-1.000000e+000,-1.000000e+000
4.533200e+002,4.029900e+002,0,0,-1.000000e+000,-1.000000e+000
1.670900e+002,4.036100e+002,0,0,-1.000000e+000,-1.000000e+000
1.670900e+002,4.036100e+002,0,0,-1.000000e+000,-1.000000e+000
4.833700e+002,4.055100e+002,0,0,-1.000000e+000,-1.000000e+000
1.623500e+002,4.069800e+002,0,0,-1.000000e+000,-1.000000e+000
1.623500e+002,4.069800e+002,0,0,-1.000000e+000,-1.000000e+000
1.592400e+002,4.092500e+002,0,0,-1.000000e+000,-1.000000e+000
1.592400e+002,4.092500e+002,0,0,-1.000000e+000,-1.000000e+000
4.398200e+002,4.098400e+002,0,0,-1.000000e+000,-1.000000e+000
5.012000e+001,4.111800e+002,0,0,-1.000000e+000,-1.000000e+000
2.017000e+001,4.126800e+002,1,1,1.951000e+001,4.146500e+002
1.539300e+002,4.130800e+002,0,0,-1.000000e+000,-1.000000e+000
1.539300e+002,4.130800e+002,0,0,-1.000000e+000,-1.000000e+000
4.324200e+002,4.137300e+002,0,0,-1.000000e+000,-1.000000e+000
4.202800e+002,4.169700e+002,0,0,-1.000000e+000,-1.000000e+000
4.222900e+002,4.187200e+002,0,0,-1.000000e+000,-1.000000e+000
4.188500e+002,4.204400e+002,0,0,-1.000000e+000,-1.000000e+000
4.127500e+002,4.208300e+002,0,0,-1.000000e+000,-1.000000e+000
1.456300e+002,4.225400e+002,0,0,-1.000000e+000,-1.000000e+000
1.429200e+002,4.239800e+002,0,0,-1.000000e+000,-1.000000e+000
1.326900e+002,4.286400e+002,0,0,-1.000000e+000,-1.000000e+000
1.326900e+002,4.286400e+002,0,0,-1.000000e+000,-1.000000e+000
4.030500e+002,4.286000e+002,0,0,-1.000000e+000,-1.000000e+000
3.965200e+002,4.288500e+002,0,0,-1.000000e+000,-1.000000e+000
1.356400e+002,4.293300e+002,0,0,-1.000000e+000,-1.000000e+000
7.240000e+001,4.316500e+002,0,0,-1.000000e+000,-1.000000e+000
7.240000e+001,4.316500e+002,0,0,-1.000000e+000,-1.000000e+000
1.258900e+002,4.336300e+002,0,0,-1.000000e+000,-1.000000e+000
1.258900e+002,4.336300e+002,0,0,-1.000000e+000,-1.000000e+000
3.870200e+002,4.366100e+002,0,0,-1.000000e+000,-1.000000e+000
1.147700e+002,4.416200e+002,0,0,-1.000000e+000,-1.000000e+000
1.147700e+002,4.416200e+002,1,1,1.144800e+002,4.434400e+002
5.989000e+001,4.454900e+002,0,0,-1.000000e+000,-1.000000e+000
1.083600e+002,4.461800e+002,0,0,-1.000000e+000,-1.000000e+000
1.083600e+002,4.461800e+002,0,0,-1.000000e+000,-1.000000e+000
3.682300e+002,4.459400e+002,0,0,-1.000000e+000,-1.000000e+000
3.555500e+002,4.523500e+002,0,0,-1.000000e+000,-1.000000e+000
1.026700e+002,4.532300e+002,0,0,-1.000000e+000,-1.000000e+000
9.573000e+001,4.550700e+002,1,1,9.171000e+001,4.594600e+002
9.573000e+001,4.550700e+002,1,1,9.171000e+001,4.594600e+002
3.486300e+002,4.556100e+002,0,0,-1.000000e+000,-1.000000e+000
3.402200e+002,4.570500e+002,0,0,-1.000000e+000,-1.000000e+000
9.271000e+001,4.572200e+002,0,0,-1.000000e+000,-1.000000e+000
9.271000e+001,4.572200e+002,0,0,-1.000000e+000,-1.000000e+000
9.621000e+001,4.579000e+002,0,0,-1.000000e+000,-1.000000e+000
8.745000e+001,4.608400e+002,0,0,-1.000000e+000,-1.000000e+000
8.745000e+001,4.608400e+002,0,0,-1.000000e+000,-1.000000e+000
3.310200e+002,4.614400e+002,0,0,-1.000000e+000,-1.000000e+000
3.314200e+002,4.640800e+002,0,0,-1.000000e+000,-1.000000e+000
8.175000e+001,4.647100e+002,0,0,-1.000000e+000,-1.000000e+000
8.175000e+001,4.647100e+002,0,0,-1.000000e+000,-1.000000e+000
7.136000e+001,4.747800e+002,0,0,-1.000000e+000,-1.000000e+000
6.116200e+002,9.390000e+000,1,1,6.125100e+002,1.168000e+001
6.116200e+002,9.390000e+000,1,1,6.125100e+002,1.168000e+001
6.243600e+002,2.140000e+001,0,0,-1.000000e+000,-1.000000e+000
4.417600e+002,4.056000e+001,1,1,4.420500e+002,4.250000e+001
4.417600e+002,4.056000e+001,1,1,4.420500e+002,4.250000e+001
3.925400e+002,4.683000e+001,0,0,-1.000000e+000,-1.000000e+000
5.801500e+002,6.600000e+001,0,0,-1.000000e+000,-1.000000e+000
5.906300e+002,6.654000e+001,0,0,-1.000000e+000,-1.000000e+000
5.343000e+002,7.012000e+001,0,0,-1.000000e+000,-1.000000e+000
5.756100e+002,6.987000e+001,0,0,-1.000000e+000,-1.000000e+000
5.285500e+002,1.002500e+002,0,0,-1.000000e+000,-1.000000e+000
5.283900e+002,1.035500e+002,1,1,5.288400e+002,1.063300e+002
1.370400e+002,1.188900e+002,0,0,-1.000000e+000,-1.000000e+000
1.567800e+002,1.187200e+002,0,0,-1.000000e+000,-1.000000e+000
5.272700e+002,1.217000e+002,0,0,-1.000000e+000,-1.000000e+000
5.427300e+002,1.256500e+002,0,0,-1.000000e+000,-1.000000e+000
6.101800e+002,1.276100e+002,0,0,-1.000000e+000,-1.000000e+000
5.420500e+002,1.341200e+002,0,0,-1.000000e+000,-1.000000e+000
1.335900e+002,1.356800e+002,0,0,-1.000000e+000,-1.000000e+000
3.828100e+002,1.355900e+002,0,0,-1.000000e+000,-1.000000e+000
2.389000e+001,1.391100e+002,0,0,-1.000000e+000,-1.000000e+000
4.469000e+002,1.483300e+002,0,0,-1.000000e+000,-1.000000e+000
4.541900e+002,1.499700e+002,0,0,-1.000000e+000,-1.000000e+000
5.335000e+001,1.506200e+002,0,0,-1.000000e+000,-1.000000e+000
3.886500e+002,1.506400e+002,0,0,-1.000000e+000,-1.000000e+000
3.974000e+002,1.540400e+002,0,0,-1.000000e+000,-1.000000e+000
5.247700e+002,1.553400e+002,0,0,-1.000000e+000,-1.000000e+000
4.748900e+002,1.575000e+002,0,0,-1.000000e+000,-1.000000e+000
4.149500e+002,1.592900e+002,0,0,-1.000000e+000,-1.000000e+000
6.056400e+002,1.634400e+002,0,0,-1.000000e+000,-1.000000e+000
4.956700e+002,1.654900e+002,0,0,-1.000000e+000,-1.000000e+000
3.793400e+002,1.682100e+002,0,0,-1.000000e+000,-1.000000e+000
5.841000e+002,1.720300e+002,0,0,-1.000000e+000,-1.000000e+000
6.063300e+002,1.738000e+002,0,0,-1.000000e+000,-1.000000e+000
5.391500e+002,1.770000e+002,0,0,-1.000000e+000,-1.000000e+000
2.187400e+002,1.775500e+002,0,0,-1.000000e+000,-1.000000e+000
5.631400e+002,1.806500e+002,0,0,-1.000000e+000,-1.000000e+000
5.278300e+002,1.809800e+002,0,0,-1.000000e+000,-1.000000e+000
5.729600e+002,1.822200e+002,0,0,-1.000000e+000,-1.000000e+000
3.822900e+002,1.853100e+002,0,0,-1.000000e+000,-1.000000e+000
2.631300e+002,1.864300e+002,0,0,-1.000000e+000,-1.000000e+000
1.684800e+002,1.868200e+002,0,0,-1.000000e+000,-1.000000e+000
4.018800e+002,1.943700e+002,0,0,-1.000000e+000,-1.000000e+000
2.348600e+002,1.968900e+002,0,0,-1.000000e+000,-1.000000e+000
2.079200e+002,2.038600e+002,0,0,-1.000000e+000,-1.000000e+000
5.288700e+002,2.039900e+002,0,0,-1.000000e+000,-1.000000e+000
1.595400e+002,2.072700e+002,0,0,-1.000000e+000,-1.000000e+000
1.703500e+002,2.105500e+002,0,0,-1.000000e+000,-1.000000e+000
6.200600e+002,2.135200e+002,0,0,-1.000000e+000,-1.000000e+000
6.200600e+002,2.135200e+002,0,0,-1.000000e+000,-1.000000e+000
1.848500e+002,2.142000e+002,0,0,-1.000000e+000,-1.000000e+000
5.627800e+002,2.143100e+002,1,1,5.628500e+002,2.164400e+002
1.796600e+002,2.154100e+002,0,0,-1.000000e+000,-1.000000e+000
1.752300e+002,2.168200e+002,0,0,-1.000000e+000,-1.000000e+000
5.679300e+002,2.180300e+002,1,1,5.681500e+002,2.201900e+002
6.176500e+002,2.189300e+002,0,0,-1.000000e+000,-1.000000e+000
1.610000e+002,2.194600e+002,0,0,-1.000000e+000,-1.000000e+000
5.772000e+002,2.197700e+002,0,0,-1.000000e+000,-1.000000e+000
4.429000e+002,2.238400e+002,0,0,-1.000000e+000,-1.000000e+000
5.793400e+002,2.244400e+002,0,0,-1.000000e+000,-1.000000e+000
6.078200e+002,2.251900e+002,0,0,-1.000000e+000,-1.000000e+000
5.852600e+002,2.275900e+002,0,0,-1.000000e+000,-1.000000e+000
6.033700e+002,2.277900e+002,0,0,-1.000000e+000,-1.000000e+000
5.948600e+002,2.290300e+002,0,0,-1.000000e+000,-1.000000e+000
4.795600e+002,2.294400e+002,1,1,4.793900e+002,2.316000e+002
4.795600e+002,2.294400e+002,1,1,4.793900e+002,2.316000e+002
5.905200e+002,2.300400e+002,0,0,-1.000000e+000,-1.000000e+000
2.494500e+002,2.352000e+002,0,0,-1.000000e+000,-1.000000e+000
2.539100e+002,2.510800e+002,0,0,-1.000000e+000,-1.000000e+000
2.974500e+002,2.579600e+002,0,0,-1.000000e+000,-1.000000e+000
2.540000e+002,2.597000e+002,0,0,-1.000000e+000,-1.000000e+000
1.623800e+002,2.618700e+002,0,0,-1.000000e+000,-1.000000e+000
1.733400e+002,2.707800e+002,0,0,-1.000000e+000,-1.000000e+000
4.419800e+002,2.715900e+002,1,1,4.415700e+002,2.735800e+002
3.154500e+002,2.745500e+002,0,0,-1.000000e+000,-1.000000e+000
2.635400e+002,2.748300e+002,0,0,-1.000000e+000,-1.000000e+000
1.574200e+002,2.790400e+002,0,0,-1.000000e+000,-1.000000e+000
4.840400e+002,2.874400e+002,0,0,-1.000000e+000,-1.000000e+000
1.063300e+002,2.941100e+002,0,0,-1.000000e+000,-1.000000e+000
6.628000e+001,3.024100e+002,0,0,-1.000000e+000,-1.000000e+000
4.759900e+002,3.028600e+002,0,0,-1.000000e+000,-1.000000e+000
4.732900e+002,3.081700e+002,0,0,-1.000000e+000,-1.000000e+000
1.284000e+002,3.164800e+002,0,0,-1.000000e+000,-1.000000e+000
2.244100e+002,3.181900e+002,0,0,-1.000000e+000,-1.000000e+000
6.281400e+002,3.214200e+002,0,0,-1.000000e+000,-1.000000e+000
5.994900e+002,3.228600e+002,0,0,-1.000000e+000,-1.000000e+000
5.864000e+002,3.300400e+002,0,0,-1.000000e+000,-1.000000e+000
1.767200e+002,3.337800e+002,0,0,-1.000000e+000,-1.000000e+000
9.617000e+001,3.396700e+002,0,0,-1.000000e+000,-1.000000e+000
5.710100e+002,3.394000e+002,0,0,-1.000000e+000,-1.000000e+000
1.797100e+002,3.407200e+002,1,1,1.794800e+002,3.428300e+002
1.797100e+002,3.407200e+002,0,0,-1.000000e+000,-1.000000e+000
1.679000e+002,3.412800e+002,0,0,-1.000000e+000,-1.000000e+000
1.679000e+002,3.412800e+002,0,0,-1.000000e+000,-1.000000e+000
1.866900e+002,3.415800e+002,0,0,-1.000000e+000,-1.000000e+000
1.627000e+002,3.421400e+002,0,0,-1.000000e+000,-1.000000e+000
5.885700e+002,3.437800e+002,0,0,-1.000000e+000,-1.000000e+000
1.342600e+002,3.448700e+002,0,0,-1.000000e+000,-1.000000e+000
3.274500e+002,3.455700e+002,1,1,3.278800e+002,3.481500e+002
1.435300e+002,3.466200e+002,1,1,1.440300e+002,3.484300e+002
1.435300e+002,3.466200e+002,0,0,-1.000000e+000,-1.000000e+000
5.549700e+002,3.468700e+002,0,0,-1.000000e+000,-1.000000e+000
1.332800e+002,3.485300e+002,1,1,1.333500e+002,3.504900e+002
1.266800e+002,3.492100e+002,0,0,-1.000000e+000,-1.000000e+000
1.937500e+002,3.496400e+002,0,0,-1.000000e+000,-1.000000e+000
1.937500e+002,3.496400e+002,0,0,-1.000000e+000,-1.000000e+000
3.397500e+002,3.494000e+002,0,0,-1.000000e+000,-1.000000e+000
1.606000e+002,3.520200e+002,0,0,-1.000000e+000,-1.000000e+000
1.451700e+002,3.532300e+002,0,0,-1.000000e+000,-1.000000e+000
1.451700e+002,3.532300e+002,0,0,-1.000000e+000,-1.000000e+000
1.451700e+002,3.532300e+002,0,0,-1.000000e+000,-1.000000e+000
1.366600e+002,3.539400e+002,1,1,1.365900e+002,3.557400e+002
1.635700e+002,3.541500e+002,0,0,-1.000000e+000,-1.000000e+000
1.191200e+002,3.544700e+002,0,0,-1.000000e+000,-1.000000e+000
2.006000e+002,3.545100e+002,1,1,2.006600e+002,3.566400e+002
2.006000e+002,3.545100e+002,1,1,2.006600e+002,3.566400e+002
1.891300e+002,3.552000e+002,0,0,-1.000000e+000,-1.000000e+000
5.791300e+002,3.583000e+002,0,0,-1.000000e+000,-1.000000e+000
1.703800e+002,3.590400e+002,0,0,-1.000000e+000,-1.000000e+000
1.862800e+002,3.593100e+002,1,1,1.859700e+002,3.611700e+002
1.962000e+002,3.600000e+002,0,0,-1.000000e+000,-1.000000e+000
1.962000e+002,3.600000e+002,1,1,1.947000e+002,3.620400e+002
1.078900e+002,3.606100e+002,1,1,1.071900e+002,3.626300e+002
1.078900e+002,3.606100e+002,0,0,-1.000000e+000,-1.000000e+000
1.078900e+002,3.606100e+002,1,1,1.071900e+002,3.626300e+002
1.267400e+002,3.603800e+002,0,0,-1.000000e+000,-1.000000e+000
1.180000e+002,3.618500e+002,1,1,1.176200e+002,3.639800e+002
9.973000e+001,3.653700e+002,1,1,9.913000e+001,3.674100e+002
9.973000e+001,3.653700e+002,1,1,9.913000e+001,3.674100e+002
9.973000e+001,3.653700e+002,0,0,-1.000000e+000,-1.000000e+000
5.160400e+002,3.677600e+002,0,0,-1.000000e+000,-1.000000e+000
1.850200e+002,3.683000e+002,1,1,1.841200e+002,3.701800e+002
9.162000e+001,3.704000e+002,0,0,-1.000000e+000,-1.000000e+000
9.162000e+001,3.704000e+002,1,1,9.078000e+001,3.722500e+002
1.095900e+002,3.706000e+002,1,1,1.076100e+002,3.735200e+002
1.385100e+002,3.705300e+002,1,1,1.377700e+002,3.723200e+002
5.103600e+002,3.702900e+002,0,0,-1.000000e+000,-1.000000e+000
7.526000e+001,3.726900e+002,1,1,7.481000e+001,3.752100e+002
8.315000e+001,3.754600e+002,0,0,-1.000000e+000,-1.000000e+000
1.014600e+002,3.753600e+002,1,1,1.000100e+002,3.780300e+002
1.025300e+002,3.790500e+002,0,0,-1.000000e+000,-1.000000e+000
1.025300e+002,3.790500e+002,1,1,1.019100e+002,3.811900e+002
8.257000e+001,3.797600e+002,0,0,-1.000000e+000,-1.000000e+000
7.055000e+001,3.828900e+002,1,1,6.992000e+001,3.848100e+002
9.415000e+001,3.841100e+002,1,1,9.356000e+001,3.862400e+002
9.415000e+001,3.841100e+002,0,0,-1.000000e+000,-1.000000e+000
1.330200e+002,3.845800e+002,0,0,-1.000000e+000,-1.000000e+000
1.330200e+002,3.845800e+002,1,1,1.328300e+002,3.867100e+002
8.241000e+001,3.875400e+002,1,1,7.944000e+001,3.918700e+002
6.170000e+001,3.880400e+002,1,1,6.112000e+001,3.901100e+002
8.587000e+001,3.894100e+002,1,1,8.529000e+001,3.913600e+002
8.587000e+001,3.894100e+002,1,1,8.529000e+001,3.913600e+002
7.533000e+001,3.914600e+002,1,1,7.446000e+001,3.937000e+002
1.449900e+002,3.916100e+002,1,1,1.446600e+002,3.937600e+002
1.449900e+002,3.916100e+002,1,1,1.446600e+002,3.937600e+002
1.569300e+002,3.914800e+002,0,0,-1.000000e+000,-1.000000e+000
9.641000e+001,3.925000e+002,0,0,-1.000000e+000,-1.000000e+000
5.282000e+001,3.934800e+002,1,1,5.224000e+001,3.954100e+002
7.702000e+001,3.946200e+002,0,0,-1.000000e+000,-1.000000e+000
9.963000e+001,3.957900e+002,0,0,-1.000000e+000,-1.000000e+000
9.963000e+001,3.957900e+002,0,0,-1.000000e+000,-1.000000e+000
9.963000e+001,3.957900e+002,1,1,9.926000e+001,3.977200e+002
1.051000e+002,3.966700e+002,0,0,-1.000000e+000,-1.000000e+000
1.280200e+002,3.964200e+002,1,1,1.278600e+002,3.985600e+002
1.280200e+002,3.964200e+002,1,1,1.278600e+002,3.985600e+002
1.280200e+002,3.964200e+002,1,1,1.278600e+002,3.985600e+002
4.944000e+002,3.966700e+002,0,0,-1.000000e+000,-1.000000e+000
8.797000e+001,3.979000e+002,0,0,-1.000000e+000,-1.000000e+000
4.392000e+001,3.991000e+002,1,1,4.312000e+001,4.009500e+002
4.392000e+001,3.991000e+002,0,0,-1.000000e+000,-1.000000e+000
6.841000e+001,3.999100e+002,1,1,6.780000e+001,4.022400e+002
5.750000e+001,4.023600e+002,0,0,-1.000000e+000,-1.000000e+000
7.932000e+001,4.034200e+002,0,0,-1.000000e+000,-1.000000e+000
7.932000e+001,4.034200e+002,0,0,-1.000000e+000,-1.000000e+000
4.336000e+001,4.038100e+002,1,1,4.331000e+001,4.060000e+002
1.252500e+002,4.055200e+002,1,1,1.241200e+002,4.070200e+002
3.016000e+001,4.071600e+002,0,0,-1.000000e+000,-1.000000e+000
3.016000e+001,4.071600e+002,1,1,2.914000e+001,4.090600e+002
4.206000e+001,4.076600e+002,1,1,4.153000e+001,4.097100e+002
4.428600e+002,4.085200e+002,0,0,-1.000000e+000,-1.000000e+000
9.983000e+001,4.102700e+002,0,0,-1.000000e+000,-1.000000e+000
7.870000e+001,4.115500e+002,1,1,7.789000e+001,4.142100e+002
3.970000e+001,4.128900e+002,0,0,-1.000000e+000,-1.000000e+000
6.116000e+001,4.149900e+002,1,1,6.025000e+001,4.169100e+002
4.072000e+001,4.172600e+002,1,1,4.001000e+001,4.192200e+002
4.072000e+001,4.172600e+002,1,1,4.001000e+001,4.192200e+002
4.072000e+001,4.172600e+002,1,1,4.001000e+001,4.192200e+002
6.416000e+001,4.177100e+002,0,0,-1.000000e+000,-1.000000e+000
1.044000e+001,4.187000e+002,0,0,-1.000000e+000,-1.000000e+000
1.932000e+001,4.256100e+002,1,1,1.891000e+001,4.273200e+002
4.273000e+001,4.264800e+002,0,0,-1.000000e+000,-1.000000e+000
4.273000e+001,4.264800e+002,0,0,-1.000000e+000,-1.000000e+000
2.148000e+001,4.289600e+002,1,1,2.076000e+001,4.307700e+002
2.148000e+001,4.289600e+002,1,1,2.076000e+001,4.307700e+002
4.551000e+001,4.295700e+002,0,0,-1.000000e+000,-1.000000e+000
5.163000e+001,4.308300e+002,0,0,-1.000000e+000,-1.000000e+000
5.163000e+001,4.308300e+002,0,0,-1.000000e+000,-1.000000e+000
4.181000e+001,4.368300e+002,0,0,-1.000000e+000,-1.000000e+000
6.752000e+001,4.368400e+002,1,1,6.678000e+001,4.386200e+002
2.302000e+001,4.387400e+002,1,1,2.277000e+001,4.409700e+002
4.525000e+001,4.397900e+002,0,0,-1.000000e+000,-1.000000e+000
5.461000e+001,4.401300e+002,0,0,-1.000000e+000,-1.000000e+000
5.461000e+001,4.401300e+002,0,0,-1.000000e+000,-1.000000e+000
5.804000e+001,4.426700e+002,1,1,5.744000e+001,4.445600e+002
5.804000e+001,4.426700e+002,1,1,5.744000e+001,4.445600e+002
3.188000e+001,4.430600e+002,0,0,-1.000000e+000,-1.000000e+000
3.188000e+001,4.430600e+002,0,0,-1.000000e+000,-1.000000e+000
3.571000e+001,4.464800e+002,0,0,-1.000000e+000,-1.000000e+000
4.460000e+001,4.466900e+002,0,0,-1.000000e+000,-1.000000e+000
1.608000e+001,4.483700e+002,1,1,1.528000e+001,4.500000e+002
1.608000e+001,4.483700e+002,1,1,1.528000e+001,4.500000e+002
3.439000e+001,4.529600e+002,0,0,-1.000000e+000,-1.000000e+000
3.789000e+001,4.558700e+002,0,0,-1.000000e+000,-1.000000e+000
3.789000e+001,4.558700e+002,0,0,-1.000000e+000,-1.000000e+000
2.418000e+001,4.595400e+002,0,0,-1.000000e+000,-1.000000e+000
2.418000e+001,4.595400e+002,0,0,-1.000000e+000,-1.000000e+000
5.137200e+002,2.384000e+001,0,0,-1.000000e+000,-1.000000e+000
5.261000e+002,4.833000e+001,0,0,-1.000000e+000,-1.000000e+000
6.146300e+002,8.888000e+001,0,0,-1.000000e+000,-1.000000e+000
5.290800e+002,9.049000e+001,0,0,-1.000000e+000,-1.000000e+000
1.407500e+002,1.307700e+002,0,0,-1.000000e+000,-1.000000e+000
1.483000e+002,1.335500e+002,0,0,-1.000000e+000,-1.000000e+000
1.137200e+002,1.356500e+002,0,0,-1.000000e+000,-1.000000e+000
1.526500e+002,1.362300e+002,0,0,-1.000000e+000,-1.000000e+000
6.064000e+001,1.455800e+002,0,0,-1.000000e+000,-1.000000e+000
5.251200e+002,1.474200e+002,0,0,-1.000000e+000,-1.000000e+000
3.121500e+002,1.517600e+002,0,0,-1.000000e+000,-1.000000e+000
4.600400e+002,1.516200e+002,0,0,-1.000000e+000,-1.000000e+000
4.677300e+002,1.546200e+002,1,1,4.676800e+002,1.574300e+002
6.068300e+002,1.593000e+002,0,0,-1.000000e+000,-1.000000e+000
4.887400e+002,1.627100e+002,0,0,-1.000000e+000,-1.000000e+000
5.240400e+002,1.642200e+002,1,1,5.243200e+002,1.664900e+002
5.240400e+002,1.642200e+002,1,1,5.243200e+002,1.664900e+002
3.056800e+002,1.748600e+002,0,0,-1.000000e+000,-1.000000e+000
5.276300e+002,1.763100e+002,0,0,-1.000000e+000,-1.000000e+000
5.276300e+002,1.763100e+002,0,0,-1.000000e+000,-1.000000e+000
5.924000e+002,1.790700e+002,0,0,-1.000000e+000,-1.000000e+000
5.405400e+002,1.858700e+002,0,0,-1.000000e+000,-1.000000e+000
6.112500e+002,1.913000e+002,0,0,-1.000000e+000,-1.000000e+000
5.656700e+002,1.954000e+002,0,0,-1.000000e+000,-1.000000e+000
4.070700e+002,1.964600e+002,0,0,-1.000000e+000,-1.000000e+000
4.114100e+002,1.985100e+002,0,0,-1.000000e+000,-1.000000e+000
3.123400e+002,2.020500e+002,0,0,-1.000000e+000,-1.000000e+000
5.310100e+002,2.068100e+002,0,0,-1.000000e+000,-1.000000e+000
5.252600e+002,2.091200e+002,0,0,-1.000000e+000,-1.000000e+000
5.581100e+002,2.159000e+002,0,0,-1.000000e+000,-1.000000e+000
2.583000e+002,2.169100e+002,1,1,2.573200e+002,2.188800e+002
2.533500e+002,2.191800e+002,0,0,-1.000000e+000,-1.000000e+000
4.599600e+002,2.209200e+002,0,0,-1.000000e+000,-1.000000e+000
6.076700e+002,2.210500e+002,1,1,6.076200e+002,2.230200e+002
5.561400e+002,2.280200e+002,0,0,-1.000000e+000,-1.000000e+000
2.530900e+002,2.377700e+002,0,0,-1.000000e+000,-1.000000e+000
1.744800e+002,2.423500e+002,0,0,-1.000000e+000,-1.000000e+000
1.749600e+002,2.504600e+002,0,0,-1.000000e+000,-1.000000e+000
2.065600e+002,2.561400e+002,0,0,-1.000000e+000,-1.000000e+000
4.575200e+002,2.668000e+002,1,1,4.573000e+002,2.686000e+002
2.678500e+002,2.845500e+002,0,0,-1.000000e+000,-1.000000e+000
3.848400e+002,2.866300e+002,1,1,3.839700e+002,2.891000e+002
2.746500e+002,2.923600e+002,0,0,-1.000000e+000,-1.000000e+000
2.519800e+002,2.985300e+002,0,0,-1.000000e+000,-1.000000e+000
3.624500e+002,2.986900e+002,0,0,-1.000000e+000,-1.000000e+000
4.803700e+002,3.008400e+002,1,1,4.795900e+002,3.029700e+002
5.714000e+001,3.050300e+002,0,0,-1.000000e+000,-1.000000e+000
3.562600e+002,3.049900e+002,1,1,3.546800e+002,3.077000e+002
3.562600e+002,3.049900e+002,1,1,3.546800e+002,3.077000e+002
3.584700e+002,3.087500e+002,0,0,-1.000000e+000,-1.000000e+000
1.435900e+002,3.272300e+002,0,0,-1.000000e+000,-1.000000e+000
5.733100e+002,3.360500e+002,0,0,-1.000000e+000,-1.000000e+000
5.958300e+002,3.395000e+002,0,0,-1.000000e+000,-1.000000e+000
1.873500e+002,3.460300e+002,1,1,1.869100e+002,3.480200e+002
1.554800e+002,3.476200e+002,1,1,1.549800e+002,3.499000e+002
1.654400e+002,3.497600e+002,0,0,-1.000000e+000,-1.000000e+000
2.007700e+002,3.503800e+002,1,1,2.009300e+002,3.528500e+002
3.361600e+002,3.502700e+002,0,0,-1.000000e+000,-1.000000e+000
1.414900e+002,3.513300e+002,0,0,-1.000000e+000,-1.000000e+000
1.303500e+002,3.533900e+002,1,1,1.301800e+002,3.551900e+002
1.727200e+002,3.548900e+002,0,0,-1.000000e+000,-1.000000e+000
1.879200e+002,3.549400e+002,0,0,-1.000000e+000,-1.000000e+000
1.427500e+002,3.566700e+002,1,1,1.423300e+002,3.587000e+002
1.797200e+002,3.594200e+002,0,0,-1.000000e+000,-1.000000e+000
1.349700e+002,3.614300e+002,1,1,1.345300e+002,3.634500e+002
1.296900e+002,3.631100e+002,1,1,1.293600e+002,3.653600e+002
1.955800e+002,3.652000e+002,0,0,-1.000000e+000,-1.000000e+000
1.418000e+002,3.668000e+002,0,0,-1.000000e+000,-1.000000e+000
9.795000e+001,3.693100e+002,1,1,9.735000e+001,3.714400e+002
9.795000e+001,3.693100e+002,1,1,9.735000e+001,3.714400e+002
1.034700e+002,3.696100e+002,0,0,-1.000000e+000,-1.000000e+000
1.068100e+002,3.727800e+002,0,0,-1.000000e+000,-1.000000e+000
8.943000e+001,3.742700e+002,1,1,9.002000e+001,3.762200e+002
8.943000e+001,3.742700e+002,0,0,-1.000000e+000,-1.000000e+000
1.589100e+002,3.744300e+002,1,1,1.583800e+002,3.766000e+002
1.816100e+002,3.748100e+002,0,0,-1.000000e+000,-1.000000e+000
1.169200e+002,3.796400e+002,0,0,-1.000000e+000,-1.000000e+000
1.626100e+002,3.809600e+002,1,1,1.620800e+002,3.830700e+002
8.095000e+001,3.841300e+002,0,0,-1.000000e+000,-1.000000e+000
1.580100e+002,3.839700e+002,0,0,-1.000000e+000,-1.000000e+000
1.088600e+002,3.849400e+002,0,0,-1.000000e+000,-1.000000e+000
1.088600e+002,3.849400e+002,0,0,-1.000000e+000,-1.000000e+000
1.088600e+002,3.849400e+002,1,1,1.085200e+002,3.870000e+002
6.857000e+001,3.870300e+002,1,1,6.865000e+001,3.888900e+002
6.857000e+001,3.870300e+002,1,1,6.865000e+001,3.888900e+002
5.968000e+001,3.922700e+002,0,0,-1.000000e+000,-1.000000e+000
5.968000e+001,3.922700e+002,0,0,-1.000000e+000,-1.000000e+000
1.106700e+002,3.951200e+002,0,0,-1.000000e+000,-1.000000e+000
5.016000e+001,3.979900e+002,1,1,5.087000e+001,3.997400e+002
1.199000e+002,4.020500e+002,0,0,-1.000000e+000,-1.000000e+000
1.199000e+002,4.020500e+002,0,0,-1.000000e+000,-1.000000e+000
1.133300e+002,4.026500e+002,0,0,-1.000000e+000,-1.000000e+000
5.944000e+001,4.058700e+002,1,1,5.863000e+001,4.077100e+002
5.944000e+001,4.058700e+002,0,0,-1.000000e+000,-1.000000e+000
9.365000e+001,4.057900e+002,0,0,-1.000000e+000,-1.000000e+000
8.756000e+001,4.063800e+002,1,1,8.697000e+001,4.086400e+002
2.805000e+001,4.115500e+002,0,0,-1.000000e+000,-1.000000e+000
1.133800e+002,4.115500e+002,1,1,1.131700e+002,4.139400e+002
1.032000e+002,4.131700e+002,1,1,1.026700e+002,4.147900e+002
9.626000e+001,4.137100e+002,0,0,-1.000000e+000,-1.000000e+000
9.626000e+001,4.137100e+002,0,0,-1.000000e+000,-1.000000e+000
1.904000e+001,4.172500e+002,0,0,-1.000000e+000,-1.000000e+000
9.430000e+001,4.187000e+002,1,1,9.392000e+001,4.204500e+002
2.836000e+001,4.200600e+002,0,0,-1.000000e+000,-1.000000e+000
8.766000e+001,4.196000e+002,0,0,-1.000000e+000,-1.000000e+000
8.766000e+001,4.196000e+002,0,0,-1.000000e+000,-1.000000e+000
5.231000e+001,4.208400e+002,0,0,-1.000000e+000,-1.000000e+000
5.231000e+001,4.208400e+002,0,0,-1.000000e+000,-1.000000e+000
3.157000e+001,4.232100e+002,0,0,-1.000000e+000,-1.000000e+000
3.157000e+001,4.232100e+002,1,1,3.055000e+001,4.250500e+002
5.501000e+001,4.234800e+002,0,0,-1.000000e+000,-1.000000e+000
8.575000e+001,4.247600e+002,1,1,8.531000e+001,4.264000e+002
6.105000e+001,4.250000e+002,0,0,-1.000000e+000,-1.000000e+000
6.105000e+001,4.250000e+002,0,0,-1.000000e+000,-1.000000e+000
7.653000e+001,4.305100e+002,0,0,-1.000000e+000,-1.000000e+000
8.870000e+000,4.317500e+002,0,0,-1.000000e+000,-1.000000e+000
3.331000e+001,4.325700e+002,0,0,-1.000000e+000,-1.000000e+000
3.331000e+001,4.325700e+002,0,0,-1.000000e+000,-1.000000e+000
3.570000e+001,4.351800e+002,1,1,3.533000e+001,4.374300e+002
1.159000e+001,4.354300e+002,0,0,-1.000000e+000,-1.000000e+000
1.159000e+001,4.354300e+002,0,0,-1.000000e+000,-1.000000e+000
2.620000e+001,4.418300e+002,0,0,-1.000000e+000,-1.000000e+000
3.930000e+000,4.441600e+002,1,1,3.420000e+000,4.462300e+002
3.930000e+000,4.441600e+002,1,1,3.420000e+000,4.462300e+002
1.276000e+001,4.448700e+002,0,0,-1.000000e+000,-1.000000e+000
4.791000e+001,4.491800e+002,0,0,-1.000000e+000,-1.000000e+000
5.755000e+001,4.492500e+002,1,1,5.687000e+001,4.512900e+002
5.755000e+001,4.492500e+002,1,1,5.687000e+001,4.512900e+002
2.225000e+001,4.498500e+002,0,0,-1.000000e+000,-1.000000e+000
2.225000e+001,4.498500e+002,0,0,-1.000000e+000,-1.000000e+000
4.539000e+001,4.580600e+002,1,1,4.457000e+001,4.599700e+002
4.539000e+001,4.580600e+002,1,1,4.457000e+001,4.599700e+002
5.594000e+001,4.592300e+002,0,0,-1.000000e+000,-1.000000e+000
3.224000e+001,4.660900e+002,0,0,-1.000000e+000,-1.000000e+000
1.948000e+001,4.751700e+002,0,0,-1.000000e+000,-1.000000e+000
5.889700e+002,7.190000e+000,0,0,-1.000000e+000,-1.000000e+000
6.168200e+002,7.037000e+001,0,0,-1.000000e+000,-1.000000e+000
6.117200e+002,1.229700e+002,0,0,-1.000000e+000,-1.000000e+000
4.479800e+002,1.522600e+002,1,1,4.486000e+002,1.546300e+002
4.169200e+002,1.550400e+002,0,0,-1.000000e+000,-1.000000e+000
4.000600e+002,1.588400e+002,1,1,3.999000e+002,1.620300e+002
5.279000e+002,1.677200e+002,0,0,-1.000000e+000,-1.000000e+000
5.278100e+002,1.760300e+002,1,1,5.279700e+002,1.786900e+002
1.694900e+002,1.855900e+002,0,0,-1.000000e+000,-1.000000e+000
1.588200e+002,1.922200e+002,0,0,-1.000000e+000,-1.000000e+000
5.446400e+002,2.023200e+002,1,1,5.448000e+002,2.043200e+002
1.966200e+002,2.150900e+002,0,0,-1.000000e+000,-1.000000e+000
2.593600e+002,2.171800e+002,0,0,-1.000000e+000,-1.000000e+000
5.963000e+002,2.370100e+002,0,0,-1.000000e+000,-1.000000e+000
2.528800e+002,2.381700e+002,0,0,-1.000000e+000,-1.000000e+000
5.364300e+002,2.376900e+002,0,0,-1.000000e+000,-1.000000e+000
2.304800e+002,2.423200e+002,1,1,2.309200e+002,2.447900e+002
2.304800e+002,2.423200e+002,1,1,2.309200e+002,2.447900e+002
2.310100e+002,2.532500e+002,0,0,-1.000000e+000,-1.000000e+000
2.310100e+002,2.532500e+002,0,0,-1.000000e+000,-1.000000e+000
4.418600e+002,2.719600e+002,0,0,-1.000000e+000,-1.000000e+000
4.810000e+002,2.777000e+002,1,1,4.807000e+002,2.801800e+002
3.731200e+002,2.893200e+002,0,0,-1.000000e+000,-1.000000e+000
1.197100e+002,2.915300e+002,1,1,1.198200e+002,2.933700e+002
1.197100e+002,2.915300e+002,1,1,1.198200e+002,2.933700e+002
2.740100e+002,2.921200e+002,0,0,-1.000000e+000,-1.000000e+000
2.516900e+002,2.981300e+002,0,0,-1.000000e+000,-1.000000e+000
2.357900e+002,3.161900e+002,0,0,-1.000000e+000,-1.000000e+000
3.821900e+002,3.232600e+002,0,0,-1.000000e+000,-1.000000e+000
3.821900e+002,3.232600e+002,0,0,-1.000000e+000,-1.000000e+000
5.957200e+002,3.385300e+002,0,0,-1.000000e+000,-1.000000e+000
1.305500e+002,3.534400e+002,0,0,-1.000000e+000,-1.000000e+000
1.589000e+002,3.561500e+002,0,0,-1.000000e+000,-1.000000e+000
1.492600e+002,3.619500e+002,1,1,1.489200e+002,3.640300e+002
1.492600e+002,3.619500e+002,0,0,-1.000000e+000,-1.000000e+000
1.885700e+002,3.634900e+002,0,0,-1.000000e+000,-1.000000e+000
1.885700e+002,3.634900e+002,0,0,-1.000000e+000,-1.000000e+000
1.114500e+002,3.643600e+002,1,1,1.113000e+002,3.663900e+002
1.033000e+002,3.695500e+002,0,0,-1.000000e+000,-1.000000e+000
1.793200e+002,3.700500e+002,0,0,-1.000000e+000,-1.000000e+000
9.524000e+001,3.742500e+002,1,1,9.499000e+001,3.761000e+002
1.056500e+002,3.745600e+002,0,0,-1.000000e+000,-1.000000e+000
9.757000e+001,3.793800e+002,0,0,-1.000000e+000,-1.000000e+000
8.017000e+001,3.896900e+002,0,0,-1.000000e+000,-1.000000e+000
1.439000e+002,3.902200e+002,0,0,-1.000000e+000,-1.000000e+000
1.439000e+002,3.902200e+002,0,0,-1.000000e+000,-1.000000e+000
1.018000e+002,3.908200e+002,1,1,1.012300e+002,3.929600e+002
1.018000e+002,3.908200e+002,1,1,1.012300e+002,3.929600e+002
6.557000e+001,3.919800e+002,1,1,6.516000e+001,3.936600e+002
9.333000e+001,3.961000e+002,1,1,9.286000e+001,3.982700e+002
9.333000e+001,3.961000e+002,1,1,9.286000e+001,3.982700e+002
1.413200e+002,3.954400e+002,1,1,1.409200e+002,3.974900e+002
1.413200e+002,3.954400e+002,1,1,1.409200e+002,3.974900e+002
1.482100e+002,3.957200e+002,0,0,-1.000000e+000,-1.000000e+000
1.219200e+002,3.973400e+002,1,1,1.212500e+002,3.993900e+002
1.219200e+002,3.973400e+002,1,1,1.212500e+002,3.993900e+002
1.344900e+002,3.968600e+002,0,0,-1.000000e+000,-1.000000e+000
1.344900e+002,3.968600e+002,0,0,-1.000000e+000,-1.000000e+000
1.021700e+002,4.005100e+002,1,1,1.017900e+002,4.026100e+002
1.021700e+002,4.005100e+002,1,1,1.017900e+002,4.026100e+002
8.448000e+001,4.014300e+002,1,1,8.418000e+001,4.037900e+002
8.448000e+001,4.014300e+002,0,0,-1.000000e+000,-1.000000e+000
1.312600e+002,4.021700e+002,1,1,1.305100e+002,4.041800e+002
1.312600e+002,4.021700e+002,0,0,-1.000000e+000,-1.000000e+000
1.312600e+002,4.021700e+002,1,1,1.305100e+002,4.041800e+002
1.382700e+002,4.028400e+002,0,0,-1.000000e+000,-1.000000e+000
9.372000e+001,4.058200e+002,0,0,-1.000000e+000,-1.000000e+000
7.630000e+001,4.074300e+002,1,1,7.567000e+001,4.094100e+002
7.630000e+001,4.074300e+002,0,0,-1.000000e+000,-1.000000e+000
7.630000e+001,4.074300e+002,0,0,-1.000000e+000,-1.000000e+000
1.050900e+002,4.080500e+002,1,1,1.043700e+002,4.102400e+002
1.050900e+002,4.080500e+002,1,1,1.043700e+002,4.102400e+002
1.281900e+002,4.095000e+002,0,0,-1.000000e+000,-1.000000e+000
8.534000e+001,4.117700e+002,1,1,8.476000e+001,4.137700e+002
8.534000e+001,4.117700e+002,1,1,8.476000e+001,4.137700e+002
6.676000e+001,4.126100e+002,1,1,6.635000e+001,4.148100e+002
6.676000e+001,4.126100e+002,1,1,6.635000e+001,4.148100e+002
2.415000e+001,4.171700e+002,0,0,-1.000000e+000,-1.000000e+000
7.641000e+001,4.173200e+002,1,1,7.564000e+001,4.191400e+002
7.641000e+001,4.173200e+002,0,0,-1.000000e+000,-1.000000e+000
5.785000e+001,4.186100e+002,0,0,-1.000000e+000,-1.000000e+000
5.785000e+001,4.186100e+002,0,0,-1.000000e+000,-1.000000e+000
3.750000e+001,4.211200e+002,1,1,3.714000e+001,4.233300e+002
3.750000e+001,4.211200e+002,1,1,3.714000e+001,4.233300e+002
7.200000e+000,4.230400e+002,0,0,-1.000000e+000,-1.000000e+000
1.479000e+001,4.229400e+002,0,0,-1.000000e+000,-1.000000e+000
6.726000e+001,4.231800e+002,0,0,-1.000000e+000,-1.000000e+000
3.219000e+001,4.237900e+002,0,0,-1.000000e+000,-1.000000e+000
4.841000e+001,4.245300e+002,1,1,4.788000e+001,4.264700e+002
7.887000e+001,4.254000e+002,0,0,-1.000000e+000,-1.000000e+000
7.887000e+001,4.254000e+002,1,1,7.835000e+001,4.275600e+002
5.766000e+001,4.290200e+002,1,1,5.715000e+001,4.310000e+002
3.831000e+001,4.301000e+002,0,0,-1.000000e+000,-1.000000e+000
7.640000e+001,4.303900e+002,1,1,7.613000e+001,4.324800e+002
6.937000e+001,4.313100e+002,0,0,-1.000000e+000,-1.000000e+000
4.847000e+001,4.351200e+002,0,0,-1.000000e+000,-1.000000e+000
1.197000e+001,4.357300e+002,0,0,-1.000000e+000,-1.000000e+000
2.902000e+001,4.363200e+002,0,0,-1.000000e+000,-1.000000e+000
6.010000e+001,4.374700e+002,0,0,-1.000000e+000,-1.000000e+000
3.855000e+001,4.411900e+002,0,0,-1.000000e+000,-1.000000e+000
5.084000e+001,4.437200e+002,0,0,-1.000000e+000,-1.000000e+000
5.084000e+001,4.437200e+002,1,1,5.039000e+001,4.458600e+002
2.908000e+001,4.476200e+002,1,1,2.857000e+001,4.496200e+002
2.908000e+001,4.476200e+002,1,1,2.857000e+001,4.496200e+002
4.122000e+001,4.505300e+002,0,0,-1.000000e+000,-1.000000e+000
4.122000e+001,4.505300e+002,0,0,-1.000000e+000,-1.000000e+000
3.041000e+001,4.567500e+002,0,0,-1.000000e+000,-1.000000e+000
5.700000e+000,4.628200e+002,0,0,-1.000000e+000,-1.000000e+000
5.700000e+000,4.628200e+002,0,0,-1.000000e+000,-1.000000e+000
1.267000e+001,4.692600e+002,0,0,-1.000000e+000,-1.000000e+000
1.267000e+001,4.692600e+002,0,0,-1.000000e+000,-1.000000e+000
5.192400e+002,1.078000e+001,0,0,-1.000000e+000,-1.000000e+000
5.879300e+002,1.539000e+001,0,0,-1.000000e+000,-1.000000e+000
6.110000e+002,6.440000e+001,1,1,6.133900e+002,6.410000e+001
6.110000e+002,6.440000e+001,1,1,6.093900e+002,6.835000e+001
5.481400e+002,7.836000e+001,1,1,5.480300e+002,8.013000e+001
5.481400e+002,7.836000e+001,0,0,-1.000000e+000,-1.000000e+000
6.145800e+002,9.396000e+001,0,0,-1.000000e+000,-1.000000e+000
6.213100e+002,9.963000e+001,0,0,-1.000000e+000,-1.000000e+000
3.862200e+002,1.466700e+002,0,0,-1.000000e+000,-1.000000e+000
3.844200e+002,1.540300e+002,1,1,3.843000e+002,1.562700e+002
6.090300e+002,1.787300e+002,0,0,-1.000000e+000,-1.000000e+000
5.538900e+002,1.856200e+002,0,0,-1.000000e+000,-1.000000e+000
3.782000e+002,1.883300e+002,0,0,-1.000000e+000,-1.000000e+000
3.782000e+002,1.883300e+002,0,0,-1.000000e+000,-1.000000e+000
5.549300e+002,1.926200e+002,1,1,5.550400e+002,1.948200e+002
5.616800e+002,1.968900e+002,1,1,5.619600e+002,1.990600e+002
4.774100e+002,2.439800e+002,1,1,4.773900e+002,2.463700e+002
2.243600e+002,2.467300e+002,1,1,2.245900e+002,2.490500e+002
2.243600e+002,2.467300e+002,1,1,2.245900e+002,2.490500e+002
2.215800e+002,2.534300e+002,0,0,-1.000000e+000,-1.000000e+000
1.777700e+002,2.602900e+002,0,0,-1.000000e+000,-1.000000e+000
4.901100e+002,2.622200e+002,1,1,4.890700e+002,2.648000e+002
4.337500e+002,2.748900e+002,0,0,-1.000000e+000,-1.000000e+000
1.958900e+002,3.223900e+002,0,0,-1.000000e+000,-1.000000e+000
5.718100e+002,3.408600e+002,0,0,-1.000000e+000,-1.000000e+000
1.377700e+002,3.477900e+002,1,1,1.376300e+002,3.504100e+002
1.377700e+002,3.477900e+002,1,1,1.376300e+002,3.504100e+002
5.818100e+002,3.543000e+002,0,0,-1.000000e+000,-1.000000e+000
5.639400e+002,3.607200e+002,1,1,5.638400e+002,3.632600e+002
5.639400e+002,3.607200e+002,1,1,5.638400e+002,3.632600e+002
1.767500e+002,3.766600e+002,1,1,1.764200e+002,3.786500e+002
8.848000e+001,3.842700e+002,1,1,8.801000e+001,3.863100e+002
7.401000e+001,3.863100e+002,1,1,7.408000e+001,3.886100e+002
7.401000e+001,3.863100e+002,0,0,-1.000000e+000,-1.000000e+000
1.520400e+002,3.880800e+002,0,0,-1.000000e+000,-1.000000e+000
7.196000e+001,3.948500e+002,0,0,-1.000000e+000,-1.000000e+000
5.649000e+001,3.972500e+002,1,1,5.646000e+001,3.994200e+002
6.278000e+001,4.005000e+002,0,0,-1.000000e+000,-1.000000e+000
5.406000e+001,4.058300e+002,0,0,-1.000000e+000,-1.000000e+000
1.205700e+002,4.091400e+002,1,1,1.198800e+002,4.111600e+002
1.205700e+002,4.091400e+002,1,1,1.198800e+002,4.111600e+002
3.324000e+001,4.107400e+002,0,0,-1.000000e+000,-1.000000e+000
3.324000e+001,4.107400e+002,0,0,-1.000000e+000,-1.000000e+000
1.092600e+002,4.164000e+002,0,0,-1.000000e+000,-1.000000e+000
1.092600e+002,4.164000e+002,0,0,-1.000000e+000,-1.000000e+000
1.174700e+002,4.166200e+002,0,0,-1.000000e+000,-1.000000e+000
3.528000e+001,4.181600e+002,1,1,3.457000e+001,4.205800e+002
2.578000e+001,4.238900e+002,0,0,-1.000000e+000,-1.000000e+000
1.558000e+001,4.295400e+002,0,0,-1.000000e+000,-1.000000e+000
1.911000e+001,4.426300e+002,0,0,-1.000000e+000,-1.000000e+000
6.379000e+001,4.465600e+002,1,1,6.287000e+001,4.488900e+002
5.239000e+001,4.543700e+002,1,1,5.160000e+001,4.563300e+002
5.239000e+001,4.543700e+002,1,1,5.160000e+001,4.563300e+002
6.136000e+001,4.539800e+002,0,0,-1.000000e+000,-1.000000e+000
4.866000e+001,4.622900e+002,0,0,-1.000000e+000,-1.000000e+000
4.030000e+001,4.627400e+002,1,1,3.984000e+001,4.644600e+002
2.753000e+001,4.711800e+002,1,1,2.725000e+001,4.726800e+002
3.627000e+001,4.711700e+002,0,0,-1.000000e+000,-1.000000e+000
5.878900e+002,2.427000e+001,1,1,5.880900e+002,2.669000e+001
5.878900e+002,2.427000e+001,1,1,5.880900e+002,2.669000e+001
5.162200e+002,3.025000e+001,0,0,-1.000000e+000,-1.000000e+000
5.152700e+002,4.809000e+001,0,0,-1.000000e+000,-1.000000e+000
5.236700e+002,5.338000e+001,1,1,5.242700e+002,5.567000e+001
5.277100e+002,1.582200e+002,0,0,-1.000000e+000,-1.000000e+000
5.277100e+002,1.582200e+002,1,1,5.279900e+002,1.610400e+002
5.277100e+002,1.582200e+002,0,0,-1.000000e+000,-1.000000e+000
4.969600e+002,1.640900e+002,0,0,-1.000000e+000,-1.000000e+000
3.774200e+002,1.882700e+002,0,0,-1.000000e+000,-1.000000e+000
3.774200e+002,1.882700e+002,0,0,-1.000000e+000,-1.000000e+000
2.618900e+002,2.178900e+002,0,0,-1.000000e+000,-1.000000e+000
5.633400e+002,2.191400e+002,0,0,-1.000000e+000,-1.000000e+000
4.649600e+002,2.217300e+002,0,0,-1.000000e+000,-1.000000e+000
1.748600e+002,2.229800e+002,0,0,-1.000000e+000,-1.000000e+000
2.317800e+002,2.429000e+002,0,0,-1.000000e+000,-1.000000e+000
2.492000e+002,2.547200e+002,1,1,2.496600e+002,2.567300e+002
2.492000e+002,2.547200e+002,1,1,2.496600e+002,2.567300e+002
2.338700e+002,2.566700e+002,0,0,-1.000000e+000,-1.000000e+000
4.642800e+002,2.664600e+002,0,0,-1.000000e+000,-1.000000e+000
3.863400e+002,2.876300e+002,1,1,3.853600e+002,2.898700e+002
1.270100e+002,2.906500e+002,0,0,-1.000000e+000,-1.000000e+000
4.838100e+002,2.991400e+002,0,0,-1.000000e+000,-1.000000e+000
5.423900e+002,3.772100e+002,0,0,-1.000000e+000,-1.000000e+000
5.185100e+002,6.221000e+001,0,0,-1.000000e+000,-1.000000e+000
6.092100e+002,6.606000e+001,0,0,-1.000000e+000,-1.000000e+000
5.457000e+002,6.906000e+001,0,0,-1.000000e+000,-1.000000e+000
5.502700e+002,7.949000e+001,1,1,5.503200e+002,8.156000e+001
4.737400e+002,1.534200e+002,0,0,-1.000000e+000,-1.000000e+000
5.724000e+002,1.983000e+002,0,0,-1.000000e+000,-1.000000e+000
5.602400e+002,2.286700e+002,0,0,-1.000000e+000,-1.000000e+000
5.602400e+002,2.286700e+002,0,0,-1.000000e+000,-1.000000e+000
1.767800e+002,2.379200e+002,0,0,-1.000000e+000,-1.000000e+000
1.820200e+002,2.566800e+002,0,0,-1.000000e+000,-1.000000e+000
4.908100e+002,2.726300e+002,0,0,-1.000000e+000,-1.000000e+000
1.648200e+002,2.808100e+002,0,0,-1.000000e+000,-1.000000e+000
4.777800e+002,2.898200e+002,0,0,-1.000000e+000,-1.000000e+000
4.338800e+002,3.097700e+002,0,0,-1.000000e+000,-1.000000e+000
1.359700e+002,3.155300e+002,0,0,-1.000000e+000,-1.000000e+000
2.248600e+002,3.227900e+002,0,0,-1.000000e+000,-1.000000e+000
5.453600e+002,3.596200e+002,0,0,-1.000000e+000,-1.000000e+000
2.298400e+002,3.647200e+002,0,0,-1.000000e+000,-1.000000e+000
1.685900e+002,3.677700e+002,1,1,1.682100e+002,3.697500e+002
1.877800e+002,3.780800e+002,1,1,1.877900e+002,3.799000e+002
1.877800e+002,3.780800e+002,1,1,1.877900e+002,3.799000e+002
6.222700e+002,1.593000e+001,0,0,-1.000000e+000,-1.000000e+000
5.907900e+002,2.115000e+001,1,1,5.911900e+002,2.329000e+001
5.907900e+002,2.115000e+001,1,1,5.911900e+002,2.329000e+001
1.439900e+002,1.385400e+002,0,0,-1.000000e+000,-1.000000e+000
1.439900e+002,1.385400e+002,0,0,-1.000000e+000,-1.000000e+000
6.013800e+002,1.500400e+002,0,0,-1.000000e+000,-1.000000e+000
6.157100e+002,1.510900e+002,0,0,-1.000000e+000,-1.000000e+000
5.714300e+002,1.722000e+002,0,0,-1.000000e+000,-1.000000e+000
2.652900e+002,2.347300e+002,0,0,-1.000000e+000,-1.000000e+000
5.575600e+002,2.399800e+002,0,0,-1.000000e+000,-1.000000e+000
2.374600e+002,2.446900e+002,0,0,-1.000000e+000,-1.000000e+000
2.476000e+002,2.432100e+002,0,0,-1.000000e+000,-1.000000e+000
2.471400e+002,2.964400e+002,1,1,2.466200e+002,2.985800e+002
1.422100e+002,3.001100e+002,0,0,-1.000000e+000,-1.000000e+000
3.603500e+002,2.999200e+002,1,1,3.598900e+002,3.021100e+002
1.229400e+002,3.213800e+002,0,0,-1.000000e+000,-1.000000e+000
3.440000e+002,3.336100e+002,0,0,-1.000000e+000,-1.000000e+000
5.575000e+001,3.418500e+002,0,0,-1.000000e+000,-1.000000e+000
3.215300e+002,3.429600e+002,0,0,-1.000000e+000,-1.000000e+000
5.633900e+002,3.516900e+002,0,0,-1.000000e+000,-1.000000e+000
2.188100e+002,3.555800e+002,0,0,-1.000000e+000,-1.000000e+000
3.034400e+002,3.624000e+002,0,0,-1.000000e+000,-1.000000e+000
1.519200e+002,1.242000e+002,1,1,1.522100e+002,1.267800e+002
3.636500e+002,1.524000e+002,0,0,-1.000000e+000,-1.000000e+000
5.658900e+002,1.867500e+002,0,0,-1.000000e+000,-1.000000e+000
5.438800e+002,1.923500e+002,0,0,-1.000000e+000,-1.000000e+000
2.680500e+002,2.195100e+002,0,0,-1.000000e+000,-1.000000e+000
4.765600e+002,2.338400e+002,1,1,4.765800e+002,2.361100e+002
4.765600e+002,2.338400e+002,1,1,4.765800e+002,2.361100e+002
4.927900e+002,2.765200e+002,0,0,-1.000000e+000,-1.000000e+000
1.556800e+002,2.969900e+002,0,0,-1.000000e+000,-1.000000e+000
2.092700e+002,3.225100e+002,0,0,-1.000000e+000,-1.000000e+000
3.442200e+002,3.321500e+002,0,0,-1.000000e+000,-1.000000e+000
1.297600e+002,3.359300e+002,0,0,-1.000000e+000,-1.000000e+000
4.472200e+002,1.609900e+002,0,0,-1.000000e+000,-1.000000e+000
5.391400e+002,1.920300e+002,0,0,-1.000000e+000,-1.000000e+000
5.683500e+002,2.092900e+002,1,1,5.687100e+002,2.115200e+002
4.645400e+002,2.516000e+002,0,0,-1.000000e+000,-1.000000e+000
1.497300e+002,2.552100e+002,0,0,-1.000000e+000,-1.000000e+000
1.268900e+002,2.815600e+002,0,0,-1.000000e+000,-1.000000e+000
2.515400e+002,3.267900e+002,0,0,-1.000000e+000,-1.000000e+000
2.515400e+002,3.267900e+002,0,0,-1.000000e+000,-1.000000e+000
2.310100e+002,3.418700e+002,0,0,-1.000000e+000,-1.000000e+000
4.057600e+002,1.479400e+002,0,0,-1.000000e+000,-1.000000e+000
3.989700e+002,1.755400e+002,0,0,-1.000000e+000,-1.000000e+000
3.419200e+002,1.850000e+002,0,0,-1.000000e+000,-1.000000e+000
4.596800e+002,2.516300e+002,0,0,-1.000000e+000,-1.000000e+000
1.072200e+002,3.474300e+002,0,0,-1.000000e+000,-1.000000e+000
3.611000e+001,3.525500e+002,0,0,-1.000000e+000,-1.000000e+000
5.192200e+002,1.901800e+002,1,1,5.181700e+002,1.924000e+002
1.811700e+002,1.996300e+002,1,1,1.814600e+002,2.022000e+002
1.811700e+002,1.996300e+002,1,1,1.814600e+002,2.022000e+002
2.393500e+002,2.147000e+002,1,1,2.395000e+002,2.171100e+002
2.393500e+002,2.147000e+002,1,1,2.395000e+002,2.171100e+002
5.331300e+002,2.257600e+002,0,0,-1.000000e+000,-1.000000e+000
2.757900e+002,2.584000e+002,0,0,-1.000000e+000,-1.000000e+000
1.098200e+002,3.137700e+002,0,0,-1.000000e+000,-1.000000e+000
5.981000e+001,3.285100e+002,1,1,5.966000e+001,3.304500e+002
2.502300e+002,3.565100e+002,0,0,-1.000000e+000,-1.000000e+000
5.853800e+002,3.118600e+002,0,0,-1.000000e+000,-1.000000e+000
4.998900e+002,1.895700e+002,0,0,-1.000000e+000,-1.000000e+000
2.192500e+002,2.807500e+002,0,0,-1.000000e+000,-1.000000e+000
4.478400e+002,2.937300e+002,0,0,-1.000000e+000,-1.000000e+000
3.342100e+002,2.436600e+002,1,1,3.360400e+002,2.470700e+002
3.342100e+002,2.436600e+002,1,1,3.360400e+002,2.470700e+002
4.965400e+002,4.160400e+002,0,0,-1.000000e+000,-1.000000e+000
2.939100e+002,3.222800e+002,0,0,-1.000000e+000,-1.000000e+000
1.558100e+002,3.707100e+002,0,0,1.000000e+000,-1.000000e+000